[
  {
    "import": {
      "scene": "content/enlisted/gamedata/scenes/tutorial/_common_training_ground.blk"
    }
  },
  {
    "entity": {
      "_template": "vw_kubelwagen",
      "transform": [
        [-0.451933,0.0270005,0.891643],
        [0.0270005,0.999498,-0.0165812],
        [-0.891643,0.0165812,-0.452435],
        [-543.52,9.74066,171.357]
      ]
    }
  },
  {
    "entity": {
      "_template": "us_halftrack_m13_pacific",
      "transform": [
        [-0.683432,-0.0517878,0.728175],
        [-0.0432761,0.9986,0.0304036],
        [-0.728731,-0.0107338,-0.684716],
        [-471.227,10.5555,361.381]
      ],
      "team": 2,
      "vehicle_seats__autoDetectRestrictToTeam": false
    }
  },
  {
    "entity": {
      "_template": "us_m2a4_pacific",
      "transform": [
        [-0.72046,0.0266385,-0.692984],
        [0.0125488,0.999599,0.0253785],
        [0.693383,0.00958807,-0.720506],
        [-432.816,10.607,380.99]
      ],
      "team": 2,
      "vehicle_seats__autoDetectRestrictToTeam": false
    }
  },
  {
    "entity": {
      "_template": "uk_a13_mk_2_1938",
      "transform": [
        [-0.68495,0.0969137,-0.722116],
        [-0.00812819,0.990036,0.14058],
        [0.728545,0.10216,-0.677337],
        [-391.827,11.1845,380.095]
      ],
      "team": 2,
      "vehicle_seats__autoDetectRestrictToTeam": false
    }
  },
  {
    "entity": {
      "_template": "us_m3a1_stuart_pacific",
      "transform": [
        [-0.684797,0.0180404,0.72851],
        [0.000387198,0.999702,-0.0243921],
        [-0.728734,-0.0164215,-0.6846],
        [-428.569,11.0576,360.405]
      ],
      "team": 2,
      "vehicle_seats__autoDetectRestrictToTeam": false
    }
  },
  {
    "entity": {
      "_template": "us_m3a1_stuart_flame_pacific",
      "transform": [
        [-0.696377,-0.0140765,-0.717538],
        [0.0316151,0.998235,-0.0502658],
        [0.71698,-0.057689,-0.694703],
        [-358.312,11.5208,378.973]
      ],
      "team": 2,
      "vehicle_seats__autoDetectRestrictToTeam": false
    }
  },
  {
    "entity": {
      "_template": "uk_daimler_mk_2",
      "transform": [
        [-0.61535,0.0530714,-0.786465],
        [-0.0119608,0.996987,0.0766361],
        [0.788163,0.0565648,-0.612862],
        [-326.782,11.9492,375.861]
      ],
      "team": 2,
      "vehicle_seats__autoDetectRestrictToTeam": false
    }
  },
  {
    "entity": {
      "_template": "us_m5a1_stuart_late",
      "transform": [
        [-0.602421,0.0531619,0.796406],
        [0.0201764,0.998475,-0.0513886],
        [-0.797923,-0.014889,-0.602575],
        [-383.039,11.5519,361.287]
      ],
      "team": 2,
      "vehicle_seats__autoDetectRestrictToTeam": false
    }
  },
  {
    "entity": {
      "_template": "us_m8_scott_pacific",
      "transform": [
        [-0.766805,0.0891545,-0.635658],
        [-0.0674668,0.973627,0.217943],
        [0.638324,0.210006,-0.740567],
        [-340.943,11.8711,418.001]
      ],
      "team": 2,
      "vehicle_seats__autoDetectRestrictToTeam": false
    }
  },
  {
    "entity": {
      "_template": "uk_mk_1_grant",
      "transform": [
        [-0.836239,0.0262583,0.547737],
        [-0.00264058,0.998648,-0.0519064],
        [-0.548359,-0.0448525,-0.835039],
        [-437.135,10.6501,394.735]
      ],
      "team": 2,
      "vehicle_seats__autoDetectRestrictToTeam": false
    }
  },
  {
    "entity": {
      "_template": "uk_crusader_mk_3",
      "transform": [
        [-0.789289,0.0425928,0.612543],
        [-0.0116442,0.996374,-0.0842863],
        [-0.613911,-0.0736588,-0.785931],
        [-394.085,10.9273,395.407]
      ],
      "team": 2,
      "vehicle_seats__autoDetectRestrictToTeam": false
    }
  },
  {
    "entity": {
      "_template": "uk_sherman_ii_tunis",
      "transform": [
        [-0.793458,-0.0763126,-0.603822],
        [-0.0476097,0.99685,-0.0634227],
        [0.60676,-0.0215755,-0.794592],
        [-411.635,12.7933,422.722]
      ],
      "team": 2,
      "vehicle_seats__autoDetectRestrictToTeam": false
    }
  },
  {
    "entity": {
      "_template": "us_m4a2_sherman_1944",
      "transform": [
        [-0.70977,-0.054671,0.702309],
        [0.0207918,0.994924,0.0984621],
        [-0.704127,0.0844877,-0.70503],
        [-341.326,11.7109,393.736]
      ],
      "team": 2,
      "vehicle_seats__autoDetectRestrictToTeam": false
    }
  },
  {
    "entity": {
      "_template": "us_m4a3_105_sherman_pacific",
      "transform": [
        [-0.737945,-0.086168,0.669337],
        [-0.0491424,0.996043,0.0740475],
        [-0.673069,0.0217502,-0.73926],
        [-411.387,11.3359,434.747]
      ],
      "team": 2,
      "vehicle_seats__autoDetectRestrictToTeam": false
    }
  },
  {
    "entity": {
      "_template": "us_m10_wolverine",
      "transform": [
        [-0.883069,-0.00819931,-0.469172],
        [-0.0466651,0.996426,0.0704187],
        [0.466917,0.0840785,-0.880295],
        [-296.752,12.6796,455.511]
      ],
      "team": 2,
      "vehicle_seats__autoDetectRestrictToTeam": false
    }
  },
  {
    "entity": {
      "_template": "us_m4a3e2_sherman_jumbo",
      "transform": [
        [-0.763163,0.0814104,-0.641058],
        [-0.0323223,0.985982,0.163693],
        [0.645398,0.145644,-0.749833],
        [-389.226,12.1635,456.917]
      ],
      "team": 2,
      "vehicle_seats__autoDetectRestrictToTeam": false
    }
  },
  {
    "entity": {
      "_template": "us_m4a1_76w_sherman_normandy",
      "transform": [
        [-0.666674,-0.0536456,0.743416],
        [-0.0271364,0.998492,0.047717],
        [-0.744855,0.0116381,-0.667125],
        [-323.87,11.8041,434.451]
      ],
      "team": 2,
      "vehicle_seats__autoDetectRestrictToTeam": false
    }
  },
  {
    "entity": {
      "_template": "us_m18_hellcat_normandy",
      "transform": [
        [-0.810782,-0.00847362,0.585287],
        [0.0523198,0.994844,0.0868803],
        [-0.583005,0.101063,-0.806158],
        [-445.751,10.6691,475.573]
      ],
      "team": 2,
      "vehicle_seats__autoDetectRestrictToTeam": false
    }
  },
  {
    "entity": {
      "_template": "us_m4a2_76w_sherman",
      "transform": [
        [-0.686961,-0.0841327,0.721808],
        [-0.031115,0.99577,0.0864523],
        [-0.726028,0.0369303,-0.686673],
        [-334.447,11.921,475.86]
      ],
      "team": 2,
      "vehicle_seats__autoDetectRestrictToTeam": false
    }
  },
  {
    "entity": {
      "_template": "us_m18_hellcat_normandy",
      "transform": [
        [-0.775578,0.0168037,-0.631028],
        [0.00775748,0.999824,0.01709],
        [0.631204,0.00835941,-0.775571],
        [-153.856,14.7773,492.282]
      ],
      "team": 2,
      "vehicle_seats__autoDetectRestrictToTeam": false
    }
  },
  {
    "entity": {
      "_template": "us_m4a2_76w_sherman",
      "transform": [
        [-0.668075,-0.0251106,0.74367],
        [-0.0310473,0.999501,0.00585759],
        [-0.743446,-0.0191757,-0.668521],
        [-3.73593,17.1935,473.225]
      ],
      "team": 2,
      "vehicle_seats__autoDetectRestrictToTeam": false
    }
  },
  {
    "entity": {
      "_template": "team_pacific_allies+team_narrator_invasion_defence+respawn_creators_team",
      "team__countAdd": 0.0,
      "team__memberCount": 0.0,
      "team__scoreCap": 0.0,
      "team__capturePenalty": 0.0,
      "team__score": 0.0,
      "team__id": 2,
      "team__spawnBotArmy": "normandy_allies",
      "team__briefing": "practice_mode/goals",
      "team__winTitle": "debriefing/sucesful_tutorial_title",
      "team__winSubtitle": "debriefing/sucesful_tutorial_subtitle",
      "team__locked": true,
      "team__capacity": 0
    }
  },
  {
    "entity": {
      "_template": "team_pacific_axis+team_narrator_invasion_attack+respawn_creators_team",
      "team__countAdd": 0.0,
      "team__memberCount": 0.0,
      "team__scoreCap": 0.0,
      "team__capturePenalty": 0.0,
      "team__score": 0.0,
      "team__id": 1,
      "team__spawnBotArmy": "normandy_axis",
      "team__briefing": "practice_mode/goals",
      "team__winTitle": "debriefing/sucesful_tutorial_title",
      "team__winSubtitle": "debriefing/sucesful_tutorial_subtitle"
    }
  },
  {
    "entity": {
      "_template": "type_hei_rifle_gun_item+item_in_world+visibility_traceable_item+ui_visible+disable_update",
      "transform": [
        [0.0519787,-0.0278883,0.998257],
        [-0.97343,0.221814,0.0568829],
        [-0.223013,-0.97469,-0.0156189],
        [-533.837,8.75578,149.958]
      ],
      "animchar__updatable": false
    }
  },
  {
    "entity": {
      "_template": "type_hei_rifle_magazine+item_in_world+disable_update",
      "transform": [
        [0.0191699,0.999815,-0.000797103],
        [-0.0198382,-0.000416725,-0.999802],
        [-0.99962,0.019182,0.0198266],
        [-533.519,9.37509,149.867]
      ],
      "animchar__updatable": false
    }
  },
  {
    "entity": {
      "_template": "mp_34_jp_gun_item+item_in_world+visibility_traceable_item+ui_visible+disable_update",
      "transform": [
        [-0.0783348,0.994887,-0.0637326],
        [0.767155,0.100983,0.633464],
        [0.636661,0.00072963,-0.771143],
        [-533.316,9.38979,151.965]
      ],
      "animchar__updatable": false
    }
  },
  {
    "entity": {
      "_template": "mp_28_jp_gun_item+item_in_world+visibility_traceable_item+ui_visible+disable_update",
      "transform": [
        [0.504009,-0.152027,0.850212],
        [0.237426,0.970852,0.0328518],
        [-0.830424,0.185304,0.525413],
        [-533.416,9.44774,151.501]
      ],
      "animchar__updatable": false
    }
  },
  {
    "entity": {
      "_template": "nambu_type_14_gun_item+item_in_world+visibility_traceable_item+ui_visible+disable_update",
      "transform": [
        [-0.00249549,-0.999239,0.0388814],
        [0.72806,0.0248383,0.685063],
        [-0.685508,0.0300176,0.727445],
        [-533.54,9.37167,149.442]
      ],
      "animchar__updatable": false
    }
  },
  {
    "entity": {
      "_template": "hamada_type_1_gun_item+item_in_world+visibility_traceable_item+ui_visible+disable_update",
      "transform": [
        [0.00655389,-0.999974,0.00220174],
        [0.962968,0.00690479,0.269527],
        [-0.269535,0.000353757,0.962989],
        [-533.282,9.3713,149.752]
      ],
      "animchar__updatable": false
    }
  },
  {
    "entity": {
      "_template": "type_97_antitank_canon_scaled_gun_item+item_in_world+visibility_traceable_item+ui_visible+disable_update",
      "transform": [
        [0.800362,-0.585366,0.129472],
        [-0.0412784,0.161642,0.985987],
        [-0.598091,-0.794491,0.10521],
        [-534.016,9.00469,151.593]
      ],
      "animchar__updatable": false
    }
  },
  {
    "entity": {
      "_template": "type_11_lmg_gun_item+item_in_world+visibility_traceable_item+ui_visible+disable_update",
      "transform": [
        [0.697308,-0.387513,0.602985],
        [-0.588942,0.169737,0.79015],
        [-0.408543,-0.906102,-0.109865],
        [-533.885,8.92273,151.903]
      ],
      "animchar__updatable": false
    }
  },
  {
    "entity": {
      "_template": "type_11_lmg_magazine+item_in_world+visibility_traceable_item+ui_visible+disable_update",
      "transform": [
        [-0.0508077,0.998455,0.0223672],
        [0.0680057,-0.0188855,0.997507],
        [0.996389,0.0522022,-0.0669412],
        [-533.145,9.37026,151.995]
      ],
      "animchar__updatable": false
    }
  },
  {
    "entity": {
      "_template": "type_hei_rifle_magazine+item_in_world+visibility_traceable_item+ui_visible+disable_update",
      "transform": [
        [0.024379,-0.987087,0.158311],
        [0.27864,0.158792,0.947178],
        [-0.960085,0.0210205,0.278913],
        [-533.455,9.37042,149.98]
      ],
      "animchar__updatable": false
    }
  },
  {
    "entity": {
      "_template": "type_hei_rifle_magazine+item_in_world+visibility_traceable_item+ui_visible+disable_update",
      "transform": [
        [0.21982,-0.945743,0.239265],
        [0.851025,0.305806,0.426896],
        [-0.476902,0.10978,0.872072],
        [-533.548,9.37978,149.964]
      ],
      "animchar__updatable": false
    }
  },
  {
    "entity": {
      "_template": "type_hei_rifle_magazine+item_in_world+visibility_traceable_item+ui_visible+disable_update",
      "transform": [
        [-0.0296924,-0.998983,0.033892],
        [-0.000674327,0.0339269,0.999424],
        [-0.999558,0.0296525,-0.00168102],
        [-533.605,9.37436,150.022]
      ],
      "animchar__updatable": false
    }
  },
  {
    "entity": {
      "_template": "type_11_lmg_magazine+item_in_world+visibility_traceable_item+ui_visible+disable_update",
      "transform": [
        [-0.0318522,0.998618,0.0417415],
        [-0.184662,0.0351641,-0.982173],
        [-0.982285,-0.0389925,0.183287],
        [-533.18,9.37481,152.236]
      ],
      "animchar__updatable": false
    }
  },
  {
    "entity": {
      "_template": "mp34o_magazine+item_in_world+visibility_traceable_item+ui_visible+disable_update",
      "transform": [
        [0.0455451,-0.998884,0.0123621],
        [0.0207735,-0.0114252,-0.99972],
        [0.998746,0.0457892,0.02023],
        [-533.526,9.38001,151.855]
      ],
      "animchar__updatable": false
    }
  },
  {
    "entity": {
      "_template": "nambu_type_14_magazine+item_in_world+visibility_traceable_item+ui_visible+disable_update",
      "transform": [
        [0.97314,0.0224473,0.229104],
        [0.012851,-0.99898,0.0432932],
        [0.229843,-0.0391863,-0.972438],
        [-533.496,9.38637,152.046]
      ],
      "animchar__updatable": false
    }
  },
  {
    "entity": {
      "_template": "type_11_lmg_magazine+item_in_world+visibility_traceable_item+ui_visible+disable_update",
      "transform": [
        [-0.0063091,0.998816,0.0481596],
        [0.991409,0.0125403,-0.130203],
        [-0.130653,0.0469244,-0.990315],
        [-533.314,9.36882,152.333]
      ],
      "animchar__updatable": false
    }
  },
  {
    "entity": {
      "_template": "nambu_type_14_gun_item+item_in_world+visibility_traceable_item+ui_visible+disable_update",
      "transform": [
        [0.0111442,-0.999929,0.0035756],
        [-0.382014,-0.0075621,-0.924127],
        [0.924089,0.00893275,-0.382072],
        [-533.142,9.37464,149.233]
      ],
      "animchar__updatable": false
    }
  },
  {
    "entity": {
      "_template": "mp34o_magazine+item_in_world+visibility_traceable_item+ui_visible+disable_update",
      "transform": [
        [0.0784584,0.996692,-0.0211064],
        [-0.0277001,0.0233431,0.999345],
        [0.996531,-0.0778223,0.0294399],
        [-533.47,9.3737,151.817]
      ],
      "animchar__updatable": false
    }
  },
  {
    "entity": {
      "_template": "nambu_type_14_magazine+item_in_world+visibility_traceable_item+ui_visible+disable_update",
      "transform": [
        [0.419243,0.0988578,0.902472],
        [0.0149147,-0.99467,0.102029],
        [0.907751,-0.0293148,-0.418484],
        [-533.582,9.3856,152.047]
      ],
      "animchar__updatable": false
    }
  },
  {
    "entity": {
      "_template": "nambu_type_14_magazine+item_in_world+visibility_traceable_item+ui_visible+disable_update",
      "transform": [
        [-0.863485,-0.182104,-0.470348],
        [-0.175866,0.982727,-0.0576178],
        [0.472717,0.0329659,-0.880597],
        [-533.315,9.36271,149.363]
      ],
      "animchar__updatable": false
    }
  },
  {
    "entity": {
      "_template": "type_97_antitank_canon_magazine+item_in_world+visibility_traceable_item+ui_visible+disable_update",
      "transform": [
        [0.0718462,0.997267,-0.0171592],
        [-0.951853,0.0736944,0.297566],
        [0.298018,-0.00504603,0.954547],
        [-533.547,9.38424,151.416]
      ],
      "animchar__updatable": false
    }
  },
  {
    "entity": {
      "_template": "type_97_antitank_canon_magazine+item_in_world+visibility_traceable_item+ui_visible+disable_update",
      "transform": [
        [0.010052,0.999898,0.0100779],
        [0.0157848,-0.0102359,0.999823],
        [0.999824,-0.00989117,-0.0158861],
        [-533.439,9.39453,151.345]
      ],
      "animchar__updatable": false
    }
  },
  {
    "entity": {
      "_template": "nambu_type_94_magazine+item_in_world+visibility_traceable_item+ui_visible+disable_update",
      "transform": [
        [0.00409794,-0.999941,0.00999378],
        [0.939668,0.000431945,-0.342091],
        [0.342067,0.0107927,0.939613],
        [-533.333,9.37169,149.57]
      ],
      "animchar__updatable": false
    }
  },
  {
    "entity": {
      "_template": "nambu_type_94_magazine+item_in_world+visibility_traceable_item+ui_visible+disable_update",
      "transform": [
        [-0.00474907,-0.996391,-0.0847427],
        [0.892392,0.0340171,-0.449978],
        [0.451236,-0.0777607,0.88901],
        [-533.441,9.36893,149.521]
      ],
      "animchar__updatable": false
    }
  },
  {
    "entity": {
      "_template": "nambu_type_94_magazine+item_in_world+visibility_traceable_item+ui_visible+disable_update",
      "transform": [
        [0.00786156,-0.99992,0.00980143],
        [0.887038,0.00244846,-0.461691],
        [0.46163,0.0123239,0.886986],
        [-533.47,9.37208,149.639]
      ],
      "animchar__updatable": false
    }
  },
  {
    "entity": {
      "_template": "type_97_grenade_item+item_in_world",
      "transform": [
        [1.0,0.0,0.0],
        [0.0,1.0,0.0],
        [0.0,0.0,1.0],
        [-533.533,9.36226,149.115]
      ]
    }
  },
  {
    "entity": {
      "_template": "type_97_grenade_item+item_in_world",
      "transform": [
        [-0.0160893,0.0,0.999871],
        [0.0,1.0,0.0],
        [-0.999871,0.0,-0.0160893],
        [-533.579,9.36226,149.04]
      ]
    }
  },
  {
    "entity": {
      "_template": "type_91_incendiary_grenade_item+item_in_world",
      "transform": [
        [1.0,0.0,0.0],
        [0.0,1.0,0.0],
        [0.0,0.0,1.0],
        [-533.252,9.36226,149.039]
      ]
    }
  },
  {
    "entity": {
      "_template": "type_97_grenade_item+item_in_world",
      "transform": [
        [0.665436,-0.721385,0.191832],
        [-0.35007,-0.0746153,0.933747],
        [-0.659277,-0.688503,-0.302187],
        [-533.474,9.39243,148.991]
      ]
    }
  },
  {
    "entity": {
      "_template": "type_91_incendiary_grenade_item+item_in_world",
      "transform": [
        [-0.920046,0.0,0.39181],
        [0.0,1.0,0.0],
        [-0.39181,0.0,-0.920046],
        [-533.347,9.36226,149.107]
      ]
    }
  },
  {
    "entity": {
      "_template": "base_fortification_build+tutorial_ammunition_box_a",
      "transform": [
        [1.0,0.0,0.0],
        [0.0,1.0,0.0],
        [0.0,0.0,1.0],
        [-534.719,9.33534,147.629]
      ],
      "team": 1,
      "grenadeResupplyItem": "type_97_grenade_item",
      "useful_box__maxUseCount": 99999
    }
  },
  {
    "entity": {
      "_template": "base_fortification_build+tutorial_ammunition_box_a",
      "transform": [
        [0.132376,0.0,-0.9912],
        [0.0,1.0,0.0],
        [0.9912,0.0,0.132376],
        [-534.323,8.74444,135.094]
      ],
      "team": 1,
      "grenadeResupplyItem": "type_97_grenade_item",
      "useful_box__maxUseCount": 99999
    }
  },
  {
    "entity": {
      "_template": "base_fortification_build+tutorial_ammunition_box_a",
      "transform": [
        [0.865467,0.0,-0.500967],
        [0.0,1.0,0.0],
        [0.500967,0.0,0.865467],
        [-523.659,10.1247,375.179]
      ],
      "team": 1,
      "grenadeResupplyItem": "type_97_grenade_item",
      "useful_box__maxUseCount": 99999
    }
  },
  {
    "entity": {
      "_template": "base_fortification_build+tutorial_ammunition_box_a",
      "transform": [
        [0.999566,0.0,0.0294573],
        [0.0,1.0,0.0],
        [-0.0294573,0.0,0.999566],
        [-523.193,10.2259,402.607]
      ],
      "team": 1,
      "grenadeResupplyItem": "type_97_grenade_item",
      "useful_box__maxUseCount": 99999
    }
  },
  {
    "entity": {
      "_template": "base_fortification_build+tutorial_ammunition_box_a",
      "transform": [
        [0.999566,0.0,0.0294573],
        [0.0,1.0,0.0],
        [-0.0294573,0.0,0.999566],
        [-529.568,10.0852,482.533]
      ],
      "team": 1,
      "grenadeResupplyItem": "type_97_grenade_item",
      "useful_box__maxUseCount": 99999
    }
  },
  {
    "entity": {
      "_template": "gewehr_43_magazine+item_in_world",
      "transform": [
        [-0.996336,-0.00315987,-0.0854535],
        [0.0854975,-0.0187253,-0.996161],
        [0.00154776,-0.99982,0.0189268],
        [-533.571,9.37502,149.756]
      ]
    }
  },
  {
    "entity": {
      "_template": "gewehr_43_magazine+item_in_world",
      "transform": [
        [-0.996336,-0.00315987,-0.0854535],
        [0.0854975,-0.0187253,-0.996161],
        [0.00154776,-0.99982,0.0189268],
        [-533.628,9.37502,149.949]
      ]
    }
  }
]