[
  {
    "import": {
      "scene": "content/enlisted/gamedata/scenes/tutorial/_common_training_ground.blk"
    }
  },
  {
    "entity": {
      "_template": "willys_mb",
      "transform": [
        [-0.451933,0.0270005,0.891643],
        [0.0270005,0.999498,-0.0165812],
        [-0.891643,0.0165812,-0.452435],
        [-543.52,9.74066,171.357]
      ]
    }
  },
  {
    "entity": {
      "_template": "germ_pzkpfw_II_ausf_C",
      "transform": [
        [-0.659303,-0.0329297,-0.751156],
        [-0.0264722,0.999438,-0.020579],
        [0.751411,0.00631693,-0.659804],
        [-450.521,10.3916,381.604]
      ],
      "team": 2,
      "vehicle_seats__autoDetectRestrictToTeam": false
    }
  },
  {
    "entity": {
      "_template": "it_ab_41",
      "transform": [
        [-0.821488,-0.164637,-0.545942],
        [-0.0242787,0.966643,-0.254973],
        [0.569709,-0.196202,-0.798083],
        [-419.452,13.3847,381.94]
      ],
      "team": 2,
      "vehicle_seats__autoDetectRestrictToTeam": false
    }
  },
  {
    "entity": {
      "_template": "it_m14_41",
      "transform": [
        [-0.737522,-0.107958,-0.666638],
        [-0.0380518,0.992214,-0.118586],
        [0.67425,-0.0620931,-0.735888],
        [-483.68,10.4996,381.721]
      ],
      "team": 2,
      "vehicle_seats__autoDetectRestrictToTeam": false
    }
  },
  {
    "entity": {
      "_template": "germ_pzkpfw_III_ausf_B",
      "transform": [
        [-0.716212,0.0396497,-0.696755],
        [-0.0275719,0.995998,0.0850202],
        [0.697338,0.0801034,-0.712252],
        [-393.09,11.0582,380.043]
      ],
      "team": 2,
      "vehicle_seats__autoDetectRestrictToTeam": false
    }
  },
  {
    "entity": {
      "_template": "germ_pzkpfw_III_ausf_E",
      "transform": [
        [-0.790555,0.0555244,-0.609869],
        [-0.0212353,0.992797,0.117914],
        [0.612023,0.106168,-0.783681],
        [-349.327,13.1068,378.0]
      ],
      "team": 2,
      "vehicle_seats__autoDetectRestrictToTeam": false
    }
  },
  {
    "entity": {
      "_template": "it_m41_75_32",
      "transform": [
        [-0.77275,-0.04167,-0.633341],
        [0.0182399,0.995973,-0.0877837],
        [0.634449,-0.0793869,-0.768878],
        [-320.62,12.3215,373.588]
      ],
      "team": 2,
      "vehicle_seats__autoDetectRestrictToTeam": false
    }
  },
  {
    "entity": {
      "_template": "germ_pzkpfw_III_ausf_J",
      "transform": [
        [-0.581408,-0.0779631,-0.809868],
        [-0.0419987,0.996947,-0.0658215],
        [0.812527,-0.00425576,-0.582907],
        [-506.235,10.0662,381.211]
      ],
      "team": 2,
      "vehicle_seats__autoDetectRestrictToTeam": false
    }
  },
  {
    "entity": {
      "_template": "jp_type_95_ha_go_pacific",
      "transform": [
        [-0.836643,0.00309033,0.54774],
        [-0.00398127,0.999923,-0.0117227],
        [-0.547735,-0.0119884,-0.836566],
        [-425.29,11.1264,360.859]
      ],
      "team": 2,
      "vehicle_seats__autoDetectRestrictToTeam": false
    }
  },
  {
    "entity": {
      "_template": "jp_type_2_ka_mi_pacific",
      "transform": [
        [-0.741448,-0.00952739,0.670942],
        [-0.012619,0.99992,0.000253828],
        [-0.670892,-0.00827842,-0.741509],
        [-484.07,10.5641,362.61]
      ],
      "team": 2,
      "vehicle_seats__autoDetectRestrictToTeam": false
    }
  },
  {
    "entity": {
      "_template": "germ_sdkfz_234_2",
      "transform": [
        [-0.81216,0.0449862,-0.581697],
        [-0.0151636,0.995058,0.0981253],
        [0.583237,0.0885141,-0.807465],
        [-499.558,10.0778,420.819]
      ],
      "team": 2,
      "vehicle_seats__autoDetectRestrictToTeam": false
    }
  },
  {
    "entity": {
      "_template": "germ_pzkpfw_iii_ausf_j1_moscow",
      "transform": [
        [-0.878042,-0.0721325,-0.473117],
        [-0.0677632,0.997355,-0.0262996],
        [0.473763,0.00896779,-0.880607],
        [-453.653,10.4728,422.108]
      ],
      "team": 2,
      "vehicle_seats__autoDetectRestrictToTeam": false
    }
  },
  {
    "entity": {
      "_template": "germ_pzkpfw_IV_ausf_E",
      "transform": [
        [-0.858782,0.00374411,-0.512328],
        [-0.0143287,0.999407,0.031322],
        [0.512141,0.0342397,-0.858218],
        [-480.844,10.399,421.406]
      ],
      "team": 2,
      "vehicle_seats__autoDetectRestrictToTeam": false
    }
  },
  {
    "entity": {
      "_template": "germ_pzkpfw_III_ausf_N",
      "transform": [
        [-0.820894,0.0360018,-0.569945],
        [-0.00774274,0.997218,0.0741434],
        [0.571028,0.0652768,-0.818331],
        [-322.6,12.2543,415.265]
      ],
      "team": 2,
      "vehicle_seats__autoDetectRestrictToTeam": false
    }
  },
  {
    "entity": {
      "_template": "germ_pzkpfw_IV_ausf_F",
      "transform": [
        [-0.865532,0.00127566,-0.500852],
        [-0.0177559,0.99929,0.0332296],
        [0.500538,0.0376544,-0.864895],
        [-391.705,11.3202,419.296]
      ],
      "team": 2,
      "vehicle_seats__autoDetectRestrictToTeam": false
    }
  },
  {
    "entity": {
      "_template": "germ_stug_iii_ausf_f",
      "transform": [
        [-0.856141,-0.0188761,-0.516397],
        [0.0154135,0.997955,-0.062033],
        [0.516512,-0.0610686,-0.8541],
        [-419.843,10.9502,421.853]
      ],
      "team": 2,
      "vehicle_seats__autoDetectRestrictToTeam": false
    }
  },
  {
    "entity": {
      "_template": "germ_pzkpfw_iv_ausf_f2",
      "transform": [
        [-0.868643,-0.00794901,-0.495374],
        [-0.0413669,0.997543,0.0565302],
        [0.493708,0.0695967,-0.866838],
        [-350.204,11.7077,417.965]
      ],
      "team": 2,
      "vehicle_seats__autoDetectRestrictToTeam": false
    }
  },
  {
    "entity": {
      "_template": "jp_type_2_ho_i_pacific",
      "transform": [
        [-0.805092,0.027784,0.592498],
        [0.0273533,0.999579,-0.00970522],
        [-0.592518,0.00839318,-0.805513],
        [-452.058,11.7539,395.935]
      ],
      "team": 2,
      "vehicle_seats__autoDetectRestrictToTeam": false
    }
  },
  {
    "entity": {
      "_template": "jp_type_3_ho_ni_i_pacific",
      "transform": [
        [-0.702453,0.0129501,0.711613],
        [0.0266714,0.999611,0.00813686],
        [-0.711231,0.0246954,-0.702525],
        [-418.173,11.0073,395.643]
      ],
      "team": 2,
      "vehicle_seats__autoDetectRestrictToTeam": false
    }
  },
  {
    "entity": {
      "_template": "jp_type_97_chi_ha_12cm_pacific",
      "transform": [
        [-0.746099,0.0607468,0.663059],
        [-0.00173019,0.995649,-0.0931643],
        [-0.665833,-0.070657,-0.742747],
        [-384.487,11.1332,396.0]
      ],
      "team": 2,
      "vehicle_seats__autoDetectRestrictToTeam": false
    }
  },
  {
    "entity": {
      "_template": "germ_pzkpfw_IV_ausf_J",
      "transform": [
        [-0.766582,0.0550395,-0.639783],
        [0.0148514,0.997573,0.0680248],
        [0.641974,0.0426449,-0.765539],
        [-378.688,11.2332,459.511]
      ],
      "team": 2,
      "vehicle_seats__autoDetectRestrictToTeam": false
    }
  },
  {
    "entity": {
      "_template": "germ_pzkpfw_IV_ausf_H",
      "transform": [
        [-0.873251,0.0386496,-0.485734],
        [-0.0223528,0.992622,0.119168],
        [0.486757,0.114921,-0.865945],
        [-460.242,10.639,459.335]
      ],
      "team": 2,
      "vehicle_seats__autoDetectRestrictToTeam": false
    }
  },
  {
    "entity": {
      "_template": "germ_pzkpfw_V_ausf_a_panther",
      "transform": [
        [-0.779942,0.028164,-0.625218],
        [0.0231241,0.999602,0.016182],
        [0.625425,-0.00183664,-0.780282],
        [-295.07,12.1709,459.434]
      ],
      "team": 2,
      "vehicle_seats__autoDetectRestrictToTeam": false
    }
  },
  {
    "entity": {
      "_template": "germ_pzkpfw_V_ausf_g_panther",
      "transform": [
        [-0.716313,0.0515998,-0.695868],
        [-0.018182,0.995543,0.0925374],
        [0.697542,0.078938,-0.712183],
        [-230.605,13.4767,455.943]
      ],
      "team": 2,
      "vehicle_seats__autoDetectRestrictToTeam": false
    }
  },
  {
    "entity": {
      "_template": "jp_type_3_chi_nu_pacific",
      "transform": [
        [-0.742559,0.0693037,0.666185],
        [-0.0131247,0.992936,-0.117925],
        [-0.669652,-0.09631,-0.736404],
        [-416.182,10.8907,436.349]
      ],
      "team": 2,
      "vehicle_seats__autoDetectRestrictToTeam": false
    }
  },
  {
    "entity": {
      "_template": "germ_panzerjager_iv_l_48_normandy",
      "transform": [
        [-0.940618,-0.00237127,-0.339457],
        [0.000255781,0.99997,-0.00769403],
        [0.339465,-0.00732398,-0.94059],
        [-445.192,10.8836,493.719]
      ],
      "team": 2,
      "vehicle_seats__autoDetectRestrictToTeam": false
    }
  },
  {
    "entity": {
      "_template": "germ_panzerjager_iv_l_70_normandy",
      "transform": [
        [-0.9477,-0.00859168,-0.319046],
        [-0.00843226,0.999963,-0.00188095],
        [0.319051,0.000907704,-0.947737],
        [-391.779,11.4391,493.907]
      ],
      "team": 2,
      "vehicle_seats__autoDetectRestrictToTeam": false
    }
  },
  {
    "entity": {
      "_template": "germ_panzerjager_IV_L_70_A",
      "transform": [
        [-0.863289,0.00556116,-0.50468],
        [0.00745242,0.999971,-0.001729],
        [0.504655,-0.00525371,-0.863305],
        [-492.672,10.4725,493.018]
      ],
      "team": 2,
      "vehicle_seats__autoDetectRestrictToTeam": false
    }
  },
  {
    "entity": {
      "_template": "germ_pzkpfw_VI_ausf_E_tiger",
      "transform": [
        [-0.873269,-0.00476988,-0.487215],
        [-0.00606916,0.999981,0.00108828],
        [0.4872,0.00390734,-0.873282],
        [-336.458,12.0482,492.932]
      ],
      "team": 2,
      "vehicle_seats__autoDetectRestrictToTeam": false
    }
  },
  {
    "entity": {
      "_template": "germ_pzkpfw_vi_ausf_b_tiger_iip_berlin",
      "transform": [
        [-0.875532,-0.00619881,-0.483121],
        [-0.0106032,0.999923,0.00638571],
        [0.483044,0.0107135,-0.875531],
        [-174.042,14.4435,486.527]
      ],
      "team": 2,
      "vehicle_seats__autoDetectRestrictToTeam": false
    }
  },
  {
    "entity": {
      "_template": "germ_pzkpfw_vi_ausf_b_tiger_iih_berlin",
      "transform": [
        [-0.889285,-0.00535964,-0.457322],
        [-0.00897576,0.999943,0.00573486],
        [0.457265,0.00920474,-0.889283],
        [-256.369,13.2055,490.693]
      ],
      "team": 2,
      "vehicle_seats__autoDetectRestrictToTeam": false
    }
  },
  {
    "entity": {
      "_template": "jp_type_98_ta_se_pacific",
      "transform": [
        [-0.72087,0.00798489,0.693024],
        [-0.00410262,0.999867,-0.0157877],
        [-0.693058,-0.0142241,-0.720742],
        [-454.23,10.8434,360.918]
      ],
      "team": 2,
      "vehicle_seats__autoDetectRestrictToTeam": false
    }
  },
  {
    "entity": {
      "_template": "jp_type_98_ke_ni_pacific",
      "transform": [
        [-0.748554,-0.00283577,0.663068],
        [-0.0105606,0.999915,-0.00764578],
        [-0.66299,-0.0127257,-0.74852],
        [-393.863,11.4024,360.552]
      ],
      "team": 2,
      "vehicle_seats__autoDetectRestrictToTeam": false
    }
  },
  {
    "entity": {
      "_template": "team_usa+team_narrator_invasion_defence+respawn_creators_team",
      "team__countAdd": 0.0,
      "team__memberCount": 0.0,
      "team__scoreCap": 0.0,
      "team__capturePenalty": 0.0,
      "team__score": 0.0,
      "team__id": 1,
      "team__spawnBotArmy": "normandy_allies",
      "team__briefing": "practice_mode/goals",
      "team__winTitle": "debriefing/sucesful_tutorial_title",
      "team__winSubtitle": "debriefing/sucesful_tutorial_subtitle"
    }
  },
  {
    "entity": {
      "_template": "team_germany+team_narrator_invasion_attack+respawn_creators_team",
      "team__countAdd": 0.0,
      "team__memberCount": 0.0,
      "team__scoreCap": 0.0,
      "team__capturePenalty": 0.0,
      "team__score": 0.0,
      "team__id": 2,
      "team__spawnBotArmy": "normandy_axis",
      "team__briefing": "practice_mode/goals",
      "team__winTitle": "debriefing/sucesful_tutorial_title",
      "team__winSubtitle": "debriefing/sucesful_tutorial_subtitle",
      "team__locked": true,
      "team__capacity": 0
    }
  },
  {
    "entity": {
      "_template": "mk2_grenade_item+item_in_world+visibility_traceable_item+ui_visible+disable_update",
      "transform": [
        [0.764555,-0.508279,0.396364],
        [0.51422,0.110223,-0.850547],
        [0.388625,0.854109,0.345637],
        [-533.611,9.39065,149.585]
      ],
      "animchar__updatable": false
    }
  },
  {
    "entity": {
      "_template": "m1903a4_springfield_gun_item+item_in_world+visibility_traceable_item+ui_visible+disable_update",
      "transform": [
        [-0.93161,0.32929,0.153849],
        [-0.159954,0.00864752,-0.987088],
        [-0.326368,-0.944189,0.0446156],
        [-533.903,8.87567,149.962]
      ],
      "animchar__updatable": false
    }
  },
  {
    "entity": {
      "_template": "m3_submachine_gun_gun_item+item_in_world+visibility_traceable_item+ui_visible+disable_update",
      "transform": [
        [-0.00314189,-0.994446,-0.105182],
        [0.60058,-0.0859768,0.794929],
        [-0.799558,-0.0606736,0.597516],
        [-533.648,9.3927,152.279]
      ],
      "animchar__updatable": false
    }
  },
  {
    "entity": {
      "_template": "thompson_m1928a1_box_mag_gun_item+item_in_world+visibility_traceable_item+ui_visible+disable_update",
      "transform": [
        [0.0515395,0.9986,0.0118316],
        [0.980046,-0.0482968,-0.192821],
        [-0.191978,0.0215339,-0.981162],
        [-533.407,9.39204,151.497]
      ],
      "animchar__updatable": false
    }
  },
  {
    "entity": {
      "_template": "colt_new_service_m1909_gun_item+item_in_world+visibility_traceable_item+ui_visible+disable_update",
      "transform": [
        [0.0342758,0.982147,0.184961],
        [0.209738,0.173881,-0.962173],
        [-0.977157,0.0717733,-0.200034],
        [-533.402,9.3758,149.261]
      ],
      "animchar__updatable": false
    }
  },
  {
    "entity": {
      "_template": "m1911_colt_gun_item+item_in_world+visibility_traceable_item+ui_visible+disable_update",
      "transform": [
        [-0.0416443,0.996036,0.0785906],
        [0.59399,0.0879293,-0.799653],
        [-0.803394,0.0133821,-0.595297],
        [-533.648,9.37779,149.129]
      ],
      "animchar__updatable": false
    }
  },
  {
    "entity": {
      "_template": "m1911_colt_magazine+item_in_world+visibility_traceable_item+ui_visible+disable_update",
      "transform": [
        [0.0272961,0.995098,0.0950388],
        [-0.700987,-0.0487243,0.711507],
        [0.712652,-0.0860411,0.696222],
        [-533.552,9.38049,149.237]
      ],
      "animchar__updatable": false
    }
  },
  {
    "entity": {
      "_template": "m1_bazooka_gun_item+item_in_world+visibility_traceable_item+ui_visible+disable_update",
      "transform": [
        [-0.973221,0.0489467,0.224594],
        [0.224281,0.416275,0.881144],
        [-0.0503637,0.907921,-0.416104],
        [-533.213,9.81761,149.271]
      ],
      "animchar__updatable": false
    }
  },
  {
    "entity": {
      "_template": "browning_m1918_gun_item+item_in_world+visibility_traceable_item+ui_visible+disable_update",
      "transform": [
        [0.889353,-0.240163,0.389064],
        [-0.394177,0.0284369,0.918594],
        [-0.231677,-0.970315,-0.0693765],
        [-533.82,8.9702,152.012]
      ],
      "animchar__updatable": false
    }
  },
  {
    "entity": {
      "_template": "m30_luftwaffe_drilling_magazine+disable_update"
    }
  },
  {
    "entity": {
      "_template": "m6a1_bazooka_item+item_in_world+visibility_traceable_item+ui_visible+disable_update",
      "transform": [
        [-0.789947,0.609839,0.0638795],
        [-0.609952,-0.792187,0.0199937],
        [0.0627963,-0.0231701,0.997757],
        [-533.313,9.39485,149.885]
      ],
      "animchar__updatable": false
    }
  },
  {
    "entity": {
      "_template": "m1928a_thompson_magazine+item_in_world+visibility_traceable_item+ui_visible+disable_update",
      "transform": [
        [0.00810492,0.999797,0.0183776],
        [0.959968,-0.0129243,0.279813],
        [0.279994,0.0153745,-0.959877],
        [-533.642,9.37831,151.5]
      ],
      "animchar__updatable": false
    }
  },
  {
    "entity": {
      "_template": "m3_submachine_gun_magazine+item_in_world+visibility_traceable_item+ui_visible+disable_update",
      "transform": [
        [0.0198375,-0.993176,0.114899],
        [-0.995218,-0.00862362,0.0972986],
        [-0.0956428,-0.11628,-0.9886],
        [-533.268,9.37873,152.307]
      ],
      "animchar__updatable": false
    }
  },
  {
    "entity": {
      "_template": "m30_luftwaffe_drilling_magazine+disable_update"
    }
  },
  {
    "entity": {
      "_template": "m6a1_bazooka_item+item_in_world+visibility_traceable_item+ui_visible+disable_update",
      "transform": [
        [-0.798609,0.597863,0.0691533],
        [-0.598494,-0.801014,0.0135028],
        [0.0634649,-0.0306055,0.997514],
        [-533.101,9.39226,149.893]
      ],
      "animchar__updatable": false
    }
  },
  {
    "entity": {
      "_template": "browning_m1918_magazine+item_in_world+visibility_traceable_item+ui_visible+disable_update",
      "transform": [
        [0.010479,0.999605,-0.0260139],
        [0.0443382,-0.0264549,-0.998667],
        [-0.998959,0.00931303,-0.0445977],
        [-533.114,9.39399,152.281]
      ],
      "animchar__updatable": false
    }
  },
  {
    "entity": {
      "_template": "colt_new_service_m1909_magazine+item_in_world+visibility_traceable_item+ui_visible+disable_update",
      "transform": [
        [-0.987662,-0.0928919,0.12606],
        [-0.0917323,0.995672,0.0149872],
        [-0.126906,0.00323683,-0.991908],
        [-533.303,9.39538,149.094]
      ],
      "animchar__updatable": false
    }
  },
  {
    "entity": {
      "_template": "m1928a_thompson_magazine+item_in_world+visibility_traceable_item+ui_visible+disable_update",
      "transform": [
        [0.02446,0.999062,0.0356751],
        [0.998342,-0.0262717,0.0512384],
        [0.0521286,0.034363,-0.998048],
        [-533.606,9.38388,151.35]
      ],
      "animchar__updatable": false
    }
  },
  {
    "entity": {
      "_template": "m3_submachine_gun_magazine+item_in_world+visibility_traceable_item+ui_visible+disable_update",
      "transform": [
        [-0.0492742,-0.167635,-0.984614],
        [-0.998343,-0.0210932,0.0535518],
        [-0.029746,0.985623,-0.166317],
        [-533.284,9.38426,152.467]
      ],
      "animchar__updatable": false
    }
  },
  {
    "entity": {
      "_template": "m30_luftwaffe_drilling_magazine+disable_update"
    }
  },
  {
    "entity": {
      "_template": "m6a1_bazooka_item+item_in_world+visibility_traceable_item+ui_visible+disable_update",
      "transform": [
        [-0.781769,0.615506,0.0999461],
        [-0.611238,-0.78812,0.0725012],
        [0.123393,-0.00441311,0.992347],
        [-533.235,9.38905,149.948]
      ],
      "animchar__updatable": false
    }
  },
  {
    "entity": {
      "_template": "browning_m1918_magazine+item_in_world+visibility_traceable_item+ui_visible+disable_update",
      "transform": [
        [-0.0241704,0.998658,-0.0457592],
        [0.0715081,-0.0439282,-0.996473],
        [-0.997145,-0.0273565,-0.0703504],
        [-533.104,9.39188,152.434]
      ],
      "animchar__updatable": false
    }
  },
  {
    "entity": {
      "_template": "colt_new_service_m1909_magazine+item_in_world+visibility_traceable_item+ui_visible+disable_update",
      "transform": [
        [-0.873307,-0.0975182,0.477306],
        [-0.0335539,0.989475,0.140767],
        [-0.48601,0.106916,-0.867387],
        [-533.237,9.38737,149.114]
      ],
      "animchar__updatable": false
    }
  },
  {
    "entity": {
      "_template": "m1928a_thompson_magazine+item_in_world+visibility_traceable_item+ui_visible+disable_update",
      "transform": [
        [0.0383112,0.999214,-0.0100051],
        [0.993122,-0.0369656,0.111107],
        [0.11065,-0.0141927,-0.993757],
        [-533.617,9.3769,151.419]
      ],
      "animchar__updatable": false
    }
  },
  {
    "entity": {
      "_template": "m3_submachine_gun_magazine+item_in_world+visibility_traceable_item+ui_visible+disable_update",
      "transform": [
        [-0.0248348,-0.998994,-0.0372471],
        [-0.99722,0.027374,-0.069289],
        [0.070239,0.0354232,-0.996901],
        [-533.254,9.37171,152.407]
      ],
      "animchar__updatable": false
    }
  },
  {
    "entity": {
      "_template": "m1903_springfield_magazine+item_in_world+visibility_traceable_item+ui_visible+disable_update",
      "transform": [
        [-0.0330498,-0.998653,0.0399808],
        [-0.249005,0.046968,0.967362],
        [-0.967937,0.0220165,-0.250222],
        [-533.659,9.3675,149.863]
      ],
      "animchar__updatable": false
    }
  },
  {
    "entity": {
      "_template": "m1903_springfield_magazine+item_in_world+visibility_traceable_item+ui_visible+disable_update",
      "transform": [
        [-0.0442481,-0.999012,0.00409252],
        [-0.159684,0.0111161,0.987105],
        [-0.986174,0.0430249,-0.160019],
        [-533.597,9.37023,149.794]
      ],
      "animchar__updatable": false
    }
  },
  {
    "entity": {
      "_template": "mk2_grenade_item+item_in_world+visibility_traceable_item+ui_visible+disable_update",
      "transform": [
        [0.710091,-0.508279,0.487257],
        [0.614782,0.110223,-0.780958],
        [0.343235,0.854109,0.390748],
        [-533.521,9.39066,149.47]
      ],
      "animchar__updatable": false
    }
  },
  {
    "entity": {
      "_template": "mk2_grenade_item+item_in_world+visibility_traceable_item+ui_visible+disable_update",
      "transform": [
        [0.747712,-0.508279,0.42729],
        [0.548563,0.110223,-0.828813],
        [0.374169,0.854109,0.361237],
        [-533.609,9.39065,149.442]
      ],
      "animchar__updatable": false
    }
  },
  {
    "entity": {
      "_template": "m1911_colt_magazine+item_in_world+visibility_traceable_item+ui_visible+disable_update",
      "transform": [
        [0.0152457,0.996463,0.0826176],
        [-0.790694,-0.0385597,0.610996],
        [0.612022,-0.0746389,0.787311],
        [-533.607,9.38674,149.208]
      ],
      "animchar__updatable": false
    }
  },
  {
    "entity": {
      "_template": "base_fortification_build+tutorial_ammunition_box_a",
      "transform": [
        [1.0,0.0,0.0],
        [0.0,1.0,0.0],
        [0.0,0.0,1.0],
        [-534.719,9.33534,147.629]
      ],
      "team": 1,
      "grenadeResupplyItem": "mk2_grenade_item",
      "useful_box__maxUseCount": 99999
    }
  },
  {
    "entity": {
      "_template": "base_fortification_build+tutorial_ammunition_box_a",
      "transform": [
        [0.132376,0.0,-0.9912],
        [0.0,1.0,0.0],
        [0.9912,0.0,0.132376],
        [-534.323,8.74444,135.094]
      ],
      "team": 1,
      "grenadeResupplyItem": "mk2_grenade_item",
      "useful_box__maxUseCount": 99999
    }
  },
  {
    "entity": {
      "_template": "base_fortification_build+tutorial_ammunition_box_a",
      "transform": [
        [0.865467,0.0,-0.500967],
        [0.0,1.0,0.0],
        [0.500967,0.0,0.865467],
        [-523.659,10.1247,375.179]
      ],
      "team": 1,
      "grenadeResupplyItem": "mk2_grenade_item",
      "useful_box__maxUseCount": 99999
    }
  },
  {
    "entity": {
      "_template": "base_fortification_build+tutorial_ammunition_box_a",
      "transform": [
        [0.999566,0.0,0.0294573],
        [0.0,1.0,0.0],
        [-0.0294573,0.0,0.999566],
        [-523.193,10.2259,402.607]
      ],
      "team": 1,
      "grenadeResupplyItem": "mk2_grenade_item",
      "useful_box__maxUseCount": 99999
    }
  },
  {
    "entity": {
      "_template": "base_fortification_build+tutorial_ammunition_box_a",
      "transform": [
        [0.999566,0.0,0.0294573],
        [0.0,1.0,0.0],
        [-0.0294573,0.0,0.999566],
        [-529.568,10.0852,482.533]
      ],
      "team": 1,
      "grenadeResupplyItem": "mk2_grenade_item",
      "useful_box__maxUseCount": 99999
    }
  }
]