[
  {
    "import": {
      "scene": "content/enlisted/gamedata/scenes/tutorial/_common_training_ground.blk"
    }
  },
  {
    "entity": {
      "_template": "vw_kubelwagen",
      "transform": [
        [-0.451933,0.0270005,0.891643],
        [0.0270005,0.999498,-0.0165812],
        [-0.891643,0.0165812,-0.452435],
        [-543.52,9.74066,171.357]
      ]
    }
  },
  {
    "entity": {
      "_template": "ussr_t_60_1941",
      "transform": [
        [-0.562993,-0.028999,0.825953],
        [-0.0217262,0.999558,0.0202851],
        [-0.826176,-0.00652441,-0.563374],
        [-475.045,10.6833,361.549]
      ],
      "team": 2,
      "vehicle_seats__autoDetectRestrictToTeam": false
    }
  },
  {
    "entity": {
      "_template": "ussr_t_26_1940",
      "transform": [
        [-0.716745,0.021309,0.69701],
        [0.00524923,0.999669,-0.0251641],
        [-0.697316,-0.0143775,-0.71662],
        [-452.907,10.8763,361.166]
      ],
      "team": 2,
      "vehicle_seats__autoDetectRestrictToTeam": false
    }
  },
  {
    "entity": {
      "_template": "ussr_bt_7_1937",
      "transform": [
        [-0.705563,-0.00484652,0.708631],
        [-0.00834662,0.999964,-0.00147145],
        [-0.708598,-0.00695287,-0.705578],
        [-492.346,10.4976,362.193]
      ],
      "team": 2,
      "vehicle_seats__autoDetectRestrictToTeam": false
    }
  },
  {
    "entity": {
      "_template": "ussr_t_70",
      "transform": [
        [-0.701138,0.0384059,0.71199],
        [0.0155454,0.999134,-0.0385865],
        [-0.712856,-0.0159863,-0.701128],
        [-426.971,11.1809,360.837]
      ],
      "team": 2,
      "vehicle_seats__autoDetectRestrictToTeam": false
    }
  },
  {
    "entity": {
      "_template": "ussr_t_50",
      "transform": [
        [-0.665445,0.0535467,0.744524],
        [-0.0047209,0.997102,-0.0759317],
        [-0.746432,-0.0540432,-0.663263],
        [-433.067,10.5216,392.057]
      ],
      "team": 2,
      "vehicle_seats__autoDetectRestrictToTeam": false
    }
  },
  {
    "entity": {
      "_template": "ussr_t_28",
      "transform": [
        [-0.66588,0.0559314,0.74396],
        [0.00824974,0.997677,-0.0676222],
        [-0.746013,-0.0388908,-0.664794],
        [-405.276,10.5897,392.654]
      ],
      "team": 2,
      "vehicle_seats__autoDetectRestrictToTeam": false
    }
  },
  {
    "entity": {
      "_template": "ussr_t_28e",
      "transform": [
        [-0.622119,-0.0236398,0.782565],
        [-0.0601395,0.998034,-0.0176607],
        [-0.780609,-0.0580501,-0.622318],
        [-469.961,10.2717,392.492]
      ],
      "team": 2,
      "vehicle_seats__autoDetectRestrictToTeam": false
    }
  },
  {
    "entity": {
      "_template": "ussr_t_34_1940_L_11",
      "transform": [
        [-0.726347,-0.0433214,0.685961],
        [-0.0317122,0.999061,0.0295157],
        [-0.686596,-0.000314667,-0.727039],
        [-377.785,11.347,394.537]
      ],
      "team": 2,
      "vehicle_seats__autoDetectRestrictToTeam": false
    }
  },
  {
    "entity": {
      "_template": "ussr_t_34_1941_moscow",
      "transform": [
        [-0.72861,0.0519538,0.682956],
        [0.0200664,0.99831,-0.0545356],
        [-0.684635,-0.0260306,-0.728421],
        [-343.961,11.636,395.652]
      ],
      "team": 2,
      "vehicle_seats__autoDetectRestrictToTeam": false
    }
  },
  {
    "entity": {
      "_template": "ussr_t_50",
      "transform": [
        [-0.750358,0.0519567,0.658987],
        [-0.0169572,0.995065,-0.0977625],
        [-0.660815,-0.0845314,-0.745774],
        [-310.533,12.3355,398.457]
      ],
      "team": 2,
      "vehicle_seats__autoDetectRestrictToTeam": false
    }
  },
  {
    "entity": {
      "_template": "ussr_kv_1_L_11_stalingrad",
      "transform": [
        [-0.446952,0.0729876,0.891576],
        [-0.0110147,0.996141,-0.0870694],
        [-0.89449,-0.0487362,-0.444423],
        [-417.677,10.8333,435.786]
      ],
      "team": 2,
      "vehicle_seats__autoDetectRestrictToTeam": false
    }
  },
  {
    "entity": {
      "_template": "ussr_t_34_85_d_5t",
      "transform": [
        [-0.53752,-0.0127751,0.843154],
        [-0.0335336,0.999418,-0.00623533],
        [-0.842584,-0.0316256,-0.537636],
        [-452.965,10.5309,434.457]
      ],
      "team": 2,
      "vehicle_seats__autoDetectRestrictToTeam": false
    }
  },
  {
    "entity": {
      "_template": "ussr_t_34_85_zis_53",
      "transform": [
        [-0.538275,-0.159347,0.827568],
        [-0.0667148,0.986938,0.14664],
        [-0.840125,0.0237218,-0.541875],
        [-481.553,10.3837,433.87]
      ],
      "team": 2,
      "vehicle_seats__autoDetectRestrictToTeam": false
    }
  },
  {
    "entity": {
      "_template": "ussr_su_85m",
      "transform": [
        [-0.517067,0.0577148,0.853997],
        [-0.0151188,0.996953,-0.0765299],
        [-0.855811,-0.0524825,-0.514619],
        [-370.907,11.3785,436.233]
      ],
      "team": 2,
      "vehicle_seats__autoDetectRestrictToTeam": false
    }
  },
  {
    "entity": {
      "_template": "ussr_is_2_1944_berlin",
      "transform": [
        [-0.59949,-0.107003,0.793198],
        [-0.067824,0.99425,0.0828649],
        [-0.797504,-0.00412116,-0.6033],
        [-316.382,13.9922,474.807]
      ],
      "team": 2,
      "vehicle_seats__autoDetectRestrictToTeam": false
    }
  },
  {
    "entity": {
      "_template": "ussr_is_1",
      "transform": [
        [-0.683556,-0.0262312,0.729427],
        [0.0128438,0.998767,0.0479532],
        [-0.729785,0.0421473,-0.682376],
        [-393.837,11.0585,472.59]
      ],
      "team": 2,
      "vehicle_seats__autoDetectRestrictToTeam": false
    }
  },
  {
    "entity": {
      "_template": "ussr_is_2_1943_berlin",
      "transform": [
        [-0.623809,-0.200177,0.755507],
        [-0.0740828,0.977437,0.19781],
        [-0.778058,0.0674258,-0.624564],
        [-458.707,10.907,474.027]
      ],
      "team": 2,
      "vehicle_seats__autoDetectRestrictToTeam": false
    }
  },
  {
    "entity": {
      "_template": "us_halftrack_m13_pacific",
      "transform": [
        [-0.470286,-0.113725,-0.875156],
        [-0.0545665,0.993512,-0.0997823],
        [0.880825,0.000827987,-0.473441],
        [-505.632,10.2097,383.779]
      ],
      "team": 2,
      "vehicle_seats__autoDetectRestrictToTeam": false
    }
  },
  {
    "entity": {
      "_template": "us_m2a4_pacific",
      "transform": [
        [-0.529773,-0.0532392,-0.846467],
        [0.0516471,0.994151,-0.0948519],
        [0.846565,-0.0939675,-0.523925],
        [-495.588,10.2428,382.781]
      ],
      "team": 2,
      "vehicle_seats__autoDetectRestrictToTeam": false
    }
  },
  {
    "entity": {
      "_template": "uk_a13_mk_2_1938",
      "transform": [
        [-0.652925,-0.0944671,-0.751509],
        [-0.00265585,0.992471,-0.122449],
        [0.757418,-0.0779544,-0.64826],
        [-485.237,10.4016,382.328]
      ],
      "team": 2,
      "vehicle_seats__autoDetectRestrictToTeam": false
    }
  },
  {
    "entity": {
      "_template": "us_m3a1_stuart_flame_pacific",
      "transform": [
        [-0.567129,-0.00919668,-0.823577],
        [-0.0110038,0.999933,-0.0035886],
        [0.823555,0.00702727,-0.567192],
        [-368.823,13.114,374.186]
      ],
      "team": 2,
      "vehicle_seats__autoDetectRestrictToTeam": false
    }
  },
  {
    "entity": {
      "_template": "uk_daimler_mk_2",
      "transform": [
        [-0.562448,0.0295443,-0.826304],
        [-0.0558274,0.995724,0.0736023],
        [0.824946,0.0875279,-0.558394],
        [-462.7,10.3132,380.413]
      ],
      "team": 2,
      "vehicle_seats__autoDetectRestrictToTeam": false
    }
  },
  {
    "entity": {
      "_template": "us_m5a1_stuart_late",
      "transform": [
        [-0.745789,0.0736087,-0.662103],
        [-0.0265818,0.989797,0.139982],
        [0.665651,0.121997,-0.736224],
        [-420.042,10.9652,378.268]
      ],
      "team": 2,
      "vehicle_seats__autoDetectRestrictToTeam": false
    }
  },
  {
    "entity": {
      "_template": "us_m8_scott_pacific",
      "transform": [
        [-0.682857,0.10391,-0.723125],
        [0.00175834,0.990064,0.140608],
        [0.73055,0.0947437,-0.676255],
        [-443.602,10.709,378.864]
      ],
      "team": 2,
      "vehicle_seats__autoDetectRestrictToTeam": false
    }
  },
  {
    "entity": {
      "_template": "us_m3a1_stuart_pacific",
      "transform": [
        [-0.759116,0.0760711,-0.646496],
        [0.0295939,0.996154,0.0824652],
        [0.650283,0.0434683,-0.758448],
        [-395.867,11.3498,377.064]
      ],
      "team": 2,
      "vehicle_seats__autoDetectRestrictToTeam": false
    }
  },
  {
    "entity": {
      "_template": "uk_mk_1_grant",
      "transform": [
        [-0.516678,0.177704,-0.837535],
        [0.0958835,0.984079,0.149646],
        [0.850794,-0.00298704,-0.525491],
        [-482.843,11.2146,422.626]
      ],
      "team": 2,
      "vehicle_seats__autoDetectRestrictToTeam": false
    }
  },
  {
    "entity": {
      "_template": "uk_crusader_mk_3",
      "transform": [
        [-0.779189,-0.0766446,-0.622085],
        [-0.0710172,0.9969,-0.0338719],
        [0.622753,0.0177861,-0.782217],
        [-452.351,10.5121,422.465]
      ],
      "team": 2,
      "vehicle_seats__autoDetectRestrictToTeam": false
    }
  },
  {
    "entity": {
      "_template": "uk_sherman_ii_tunis",
      "transform": [
        [-0.626537,0.0681243,-0.776408],
        [-0.0239131,0.994024,0.106516],
        [0.779024,0.0853023,-0.621164],
        [-405.076,11.3077,418.882]
      ],
      "team": 2,
      "vehicle_seats__autoDetectRestrictToTeam": false
    }
  },
  {
    "entity": {
      "_template": "us_m4a2_sherman_1944",
      "transform": [
        [-0.653166,-0.0719066,-0.753793],
        [-0.0211332,0.996824,-0.0767781],
        [0.75692,-0.0342187,-0.652611],
        [-432.196,11.289,420.805]
      ],
      "team": 2,
      "vehicle_seats__autoDetectRestrictToTeam": false
    }
  },
  {
    "entity": {
      "_template": "us_m4a3_105_sherman_pacific",
      "transform": [
        [-0.618351,-0.235119,-0.749908],
        [-0.0716275,0.967089,-0.244149],
        [0.782632,-0.0972559,-0.614841],
        [-480.722,11.7831,460.183]
      ],
      "team": 2,
      "vehicle_seats__autoDetectRestrictToTeam": false
    }
  },
  {
    "entity": {
      "_template": "us_m10_wolverine",
      "transform": [
        [-0.523352,-0.0501399,-0.85064],
        [-0.0394298,0.998623,-0.0346036],
        [0.851204,0.0154307,-0.524608],
        [-449.918,10.7694,459.791]
      ],
      "team": 2,
      "vehicle_seats__autoDetectRestrictToTeam": false
    }
  },
  {
    "entity": {
      "_template": "us_m4a3e2_sherman_jumbo",
      "transform": [
        [-0.419546,-0.00532322,-0.907719],
        [-0.0286914,0.999561,0.00739927],
        [0.907281,0.029148,-0.419514],
        [-420.021,11.9746,458.686]
      ],
      "team": 2,
      "vehicle_seats__autoDetectRestrictToTeam": false
    }
  },
  {
    "entity": {
      "_template": "us_m4a1_76w_sherman_normandy",
      "transform": [
        [-0.578625,-0.0388889,-0.814666],
        [-0.0940042,0.995386,0.0192517],
        [0.810158,0.0877215,-0.579611],
        [-376.593,12.2583,457.939]
      ],
      "team": 2,
      "vehicle_seats__autoDetectRestrictToTeam": false
    }
  },
  {
    "entity": {
      "_template": "us_m18_hellcat_normandy",
      "transform": [
        [-0.80938,0.0324703,-0.586387],
        [0.02369,0.999463,0.0226448],
        [0.586807,0.00443676,-0.809714],
        [-447.01,10.9102,494.524]
      ],
      "team": 2,
      "vehicle_seats__autoDetectRestrictToTeam": false
    }
  },
  {
    "entity": {
      "_template": "us_m4a2_76w_sherman",
      "transform": [
        [-0.881173,-0.0385373,-0.471221],
        [-0.03745,0.99923,-0.0116881],
        [0.471309,0.00734795,-0.881938],
        [-392.686,11.4765,494.07]
      ],
      "team": 2,
      "vehicle_seats__autoDetectRestrictToTeam": false
    }
  },
  {
    "entity": {
      "_template": "team_ussr_berlin+team_narrator_invasion_defence",
      "team__countAdd": 0.5,
      "team__memberCount": 0.5,
      "team__scoreCap": 0.0,
      "team__capturePenalty": 0.0,
      "team__score": 0.0,
      "team__botCount": 7,
      "team__id": 2,
      "team__spawnBotArmy": "berlin_allies",
      "team__briefing": "practice_mode/goals",
      "team__winTitle": "debriefing/sucesful_tutorial_title",
      "team__winSubtitle": "debriefing/sucesful_tutorial_subtitle",
      "team__locked": true,
      "team__capacity": 0
    }
  },
  {
    "entity": {
      "_template": "team_germany_berlin+team_narrator_invasion_attack",
      "team__countAdd": 0.5,
      "team__memberCount": 0.5,
      "team__scoreCap": 0.0,
      "team__capturePenalty": 0.0,
      "team__score": 0.0,
      "team__botCount": 7,
      "team__id": 1,
      "team__spawnBotArmy": "berlin_axis",
      "team__briefing": "practice_mode/goals",
      "team__winTitle": "debriefing/sucesful_tutorial_title",
      "team__winSubtitle": "debriefing/sucesful_tutorial_subtitle"
    }
  },
  {
    "entity": {
      "_template": "m24_grenade_item+item_in_world+visibility_traceable_item+ui_visible+disable_update",
      "transform": [
        [0.955051,0.0664788,0.288891],
        [-0.290673,0.0186989,0.956639],
        [0.0581945,-0.997613,0.0371822],
        [-533.497,9.38521,149.065]
      ],
      "animchar__updatable": false
    }
  },
  {
    "entity": {
      "_template": "m24_grenade_item+item_in_world+visibility_traceable_item+ui_visible+disable_update",
      "transform": [
        [0.990563,0.0579095,0.124209],
        [-0.125922,0.0268872,0.991676],
        [0.054088,-0.99796,0.0339263],
        [-533.59,9.38343,149.022]
      ],
      "animchar__updatable": false
    }
  },
  {
    "entity": {
      "_template": "m24_grenade_item+item_in_world+visibility_traceable_item+ui_visible+disable_update",
      "transform": [
        [0.857278,0.0855025,0.5077],
        [-0.510953,0.0201689,0.859372],
        [0.0632393,-0.996134,0.0609788],
        [-533.348,9.38474,149.048]
      ],
      "animchar__updatable": false
    }
  },
  {
    "entity": {
      "_template": "mauser_98k_gun_item+item_in_world+visibility_traceable_item+ui_visible+disable_update",
      "transform": [
        [0.934637,-0.338444,-0.109129],
        [0.150287,0.0978123,0.98379],
        [-0.322285,-0.935889,0.142283],
        [-533.903,8.8881,150.057]
      ],
      "animchar__updatable": false
    }
  },
  {
    "entity": {
      "_template": "gewehr_41_gun_item+item_in_world+visibility_traceable_item+ui_visible+disable_update",
      "transform": [
        [-0.0325999,0.00593908,0.999449],
        [-0.876785,0.479852,-0.0314505],
        [-0.479775,-0.87733,-0.0104367],
        [-533.976,8.9117,149.691]
      ],
      "animchar__updatable": false
    }
  },
  {
    "entity": {
      "_template": "mp40_gun_item+item_in_world+visibility_traceable_item+ui_visible+disable_update",
      "transform": [
        [-0.101789,0.994717,-0.0132177],
        [0.994718,0.101594,-0.0146256],
        [-0.0132059,-0.014637,-0.999806],
        [-533.135,9.38801,151.854]
      ],
      "animchar__updatable": false
    }
  },
  {
    "entity": {
      "_template": "mp_35_gun_item+item_in_world+visibility_traceable_item+ui_visible+disable_update",
      "transform": [
        [-0.0883405,-0.996068,0.00650372],
        [-0.978303,0.0879893,0.187561],
        [-0.187396,0.0102061,-0.982232],
        [-533.412,9.38626,151.837]
      ],
      "animchar__updatable": false
    }
  },
  {
    "entity": {
      "_template": "p08_luger_gun_item+item_in_world+visibility_traceable_item+ui_visible+disable_update",
      "transform": [
        [-0.0545125,-0.998385,0.0159164],
        [-0.003065,-0.015774,-0.99987],
        [0.998509,-0.0545541,-0.00219976],
        [-533.122,9.37802,149.111]
      ],
      "animchar__updatable": false
    }
  },
  {
    "entity": {
      "_template": "p38_walther_gun_item+item_in_world+visibility_traceable_item+ui_visible+disable_update",
      "transform": [
        [0.0054015,-0.997332,0.0727677],
        [0.970907,0.02265,0.238384],
        [-0.239396,0.0693632,0.968441],
        [-533.157,9.38456,149.455]
      ],
      "animchar__updatable": false
    }
  },
  {
    "entity": {
      "_template": "pzb_39_gun_item+item_in_world+visibility_traceable_item+ui_visible+disable_update",
      "transform": [
        [-0.0582416,0.107926,0.99245],
        [-0.887561,0.44949,-0.100966],
        [-0.456995,-0.886742,0.0696127],
        [-533.959,9.07085,151.55]
      ],
      "animchar__updatable": false
    }
  },
  {
    "entity": {
      "_template": "mg_42_handheld_gun_item+item_in_world+visibility_traceable_item+ui_visible+disable_update",
      "transform": [
        [-0.143705,0.0904576,0.985476],
        [-0.851712,0.495767,-0.169707],
        [-0.503919,-0.863732,0.00579982],
        [-533.913,8.94472,151.954]
      ],
      "animchar__updatable": false
    }
  },
  {
    "entity": {
      "_template": "m30_luftwaffe_drilling_magazine+visibility_traceable_item+disable_update"
    }
  },
  {
    "entity": {
      "_template": "pzb_39_magazine+item_in_world+visibility_traceable_item+ui_visible+disable_update",
      "transform": [
        [-0.0711018,0.00710182,-0.997443],
        [-0.0458742,0.998892,0.0103815],
        [0.996414,0.0464949,-0.070697],
        [-533.565,9.36555,151.455]
      ],
      "animchar__updatable": false
    }
  },
  {
    "entity": {
      "_template": "mg_42_handheld_magazine+item_in_world+visibility_traceable_item+ui_visible+disable_update",
      "transform": [
        [0.215866,-0.0195576,0.976226],
        [-0.973561,0.0721576,0.216723],
        [-0.0746806,-0.997202,-0.00346399],
        [-533.495,9.40903,152.118]
      ],
      "animchar__updatable": false
    }
  },
  {
    "entity": {
      "_template": "p08_luger_magazine+item_in_world+visibility_traceable_item+ui_visible+disable_update",
      "transform": [
        [0.973719,0.162622,-0.159442],
        [-0.154446,0.986023,0.0624826],
        [0.167375,-0.0362157,0.985228],
        [-533.175,9.36196,149.205]
      ],
      "animchar__updatable": false
    }
  },
  {
    "entity": {
      "_template": "mp_35_magazine+item_in_world+visibility_traceable_item+ui_visible+disable_update",
      "transform": [
        [-0.062677,0.0042344,-0.998024],
        [0.06598,-0.997784,-0.00837724],
        [-0.995851,-0.0663751,0.062259],
        [-533.271,9.38689,151.74]
      ],
      "animchar__updatable": false
    }
  },
  {
    "entity": {
      "_template": "mp40_magazine+item_in_world+visibility_traceable_item+ui_visible+disable_update",
      "transform": [
        [0.992094,-0.0345886,-0.120618],
        [-0.120146,0.0154234,-0.992636],
        [0.0361941,0.999282,0.0111463],
        [-533.187,9.38081,152.031]
      ],
      "animchar__updatable": false
    }
  },
  {
    "entity": {
      "_template": "gewehr_41_magazine+item_in_world+visibility_traceable_item+ui_visible+disable_update",
      "transform": [
        [-0.034575,0.998619,0.0395317],
        [-0.200417,0.0318247,-0.979192],
        [-0.979101,-0.0417787,0.199041],
        [-533.313,9.37044,149.563]
      ],
      "animchar__updatable": false
    }
  },
  {
    "entity": {
      "_template": "mauser98k_magazine+item_in_world+visibility_traceable_item+ui_visible+disable_update",
      "transform": [
        [0.0551998,-0.997858,0.035086],
        [-0.997444,-0.0567041,-0.0434557],
        [0.0453516,-0.0325974,-0.998439],
        [-533.371,9.36876,150.054]
      ],
      "animchar__updatable": false
    }
  },
  {
    "entity": {
      "_template": "mauser98k_magazine+item_in_world+visibility_traceable_item+ui_visible+disable_update",
      "transform": [
        [0.108722,-0.992641,0.0533083],
        [-0.984353,-0.114983,-0.133511],
        [0.138658,-0.0379586,-0.989613],
        [-533.216,9.37132,150.005]
      ],
      "animchar__updatable": false
    }
  },
  {
    "entity": {
      "_template": "mauser98k_magazine+item_in_world+visibility_traceable_item+ui_visible+disable_update",
      "transform": [
        [0.117995,-0.992773,-0.0218366],
        [-0.992225,-0.116997,-0.0424042],
        [0.0395424,0.0266706,-0.998862],
        [-533.308,9.37436,149.928]
      ],
      "animchar__updatable": false
    }
  },
  {
    "entity": {
      "_template": "m30_luftwaffe_drilling_magazine+visibility_traceable_item+disable_update"
    }
  },
  {
    "entity": {
      "_template": "pzb_39_magazine+item_in_world+visibility_traceable_item+ui_visible+disable_update",
      "transform": [
        [-0.0711018,0.00710182,-0.997443],
        [-0.0458742,0.998892,0.0103815],
        [0.996414,0.0464949,-0.070697],
        [-533.565,9.36555,151.455]
      ],
      "animchar__updatable": false
    }
  },
  {
    "entity": {
      "_template": "mg_42_handheld_magazine+item_in_world+visibility_traceable_item+ui_visible+disable_update",
      "transform": [
        [0.215866,-0.0195576,0.976226],
        [-0.973561,0.0721576,0.216723],
        [-0.0746806,-0.997202,-0.00346399],
        [-533.495,9.40903,152.118]
      ],
      "animchar__updatable": false
    }
  },
  {
    "entity": {
      "_template": "p08_luger_magazine+item_in_world+visibility_traceable_item+ui_visible+disable_update",
      "transform": [
        [0.973719,0.162622,-0.159442],
        [-0.154446,0.986023,0.0624826],
        [0.167375,-0.0362157,0.985228],
        [-533.175,9.36196,149.205]
      ],
      "animchar__updatable": false
    }
  },
  {
    "entity": {
      "_template": "mp_35_magazine+item_in_world+visibility_traceable_item+ui_visible+disable_update",
      "transform": [
        [-0.062677,0.0042344,-0.998024],
        [0.06598,-0.997784,-0.00837724],
        [-0.995851,-0.0663751,0.062259],
        [-533.271,9.38689,151.74]
      ],
      "animchar__updatable": false
    }
  },
  {
    "entity": {
      "_template": "mp40_magazine+item_in_world+visibility_traceable_item+ui_visible+disable_update",
      "transform": [
        [0.992094,-0.0345886,-0.120618],
        [-0.120146,0.0154234,-0.992636],
        [0.0361941,0.999282,0.0111463],
        [-533.187,9.38081,152.031]
      ],
      "animchar__updatable": false
    }
  },
  {
    "entity": {
      "_template": "gewehr_41_magazine+item_in_world+visibility_traceable_item+ui_visible+disable_update",
      "transform": [
        [-0.034575,0.998619,0.0395317],
        [-0.200417,0.0318247,-0.979192],
        [-0.979101,-0.0417787,0.199041],
        [-533.313,9.37044,149.563]
      ],
      "animchar__updatable": false
    }
  },
  {
    "entity": {
      "_template": "gewehr_41_magazine+item_in_world+visibility_traceable_item+ui_visible+disable_update",
      "transform": [
        [-0.034575,0.998619,0.0395317],
        [-0.200417,0.0318247,-0.979192],
        [-0.979101,-0.0417787,0.199041],
        [-533.313,9.37044,149.563]
      ],
      "animchar__updatable": false
    }
  },
  {
    "entity": {
      "_template": "mauser98k_magazine+item_in_world+visibility_traceable_item+ui_visible+disable_update",
      "transform": [
        [0.0551998,-0.997858,0.035086],
        [-0.997444,-0.0567041,-0.0434557],
        [0.0453516,-0.0325974,-0.998439],
        [-533.371,9.36876,150.054]
      ],
      "animchar__updatable": false
    }
  },
  {
    "entity": {
      "_template": "mauser98k_magazine+item_in_world+visibility_traceable_item+ui_visible+disable_update",
      "transform": [
        [0.108722,-0.992641,0.0533083],
        [-0.984353,-0.114983,-0.133511],
        [0.138658,-0.0379586,-0.989613],
        [-533.216,9.37132,150.005]
      ],
      "animchar__updatable": false
    }
  },
  {
    "entity": {
      "_template": "mauser98k_magazine+item_in_world+visibility_traceable_item+ui_visible+disable_update",
      "transform": [
        [0.117995,-0.992773,-0.0218366],
        [-0.992225,-0.116997,-0.0424042],
        [0.0395424,0.0266706,-0.998862],
        [-533.308,9.37436,149.928]
      ],
      "animchar__updatable": false
    }
  },
  {
    "entity": {
      "_template": "m30_luftwaffe_drilling_magazine+visibility_traceable_item+disable_update"
    }
  },
  {
    "entity": {
      "_template": "pzb_39_magazine+item_in_world+visibility_traceable_item+ui_visible+disable_update",
      "transform": [
        [-0.0711018,0.00710182,-0.997443],
        [-0.0458742,0.998892,0.0103815],
        [0.996414,0.0464949,-0.070697],
        [-533.565,9.36555,151.455]
      ],
      "animchar__updatable": false
    }
  },
  {
    "entity": {
      "_template": "mg_42_handheld_magazine+item_in_world+visibility_traceable_item+ui_visible+disable_update",
      "transform": [
        [0.215866,-0.0195576,0.976226],
        [-0.973561,0.0721576,0.216723],
        [-0.0746806,-0.997202,-0.00346399],
        [-533.495,9.40903,152.118]
      ],
      "animchar__updatable": false
    }
  },
  {
    "entity": {
      "_template": "p08_luger_magazine+item_in_world+visibility_traceable_item+ui_visible+disable_update",
      "transform": [
        [0.973719,0.162622,-0.159442],
        [-0.154446,0.986023,0.0624826],
        [0.167375,-0.0362157,0.985228],
        [-533.175,9.36196,149.205]
      ],
      "animchar__updatable": false
    }
  },
  {
    "entity": {
      "_template": "mp_35_magazine+item_in_world+visibility_traceable_item+ui_visible+disable_update",
      "transform": [
        [-0.062677,0.0042344,-0.998024],
        [0.06598,-0.997784,-0.00837724],
        [-0.995851,-0.0663751,0.062259],
        [-533.271,9.38689,151.74]
      ],
      "animchar__updatable": false
    }
  },
  {
    "entity": {
      "_template": "mp40_magazine+item_in_world+visibility_traceable_item+ui_visible+disable_update",
      "transform": [
        [0.992094,-0.0345886,-0.120618],
        [-0.120146,0.0154234,-0.992636],
        [0.0361941,0.999282,0.0111463],
        [-533.187,9.38081,152.031]
      ],
      "animchar__updatable": false
    }
  },
  {
    "entity": {
      "_template": "gewehr_41_magazine+item_in_world+visibility_traceable_item+ui_visible+disable_update",
      "transform": [
        [-0.034575,0.998619,0.0395317],
        [-0.200417,0.0318247,-0.979192],
        [-0.979101,-0.0417787,0.199041],
        [-533.313,9.37044,149.563]
      ],
      "animchar__updatable": false
    }
  },
  {
    "entity": {
      "_template": "mauser98k_magazine+item_in_world+visibility_traceable_item+ui_visible+disable_update",
      "transform": [
        [0.0551998,-0.997858,0.035086],
        [-0.997444,-0.0567041,-0.0434557],
        [0.0453516,-0.0325974,-0.998439],
        [-533.371,9.36876,150.054]
      ],
      "animchar__updatable": false
    }
  },
  {
    "entity": {
      "_template": "mauser98k_magazine+item_in_world+visibility_traceable_item+ui_visible+disable_update",
      "transform": [
        [0.108722,-0.992641,0.0533083],
        [-0.984353,-0.114983,-0.133511],
        [0.138658,-0.0379586,-0.989613],
        [-533.216,9.37132,150.005]
      ],
      "animchar__updatable": false
    }
  },
  {
    "entity": {
      "_template": "mauser98k_magazine+item_in_world+visibility_traceable_item+ui_visible+disable_update",
      "transform": [
        [0.117995,-0.992773,-0.0218366],
        [-0.992225,-0.116997,-0.0424042],
        [0.0395424,0.0266706,-0.998862],
        [-533.308,9.37436,149.928]
      ],
      "animchar__updatable": false
    }
  },
  {
    "entity": {
      "_template": "base_fortification_build+tutorial_ammunition_box_a",
      "transform": [
        [1.0,0.0,0.0],
        [0.0,1.0,0.0],
        [0.0,0.0,1.0],
        [-534.719,9.33534,147.629]
      ],
      "team": 1,
      "grenadeResupplyItem": "m24_grenade_item",
      "useful_box__maxUseCount": 99999
    }
  },
  {
    "entity": {
      "_template": "base_fortification_build+tutorial_ammunition_box_a",
      "transform": [
        [0.132376,0.0,-0.9912],
        [0.0,1.0,0.0],
        [0.9912,0.0,0.132376],
        [-534.323,8.74444,135.094]
      ],
      "team": 1,
      "grenadeResupplyItem": "m24_grenade_item",
      "useful_box__maxUseCount": 99999
    }
  },
  {
    "entity": {
      "_template": "base_fortification_build+tutorial_ammunition_box_a",
      "transform": [
        [0.865467,0.0,-0.500967],
        [0.0,1.0,0.0],
        [0.500967,0.0,0.865467],
        [-523.659,10.1247,375.179]
      ],
      "team": 1,
      "grenadeResupplyItem": "m24_grenade_item",
      "useful_box__maxUseCount": 99999
    }
  },
  {
    "entity": {
      "_template": "base_fortification_build+tutorial_ammunition_box_a",
      "transform": [
        [0.999566,0.0,0.0294573],
        [0.0,1.0,0.0],
        [-0.0294573,0.0,0.999566],
        [-523.193,10.2259,402.607]
      ],
      "team": 1,
      "grenadeResupplyItem": "m24_grenade_item",
      "useful_box__maxUseCount": 99999
    }
  },
  {
    "entity": {
      "_template": "base_fortification_build+tutorial_ammunition_box_a",
      "transform": [
        [0.999566,0.0,0.0294573],
        [0.0,1.0,0.0],
        [-0.0294573,0.0,0.999566],
        [-529.568,10.0852,482.533]
      ],
      "team": 1,
      "grenadeResupplyItem": "m24_grenade_item",
      "useful_box__maxUseCount": 99999
    }
  }
]