[
  {
    "import": {
      "scene": "content/enlisted/gamedata/scenes/tutorial/_common_training_ground.blk"
    }
  },
  {
    "entity": {
      "_template": "gaz_67",
      "transform": [
        [-0.451933,0.0270005,0.891643],
        [0.0270005,0.999498,-0.0165812],
        [-0.891643,0.0165812,-0.452435],
        [-543.52,9.74066,171.357]
      ]
    }
  },
  {
    "entity": {
      "_template": "germ_pzkpfw_II_ausf_C",
      "transform": [
        [-0.859787,-0.0416773,0.508949],
        [-0.0539437,0.9985,-0.00936297],
        [-0.507796,-0.0355048,-0.860746],
        [-473.815,11.0667,361.158]
      ],
      "team": 2,
      "vehicle_seats__autoDetectRestrictToTeam": false
    }
  },
  {
    "entity": {
      "_template": "it_ab_41",
      "transform": [
        [-0.843636,-0.00755338,-0.536863],
        [-0.0213984,0.99958,0.0195623],
        [0.53649,0.0279915,-0.843443],
        [-346.332,11.8177,375.911]
      ],
      "team": 2,
      "vehicle_seats__autoDetectRestrictToTeam": false
    }
  },
  {
    "entity": {
      "_template": "it_m14_41",
      "transform": [
        [-0.840875,-0.0431725,-0.539505],
        [0.0012372,0.996658,-0.0816833],
        [0.541228,-0.0693529,-0.838011],
        [-481.319,10.2704,381.882]
      ],
      "team": 2,
      "vehicle_seats__autoDetectRestrictToTeam": false
    }
  },
  {
    "entity": {
      "_template": "germ_pzkpfw_III_ausf_B",
      "transform": [
        [-0.874683,-0.00583638,0.484661],
        [-0.0103752,0.999924,-0.00668308],
        [-0.484585,-0.010874,-0.874676],
        [-435.866,10.9705,361.401]
      ],
      "team": 2,
      "vehicle_seats__autoDetectRestrictToTeam": false
    }
  },
  {
    "entity": {
      "_template": "germ_pzkpfw_III_ausf_E",
      "transform": [
        [-0.717458,0.0103438,-0.696525],
        [0.00153299,0.999911,0.0132702],
        [0.6966,0.00845305,-0.71741],
        [-436.013,10.6394,381.277]
      ],
      "team": 2,
      "vehicle_seats__autoDetectRestrictToTeam": false
    }
  },
  {
    "entity": {
      "_template": "it_m41_75_32",
      "transform": [
        [-0.880004,0.00393317,-0.47495],
        [-0.0167204,0.999089,0.0392538],
        [0.474672,0.0424848,-0.879137],
        [-389.279,11.252,379.673]
      ],
      "team": 2,
      "vehicle_seats__autoDetectRestrictToTeam": false
    }
  },
  {
    "entity": {
      "_template": "germ_pzkpfw_III_ausf_J",
      "transform": [
        [-0.825656,0.00178823,0.564171],
        [-0.00047588,0.999992,-0.00386608],
        [-0.564173,-0.00346053,-0.825649],
        [-391.961,11.4258,360.689]
      ],
      "team": 2,
      "vehicle_seats__autoDetectRestrictToTeam": false
    }
  },
  {
    "entity": {
      "_template": "germ_sdkfz_234_2",
      "transform": [
        [-0.834661,-0.0538714,0.548123],
        [-0.0294662,0.998147,0.0532313],
        [-0.549975,0.028279,-0.834702],
        [-486.95,10.1425,394.977]
      ],
      "team": 2,
      "vehicle_seats__autoDetectRestrictToTeam": false
    }
  },
  {
    "entity": {
      "_template": "germ_pzkpfw_iii_ausf_j1_moscow",
      "transform": [
        [-0.835314,-0.0284459,0.549037],
        [0.022925,0.99599,0.0864812],
        [-0.549296,0.0848256,-0.831312],
        [-457.602,10.6724,395.637]
      ],
      "team": 2,
      "vehicle_seats__autoDetectRestrictToTeam": false
    }
  },
  {
    "entity": {
      "_template": "germ_pzkpfw_IV_ausf_E",
      "transform": [
        [-0.8967,-0.052123,-0.43956],
        [-0.00351341,0.993849,-0.110683],
        [0.442626,-0.0977053,-0.891368],
        [-485.915,10.397,422.873]
      ],
      "team": 2,
      "vehicle_seats__autoDetectRestrictToTeam": false
    }
  },
  {
    "entity": {
      "_template": "germ_pzkpfw_III_ausf_N",
      "transform": [
        [-0.817547,0.111475,0.564969],
        [0.172237,0.983509,0.0551791],
        [-0.549501,0.14242,-0.823265],
        [-374.314,11.7881,397.575]
      ],
      "team": 2,
      "vehicle_seats__autoDetectRestrictToTeam": false
    }
  },
  {
    "entity": {
      "_template": "germ_pzkpfw_IV_ausf_F",
      "transform": [
        [-0.922912,-0.0269606,-0.384066],
        [-0.0346668,0.999312,0.013155],
        [0.383447,0.0254553,-0.923212],
        [-410.102,11.0899,420.187]
      ],
      "team": 2,
      "vehicle_seats__autoDetectRestrictToTeam": false
    }
  },
  {
    "entity": {
      "_template": "germ_stug_iii_ausf_f",
      "transform": [
        [-0.848045,-0.0932223,-0.52166],
        [-0.080476,0.995643,-0.0470975],
        [0.523777,0.00204032,-0.851853],
        [-452.528,10.5606,422.523]
      ],
      "team": 2,
      "vehicle_seats__autoDetectRestrictToTeam": false
    }
  },
  {
    "entity": {
      "_template": "germ_pzkpfw_iv_ausf_f2",
      "transform": [
        [-0.817658,0.0484785,0.573659],
        [-0.00991187,0.995115,-0.0982225],
        [-0.575618,-0.0859985,-0.813184],
        [-410.837,10.8136,395.313]
      ],
      "team": 2,
      "vehicle_seats__autoDetectRestrictToTeam": false
    }
  },
  {
    "entity": {
      "_template": "germ_pzkpfw_IV_ausf_J",
      "transform": [
        [-0.695344,-0.0565751,0.716447],
        [-0.035429,0.998383,0.0444531],
        [-0.717803,0.00552716,-0.696224],
        [-448.056,11.7612,434.194]
      ],
      "team": 2,
      "vehicle_seats__autoDetectRestrictToTeam": false
    }
  },
  {
    "entity": {
      "_template": "germ_pzkpfw_IV_ausf_H",
      "transform": [
        [-0.880643,0.0557613,-0.470488],
        [-0.00912418,0.99087,0.134514],
        [0.473693,0.122752,-0.872093],
        [-382.884,11.4331,456.708]
      ],
      "team": 2,
      "vehicle_seats__autoDetectRestrictToTeam": false
    }
  },
  {
    "entity": {
      "_template": "germ_pzkpfw_V_ausf_a_panther",
      "transform": [
        [-0.814449,0.0114682,-0.580122],
        [0.0815411,0.992145,-0.0948643],
        [0.574477,-0.124566,-0.808986],
        [-445.18,10.9089,458.896]
      ],
      "team": 2,
      "vehicle_seats__autoDetectRestrictToTeam": false
    }
  },
  {
    "entity": {
      "_template": "germ_pzkpfw_V_ausf_g_panther",
      "transform": [
        [-0.796841,0.0445611,0.602544],
        [0.00489688,0.99772,-0.0673105],
        [-0.604169,-0.0506851,-0.795242],
        [-376.663,11.4881,434.642]
      ],
      "team": 2,
      "vehicle_seats__autoDetectRestrictToTeam": false
    }
  },
  {
    "entity": {
      "_template": "germ_panzerjager_iv_l_48_normandy",
      "transform": [
        [-0.800654,-0.0468804,0.597291],
        [-0.0471059,0.998773,0.0152479],
        [-0.597273,-0.0159277,-0.80188],
        [-283.924,12.4737,474.904]
      ],
      "team": 2,
      "vehicle_seats__autoDetectRestrictToTeam": false
    }
  },
  {
    "entity": {
      "_template": "germ_panzerjager_iv_l_70_normandy",
      "transform": [
        [-0.907222,-0.0846937,0.412039],
        [-0.00188876,0.980332,0.197347],
        [-0.420649,0.178259,-0.889538],
        [-450.942,10.8886,475.745]
      ],
      "team": 2,
      "vehicle_seats__autoDetectRestrictToTeam": false
    }
  },
  {
    "entity": {
      "_template": "germ_panzerjager_IV_L_70_A",
      "transform": [
        [-0.765475,-0.00527843,-0.643444],
        [-0.00774754,0.999969,0.00101374],
        [0.643419,0.0057611,-0.765492],
        [-393.953,11.4404,494.263]
      ],
      "team": 2,
      "vehicle_seats__autoDetectRestrictToTeam": false
    }
  },
  {
    "entity": {
      "_template": "germ_pzkpfw_VI_ausf_E_tiger",
      "transform": [
        [-0.861366,0.00656668,-0.507942],
        [0.000370139,0.999924,0.0122994],
        [0.507984,0.0104062,-0.861304],
        [-443.111,10.9845,494.942]
      ],
      "team": 2,
      "vehicle_seats__autoDetectRestrictToTeam": false
    }
  },
  {
    "entity": {
      "_template": "germ_pzkpfw_vi_ausf_b_tiger_iip_berlin",
      "transform": [
        [-0.762791,-0.00361087,-0.646635],
        [-0.0101014,0.999929,0.0063322],
        [0.646567,0.0113621,-0.762773],
        [-328.722,12.1004,492.851]
      ],
      "team": 2,
      "vehicle_seats__autoDetectRestrictToTeam": false
    }
  },
  {
    "entity": {
      "_template": "germ_pzkpfw_vi_ausf_b_tiger_iih_berlin",
      "transform": [
        [-0.843347,-0.0790523,0.531523],
        [-0.00958237,0.991175,0.132211],
        [-0.537284,0.106407,-0.836662],
        [-364.672,11.6323,475.2]
      ],
      "team": 2,
      "vehicle_seats__autoDetectRestrictToTeam": false
    }
  },
  {
    "entity": {
      "_template": "team_germany_berlin+team_narrator_invasion_attack",
      "team__countAdd": 0.5,
      "team__memberCount": 0.5,
      "team__scoreCap": 0.0,
      "team__capturePenalty": 0.0,
      "team__score": 0.0,
      "team__botCount": 7,
      "team__id": 2,
      "team__spawnBotArmy": "berlin_axis",
      "team__briefing": "practice_mode/goals",
      "team__winTitle": "debriefing/sucesful_tutorial_title",
      "team__winSubtitle": "debriefing/sucesful_tutorial_subtitle",
      "team__locked": true,
      "team__capacity": 0
    }
  },
  {
    "entity": {
      "_template": "team_ussr_berlin+team_narrator_invasion_defence",
      "team__countAdd": 0.5,
      "team__memberCount": 0.5,
      "team__scoreCap": 0.0,
      "team__capturePenalty": 0.0,
      "team__score": 0.0,
      "team__botCount": 7,
      "team__id": 1,
      "team__spawnBotArmy": "berlin_allies",
      "team__briefing": "practice_mode/goals",
      "team__winTitle": "debriefing/sucesful_tutorial_title",
      "team__winSubtitle": "debriefing/sucesful_tutorial_subtitle"
    }
  },
  {
    "entity": {
      "_template": "tt_33_gun_item+item_in_world+visibility_traceable_item+ui_visible+disable_update",
      "transform": [
        [0.083756,-0.991851,0.0959852],
        [0.996211,0.0856083,0.015331],
        [-0.0234235,0.0943382,0.995264],
        [-533.602,9.38121,149.298]
      ],
      "animchar__updatable": false
    }
  },
  {
    "entity": {
      "_template": "mosin_m91_gun_item+item_in_world+visibility_traceable_item+ui_visible+disable_update",
      "transform": [
        [0.109542,-0.993656,0.0254577],
        [0.988186,0.11163,0.105019],
        [-0.107194,0.0136528,0.994143],
        [-533.31,9.38447,149.877]
      ],
      "animchar__updatable": false
    }
  },
  {
    "entity": {
      "_template": "mosin_m38_gun_item+item_in_world+visibility_traceable_item+ui_visible+disable_update",
      "transform": [
        [-0.104535,-0.994518,-0.00164371],
        [0.99443,-0.104548,0.0133624],
        [-0.0134621,-0.00023775,0.999908],
        [-533.138,9.3799,149.716]
      ],
      "animchar__updatable": false
    }
  },
  {
    "entity": {
      "_template": "svt_40_gun_item+item_in_world+visibility_traceable_item+ui_visible+disable_update",
      "transform": [
        [0.427578,-0.00776532,0.903943],
        [-0.750082,0.555057,0.359567],
        [-0.504532,-0.831775,0.231506],
        [-533.954,8.89334,151.451]
      ],
      "animchar__updatable": false
    }
  },
  {
    "entity": {
      "_template": "avs_36_gun_item+item_in_world+visibility_traceable_item+ui_visible+disable_update",
      "transform": [
        [0.324209,-0.0384882,0.945201],
        [-0.789319,0.539715,0.292719],
        [-0.521406,-0.840967,0.144601],
        [-533.97,8.95673,151.333]
      ],
      "animchar__updatable": false
    }
  },
  {
    "entity": {
      "_template": "dp_27_gun_item+item_in_world+visibility_traceable_item+ui_visible+disable_update",
      "transform": [
        [0.173332,-0.00866921,0.984823],
        [-0.873447,0.460645,0.157785],
        [-0.455022,-0.887541,0.072272],
        [-533.955,8.95527,151.744]
      ],
      "animchar__updatable": false
    }
  },
  {
    "entity": {
      "_template": "ptrs_41_gun_item+item_in_world+visibility_traceable_item+ui_visible+disable_update",
      "transform": [
        [0.998477,-0.0384606,0.0395293],
        [-0.0254885,0.313834,0.949137],
        [-0.0489101,-0.948697,0.312375],
        [-533.911,9.00578,149.429]
      ],
      "animchar__updatable": false
    }
  },
  {
    "entity": {
      "_template": "ppd_3438_gun_item+item_in_world+visibility_traceable_item+ui_visible+disable_update",
      "transform": [
        [0.353888,-0.934742,0.0318715],
        [-0.935248,-0.353982,0.00286658],
        [0.00860241,-0.030822,-0.999487],
        [-533.393,9.39704,151.981]
      ],
      "animchar__updatable": false
    }
  },
  {
    "entity": {
      "_template": "ppd_40_gun_item+item_in_world+visibility_traceable_item+ui_visible+disable_update",
      "transform": [
        [0.551048,-0.834197,-0.0214061],
        [-0.816363,-0.544228,0.193307],
        [-0.172906,-0.0890454,-0.980904],
        [-533.239,9.39093,151.991]
      ],
      "animchar__updatable": false
    }
  },
  {
    "entity": {
      "_template": "ppsh_41_gun_item+item_in_world+visibility_traceable_item+ui_visible+disable_update",
      "transform": [
        [0.387896,-0.915383,0.107739],
        [-0.921632,-0.38665,0.0330777],
        [0.0113782,-0.112126,-0.993628],
        [-533.557,9.38938,151.807]
      ],
      "animchar__updatable": false
    }
  },
  {
    "entity": {
      "_template": "tt_magazine+item_in_world+visibility_traceable_item+ui_visible+disable_update",
      "transform": [
        [0.0193477,0.997338,0.0702804],
        [0.991366,-0.0100195,-0.13074],
        [-0.129688,0.0722026,-0.988922],
        [-533.658,9.37106,149.339]
      ],
      "animchar__updatable": false
    }
  },
  {
    "entity": {
      "_template": "mosin_magazine+item_in_world+visibility_traceable_item+ui_visible+disable_update",
      "transform": [
        [0.0966273,-0.994028,-0.0507085],
        [-0.0153509,0.0494527,-0.998659],
        [0.995202,0.0972759,-0.0104803],
        [-533.633,9.36753,149.675]
      ],
      "animchar__updatable": false
    }
  },
  {
    "entity": {
      "_template": "mosin_magazine+item_in_world+visibility_traceable_item+ui_visible+disable_update",
      "transform": [
        [0.0753789,-0.995864,-0.0507085],
        [-0.0142914,0.0497693,-0.998659],
        [0.997052,0.0760022,-0.0104803],
        [-533.644,9.36839,149.779]
      ],
      "animchar__updatable": false
    }
  },
  {
    "entity": {
      "_template": "mosin_magazine+item_in_world+visibility_traceable_item+ui_visible+disable_update",
      "transform": [
        [0.107947,-0.992862,-0.0507085],
        [-0.0159134,0.0492746,-0.998659],
        [0.994029,0.108609,-0.0104803],
        [-533.547,9.36894,149.719]
      ],
      "animchar__updatable": false
    }
  },
  {
    "entity": {
      "_template": "mosin_magazine+item_in_world+visibility_traceable_item+ui_visible+disable_update",
      "transform": [
        [-0.0574816,-0.997256,-0.0466204],
        [0.064281,-0.0502982,0.996664],
        [-0.996274,0.0542933,0.0669954],
        [-533.562,9.37615,149.962]
      ],
      "animchar__updatable": false
    }
  },
  {
    "entity": {
      "_template": "svt_40_magazine+item_in_world+visibility_traceable_item+ui_visible+disable_update",
      "transform": [
        [0.0248353,0.999681,0.0043197],
        [-0.914682,0.0209795,0.403629],
        [0.403409,-0.0139764,0.914912],
        [-533.369,9.37578,151.39]
      ],
      "animchar__updatable": false
    }
  },
  {
    "entity": {
      "_template": "avs_36_magazine+item_in_world+visibility_traceable_item+ui_visible+disable_update",
      "transform": [
        [0.00455565,0.998015,0.0627772],
        [-0.909459,-0.0219666,0.415216],
        [0.415772,-0.0589852,0.907554],
        [-533.419,9.37482,151.244]
      ],
      "animchar__updatable": false
    }
  },
  {
    "entity": {
      "_template": "dp_27_magazine+item_in_world+visibility_traceable_item+ui_visible+disable_update",
      "transform": [
        [-0.995371,-0.000616814,-0.0960945],
        [0.0002429,0.99996,-0.00893075],
        [0.0960967,-0.00891177,-0.995331],
        [-533.662,9.35159,151.534]
      ],
      "animchar__updatable": false
    }
  },
  {
    "entity": {
      "_template": "ptrs_41_magazine+item_in_world+visibility_traceable_item+ui_visible+disable_update",
      "transform": [
        [0.00196335,0.999991,0.0034991],
        [0.0802202,0.00333034,-0.996772],
        [-0.996774,0.00223795,-0.0802128],
        [-533.609,9.39801,148.97]
      ],
      "animchar__updatable": false
    }
  },
  {
    "entity": {
      "_template": "ppsh_drum+item_in_world+visibility_traceable_item+ui_visible+disable_update",
      "transform": [
        [-0.750062,-0.0371018,0.660324],
        [0.661199,-0.0644959,0.747433],
        [0.0148567,0.997228,0.0729074],
        [-533.146,9.53483,151.575]
      ],
      "animchar__updatable": false
    }
  },
  {
    "entity": {
      "_template": "ppsh_drum+item_in_world+visibility_traceable_item+ui_visible+disable_update",
      "transform": [
        [-0.492096,0.0160449,-0.870391],
        [-0.86745,-0.0932172,0.488716],
        [-0.0732935,0.995516,0.0597899],
        [-533.136,9.69164,151.61]
      ],
      "animchar__updatable": false
    }
  },
  {
    "entity": {
      "_template": "ppsh_drum+item_in_world+visibility_traceable_item+ui_visible+disable_update",
      "transform": [
        [0.343628,-0.0138573,-0.939001],
        [0.938534,0.0399452,0.342867],
        [0.0327574,-0.999104,0.0267329],
        [-533.15,9.42387,151.587]
      ],
      "animchar__updatable": false
    }
  },
  {
    "entity": {
      "_template": "tt_magazine+item_in_world+visibility_traceable_item+ui_visible+disable_update",
      "transform": [
        [0.0193477,0.997338,0.0702804],
        [0.991366,-0.0100195,-0.13074],
        [-0.129688,0.0722026,-0.988922],
        [-533.658,9.37106,149.339]
      ],
      "animchar__updatable": false
    }
  },
  {
    "entity": {
      "_template": "mosin_magazine+item_in_world+visibility_traceable_item+ui_visible+disable_update",
      "transform": [
        [0.0966273,-0.994028,-0.0507085],
        [-0.0153509,0.0494527,-0.998659],
        [0.995202,0.0972759,-0.0104803],
        [-533.633,9.36753,149.675]
      ],
      "animchar__updatable": false
    }
  },
  {
    "entity": {
      "_template": "mosin_magazine+item_in_world+visibility_traceable_item+ui_visible+disable_update",
      "transform": [
        [0.0753789,-0.995864,-0.0507085],
        [-0.0142914,0.0497693,-0.998659],
        [0.997052,0.0760022,-0.0104803],
        [-533.644,9.36839,149.779]
      ],
      "animchar__updatable": false
    }
  },
  {
    "entity": {
      "_template": "mosin_magazine+item_in_world+visibility_traceable_item+ui_visible+disable_update",
      "transform": [
        [0.107947,-0.992862,-0.0507085],
        [-0.0159134,0.0492746,-0.998659],
        [0.994029,0.108609,-0.0104803],
        [-533.547,9.36894,149.719]
      ],
      "animchar__updatable": false
    }
  },
  {
    "entity": {
      "_template": "mosin_magazine+item_in_world+visibility_traceable_item+ui_visible+disable_update",
      "transform": [
        [-0.0574816,-0.997256,-0.0466204],
        [0.064281,-0.0502982,0.996664],
        [-0.996274,0.0542933,0.0669954],
        [-533.562,9.37615,149.962]
      ],
      "animchar__updatable": false
    }
  },
  {
    "entity": {
      "_template": "svt_40_magazine+item_in_world+visibility_traceable_item+ui_visible+disable_update",
      "transform": [
        [0.0248353,0.999681,0.0043197],
        [-0.914682,0.0209795,0.403629],
        [0.403409,-0.0139764,0.914912],
        [-533.369,9.37578,151.39]
      ],
      "animchar__updatable": false
    }
  },
  {
    "entity": {
      "_template": "avs_36_magazine+item_in_world+visibility_traceable_item+ui_visible+disable_update",
      "transform": [
        [0.00455565,0.998015,0.0627772],
        [-0.909459,-0.0219666,0.415216],
        [0.415772,-0.0589852,0.907554],
        [-533.419,9.37482,151.244]
      ],
      "animchar__updatable": false
    }
  },
  {
    "entity": {
      "_template": "dp_27_magazine+item_in_world+visibility_traceable_item+ui_visible+disable_update",
      "transform": [
        [-0.995371,-0.000616814,-0.0960945],
        [0.0002429,0.99996,-0.00893075],
        [0.0960967,-0.00891177,-0.995331],
        [-533.662,9.35159,151.534]
      ],
      "animchar__updatable": false
    }
  },
  {
    "entity": {
      "_template": "ptrs_41_magazine+item_in_world+visibility_traceable_item+ui_visible+disable_update",
      "transform": [
        [0.00196335,0.999991,0.0034991],
        [0.0802202,0.00333034,-0.996772],
        [-0.996774,0.00223795,-0.0802128],
        [-533.609,9.39801,148.97]
      ],
      "animchar__updatable": false
    }
  },
  {
    "entity": {
      "_template": "ppsh_drum+item_in_world+visibility_traceable_item+ui_visible+disable_update",
      "transform": [
        [-0.750062,-0.0371018,0.660324],
        [0.661199,-0.0644959,0.747433],
        [0.0148567,0.997228,0.0729074],
        [-533.142,9.61153,151.582]
      ],
      "animchar__updatable": false
    }
  },
  {
    "entity": {
      "_template": "ppsh_drum+item_in_world+visibility_traceable_item+ui_visible+disable_update",
      "transform": [
        [-0.492096,0.0160449,-0.870391],
        [-0.86745,-0.0932172,0.488716],
        [-0.0732935,0.995516,0.0597899],
        [-533.134,9.65211,151.589]
      ],
      "animchar__updatable": false
    }
  },
  {
    "entity": {
      "_template": "ppsh_drum+item_in_world+visibility_traceable_item+ui_visible+disable_update",
      "transform": [
        [0.343628,0.0015617,-0.939102],
        [0.938534,0.0343104,0.343477],
        [0.0327574,-0.999408,0.0103254],
        [-533.137,9.4624,151.575]
      ],
      "animchar__updatable": false
    }
  },
  {
    "entity": {
      "_template": "tt_magazine+item_in_world+visibility_traceable_item+ui_visible+disable_update",
      "transform": [
        [0.0193477,0.997338,0.0702804],
        [0.991366,-0.0100195,-0.13074],
        [-0.129688,0.0722026,-0.988922],
        [-533.658,9.37106,149.339]
      ],
      "animchar__updatable": false
    }
  },
  {
    "entity": {
      "_template": "mosin_magazine+item_in_world+visibility_traceable_item+ui_visible+disable_update",
      "transform": [
        [0.0966273,-0.994028,-0.0507085],
        [-0.0153509,0.0494527,-0.998659],
        [0.995202,0.0972759,-0.0104803],
        [-533.633,9.36753,149.675]
      ],
      "animchar__updatable": false
    }
  },
  {
    "entity": {
      "_template": "mosin_magazine+item_in_world+visibility_traceable_item+ui_visible+disable_update",
      "transform": [
        [0.0753789,-0.995864,-0.0507085],
        [-0.0142914,0.0497693,-0.998659],
        [0.997052,0.0760022,-0.0104803],
        [-533.644,9.36839,149.779]
      ],
      "animchar__updatable": false
    }
  },
  {
    "entity": {
      "_template": "mosin_magazine+item_in_world+visibility_traceable_item+ui_visible+disable_update",
      "transform": [
        [0.107947,-0.992862,-0.0507085],
        [-0.0159134,0.0492746,-0.998659],
        [0.994029,0.108609,-0.0104803],
        [-533.547,9.36894,149.719]
      ],
      "animchar__updatable": false
    }
  },
  {
    "entity": {
      "_template": "mosin_magazine+item_in_world+visibility_traceable_item+ui_visible+disable_update",
      "transform": [
        [-0.0574816,-0.997256,-0.0466204],
        [0.064281,-0.0502982,0.996664],
        [-0.996274,0.0542933,0.0669954],
        [-533.562,9.37615,149.962]
      ],
      "animchar__updatable": false
    }
  },
  {
    "entity": {
      "_template": "svt_40_magazine+item_in_world+visibility_traceable_item+ui_visible+disable_update",
      "transform": [
        [0.0248353,0.999681,0.0043197],
        [-0.914682,0.0209795,0.403629],
        [0.403409,-0.0139764,0.914912],
        [-533.369,9.37578,151.39]
      ],
      "animchar__updatable": false
    }
  },
  {
    "entity": {
      "_template": "avs_36_magazine+item_in_world+visibility_traceable_item+ui_visible+disable_update",
      "transform": [
        [0.00455565,0.998015,0.0627772],
        [-0.909459,-0.0219666,0.415216],
        [0.415772,-0.0589852,0.907554],
        [-533.419,9.37482,151.244]
      ],
      "animchar__updatable": false
    }
  },
  {
    "entity": {
      "_template": "dp_27_magazine+item_in_world+visibility_traceable_item+ui_visible+disable_update",
      "transform": [
        [-0.995371,-0.000616814,-0.0960945],
        [0.0002429,0.99996,-0.00893075],
        [0.0960967,-0.00891177,-0.995331],
        [-533.662,9.35159,151.534]
      ],
      "animchar__updatable": false
    }
  },
  {
    "entity": {
      "_template": "ptrs_41_magazine+item_in_world+visibility_traceable_item+ui_visible+disable_update",
      "transform": [
        [0.00196335,0.999991,0.0034991],
        [0.0802202,0.00333034,-0.996772],
        [-0.996774,0.00223795,-0.0802128],
        [-533.609,9.39801,148.97]
      ],
      "animchar__updatable": false
    }
  },
  {
    "entity": {
      "_template": "ppsh_drum+item_in_world+visibility_traceable_item+ui_visible+disable_update",
      "transform": [
        [-0.750062,-0.0371018,0.660324],
        [0.661199,-0.0644959,0.747433],
        [0.0148567,0.997228,0.0729074],
        [-533.146,9.57126,151.582]
      ],
      "animchar__updatable": false
    }
  },
  {
    "entity": {
      "_template": "ppsh_drum+item_in_world+visibility_traceable_item+ui_visible+disable_update",
      "transform": [
        [-0.490281,-0.0239787,-0.871233],
        [-0.868639,-0.0683908,0.490704],
        [-0.0713503,0.99737,0.0127017],
        [-533.142,9.49889,151.58]
      ],
      "animchar__updatable": false
    }
  },
  {
    "entity": {
      "_template": "ppsh_drum+item_in_world+visibility_traceable_item+ui_visible+disable_update",
      "transform": [
        [0.343628,-0.00261766,-0.9391],
        [0.938534,0.0358386,0.343321],
        [0.0327574,-0.999353,0.014773],
        [-533.124,9.38514,151.598]
      ],
      "animchar__updatable": false
    }
  },
  {
    "entity": {
      "_template": "f1_grenade_item+item_in_world+ui_visible+disable_update",
      "transform": [
        [-0.00449131,-0.509845,-0.860253],
        [0.9901,-0.122961,0.0677056],
        [-0.140297,-0.851432,0.50535],
        [-533.412,9.39108,149.35]
      ],
      "animchar__updatable": false
    }
  },
  {
    "entity": {
      "_template": "f1_grenade_item+item_in_world+ui_visible+disable_update",
      "transform": [
        [-0.0410578,0.12756,-0.990979],
        [0.997185,-0.0570563,-0.0486595],
        [-0.0627495,-0.990188,-0.12486],
        [-533.465,9.38157,149.45]
      ],
      "animchar__updatable": false
    }
  },
  {
    "entity": {
      "_template": "f1_grenade_item+item_in_world+ui_visible+disable_update",
      "transform": [
        [-0.0426025,0.417448,-0.9077],
        [0.997978,-0.0251189,-0.0583926],
        [-0.0471765,-0.908353,-0.415534],
        [-533.422,9.37829,149.21]
      ],
      "animchar__updatable": false
    }
  },
  {
    "entity": {
      "_template": "base_fortification_build+tutorial_ammunition_box_a",
      "transform": [
        [1.0,0.0,0.0],
        [0.0,1.0,0.0],
        [0.0,0.0,1.0],
        [-534.719,9.33534,147.629]
      ],
      "team": 1,
      "grenadeResupplyItem": "f1_grenade_item",
      "useful_box__maxUseCount": 99999
    }
  },
  {
    "entity": {
      "_template": "base_fortification_build+tutorial_ammunition_box_a",
      "transform": [
        [0.132376,0.0,-0.9912],
        [0.0,1.0,0.0],
        [0.9912,0.0,0.132376],
        [-534.323,8.74444,135.094]
      ],
      "team": 1,
      "grenadeResupplyItem": "f1_grenade_item",
      "useful_box__maxUseCount": 99999
    }
  },
  {
    "entity": {
      "_template": "base_fortification_build+tutorial_ammunition_box_a",
      "transform": [
        [0.865467,0.0,-0.500967],
        [0.0,1.0,0.0],
        [0.500967,0.0,0.865467],
        [-523.659,10.1247,375.179]
      ],
      "team": 1,
      "grenadeResupplyItem": "f1_grenade_item",
      "useful_box__maxUseCount": 99999
    }
  },
  {
    "entity": {
      "_template": "base_fortification_build+tutorial_ammunition_box_a",
      "transform": [
        [0.999566,0.0,0.0294573],
        [0.0,1.0,0.0],
        [-0.0294573,0.0,0.999566],
        [-523.193,10.2259,402.607]
      ],
      "team": 1,
      "grenadeResupplyItem": "f1_grenade_item",
      "useful_box__maxUseCount": 99999
    }
  },
  {
    "entity": {
      "_template": "base_fortification_build+tutorial_ammunition_box_a",
      "transform": [
        [0.999566,0.0,0.0294573],
        [0.0,1.0,0.0],
        [-0.0294573,0.0,0.999566],
        [-529.568,10.0852,482.533]
      ],
      "team": 1,
      "grenadeResupplyItem": "f1_grenade_item",
      "useful_box__maxUseCount": 99999
    }
  }
]