[
  {
    "entity": {
      "_template": "normandy_level",
      "level__blk": "content/enlisted/levels/normandy_smn_2x2.blk"
    }
  },
  {
    "entity": {
      "_template": "door_mult_ent_generator",
      "ri_extra_gen__blk": "content/enlisted/gamedata/normandy_doors.blk"
    }
  },
  {
    "entity": {
      "_template": "normandy_smn_minimap"
    }
  },
  {
    "entity": {
      "_template": "shaderVars",
      "shader_vars__vars:object": {
        "hmap_displacement_up": 0.3,
        "ocean1": "#8e894700",
        "ocean0": "#4c3f0500",
        "ocean_density": 0.1,
        "puddle_hardness": 12.0,
        "puddle_increase": -0.18,
        "puddle_flat_noise_normal_effect": 0.015,
        "puddle_flat_normal_hardness": 25.0,
        "land_selfillum_worldscale": 0.9,
        "river1": "#8e894700",
        "river0": "#4c3f0500",
        "hmap_displacement_down": -0.15,
        "puddle_flat_hmap_reduce": -0.2,
        "autodetect_land_selfillum_color": [0.53,0.0,0.0,0.16],
        "paint_details_tex": "normandy_wall_color_tex_palette*",
        "land_selfillum_strength": 32.0,
        "water_color_noise_size": 71.0,
        "puddle_flat_noise_height_reduce": 0.09,
        "river_density": 0.3
      }
    }
  },
  {
    "entity": {
      "_template": "bloom"
    }
  },
  {
    "entity": {
      "_template": "postfx_roundctrl",
      "post_fx:object": []
    }
  },
  {
    "entity": {
      "_template": "wind",
      "wind__strength": 2.0
    }
  },
  {
    "entity": {
      "_template": "water",
      "water__strength": 0.27
    }
  },
  {
    "entity": {
      "_template": "postfx_color_grading_tonemap_death_alive_enlisted"
    }
  },
  {
    "entity": {
      "_template": "static_cam",
      "camera__active": true,
      "transform": [
        [-0.793871,-1.86264e-09,0.608086],
        [-0.0305583,0.998736,-0.0398946],
        [-0.607318,-0.0502533,-0.792869],
        [41.3518,10.5811,231.274]
      ]
    }
  },
  {
    "entity": {
      "_template": "group_activator",
      "activator__activateChoice:object": []
    }
  },
  {
    "entity": {
      "_template": "session_finalizer",
      "session_finalizer__timer": 10.0
    }
  },
  {
    "entity": {
      "_template": "respawn_camera",
      "respawnCameraForTeam": 2,
      "transform": [
        [1.0,0.0,0.0],
        [0.0,1.0,0.0],
        [0.0,0.0,1.0],
        [-616.634,317.064,400.939]
      ]
    }
  },
  {
    "entity": {
      "_template": "respawn_camera",
      "respawnCameraForTeam": 1,
      "transform": [
        [1.0,0.0,0.0],
        [0.0,1.0,0.0],
        [0.0,0.0,1.0],
        [-606.564,323.692,1001.26]
      ]
    }
  },
  {
    "entity": {
      "_template": "team_usa+team_narrator_invasion_attack+respawn_creators_team",
      "team__memberCount": 0.0,
      "team__scoreCap": 2000.0,
      "team__score": 2000.0,
      "team__squadSpawnCost": 250,
      "team__firstSpawnCostMul": 0.0,
      "team__zeroScoreFailTimer": 60.0,
      "team__id": 1,
      "team__briefing": "invasion/attackers_goals",
      "team__winSubtitle": "debriefing/won_invasion_subtitle",
      "team__loseSubtitle": "debriefing/lost_invasion_subtitle",
      "team__winTitle": "debriefing/usa_won_invasion",
      "team__spawnBotArmy": "normandy_allies"
    }
  },
  {
    "entity": {
      "_template": "team_germany+team_narrator_invasion_defence+respawn_creators_team",
      "team__countAdd": 0.5,
      "team__memberCount": 0.5,
      "team__scoreCap": 5000.0,
      "team__capturePenalty": 1001.0,
      "team__score": 5000.0,
      "team__id": 2,
      "team__briefing": "invasion/defenders_goals",
      "team__winSubtitle": "debriefing/won_defence_subtitle",
      "team__loseSubtitle": "debriefing/lost_defence_subtitle",
      "team__winTitle": "debriefing/ger_won_defence",
      "team__spawnBotArmy": "normandy_axis"
    }
  },
  {
    "entity": {
      "_template": "gmc_353_b",
      "transform": [
        [-0.999203,0.0255444,0.0306879],
        [0.0260147,0.999549,0.0150229],
        [-0.0302903,0.0158092,-0.999416],
        [401.964,4.17306,286.333]
      ]
    }
  },
  {
    "entity": {
      "_template": "willys_mb",
      "transform": [
        [-0.93356,0.00474234,0.35839],
        [0.0408873,0.994794,0.0933427],
        [-0.356082,0.101795,-0.928894],
        [339.065,4.4514,395.859]
      ]
    }
  },
  {
    "entity": {
      "_template": "gmc_353_b",
      "transform": [
        [0.663306,-0.00527435,-0.74833],
        [0.0164544,0.999836,0.00753789],
        [0.748168,-0.0173133,0.663284],
        [276.695,3.77475,403.648]
      ]
    }
  },
  {
    "entity": {
      "_template": "gmc_353_a",
      "transform": [
        [0.55849,-0.0807647,-0.82557],
        [0.038935,0.996704,-0.0711674],
        [0.828597,0.00760275,0.559794],
        [271.09,4.01169,410.729]
      ]
    }
  },
  {
    "entity": {
      "_template": "gmc_353_b",
      "transform": [
        [-0.86811,-0.0169435,0.496083],
        [0.0320206,0.995424,0.090032],
        [-0.495338,0.0940426,-0.863595],
        [331.238,4.41832,400.75]
      ]
    }
  },
  {
    "entity": {
      "_template": "opel_blitz_kfz_305",
      "transform": [
        [0.746467,-0.0109262,-0.665333],
        [0.0275289,0.999516,0.0144717],
        [0.664853,-0.0291185,0.746407],
        [-335.825,4.37381,-111.52]
      ]
    }
  },
  {
    "entity": {
      "_template": "opel_blitz_kfz_305",
      "transform": [
        [0.225237,-0.00175784,0.974303],
        [0.00462476,0.999989,0.00073505],
        [-0.974293,0.00434035,0.225242],
        [-253.048,4.86975,-236.253]
      ]
    }
  },
  {
    "entity": {
      "_template": "vw_kubelwagen",
      "transform": [
        [0.385303,-0.00190864,0.922788],
        [0.000744897,0.999998,0.00175732],
        [-0.92279,1.02844e-05,0.385303],
        [-244.989,4.92159,-272.787]
      ]
    }
  },
  {
    "entity": {
      "_template": "vw_kubelwagen",
      "transform": [
        [0.61011,-0.00345084,0.792309],
        [0.00146554,0.999994,0.00322687],
        [-0.792315,-0.000807589,0.610111],
        [-275.606,4.92236,-200.599]
      ]
    }
  },
  {
    "entity": {
      "_template": "gmc_353_a",
      "transform": [
        [-0.578578,-0.00502598,-0.815612],
        [-0.00299636,0.999988,-0.00403659],
        [0.815622,0.00010838,-0.578586],
        [79.7177,4.40805,499.294]
      ]
    }
  },
  {
    "entity": {
      "_template": "gmc_353_b",
      "transform": [
        [-0.9003,-0.014013,-0.435044],
        [-0.0121184,0.999901,-0.00712895],
        [0.435101,-0.00114616,-0.900381],
        [88.8979,4.50514,506.655]
      ]
    }
  },
  {
    "entity": {
      "_template": "opel_blitz_kfz_305",
      "transform": [
        [0.88699,-4.47528e-05,0.461789],
        [-0.00138623,0.999995,0.00275954],
        [-0.461787,-0.00308783,0.886985],
        [-253.194,5.2939,-44.3402]
      ]
    }
  },
  {
    "entity": {
      "_template": "vw_kubelwagen",
      "transform": [
        [-0.572146,-0.00113086,0.820151],
        [0.000382174,0.999999,0.00164545],
        [-0.820152,0.00125488,-0.572145],
        [186.643,6.15762,174.022]
      ]
    }
  },
  {
    "entity": {
      "_template": "opel_blitz_kfz_305",
      "transform": [
        [-0.312863,0.000153752,0.949798],
        [0.00714085,0.999972,0.00219032],
        [-0.949771,0.00746763,-0.312856],
        [-183.653,6.40508,-76.7212]
      ]
    }
  },
  {
    "entity": {
      "_template": "opel_blitz_kfz_305",
      "transform": [
        [-0.682515,-0.0246976,0.730454],
        [-0.0213453,0.999676,0.013856],
        [-0.73056,-0.00613481,-0.682821],
        [-312.666,4.66175,30.0898]
      ]
    }
  },
  {
    "import": [
      {
        "scene": "content/enlisted/gamedata/scenes/_normandy_smn_sounds.blk"
      },
      {
        "scene": "content/enlisted/gamedata/scenes/_normandy_smn_gpu.blk"
      },
      {
        "scene": "content/enlisted/gamedata/scenes/_normandy_smn_biome_fx.blk"
      }
    ]
  }
]