[
  {
    "import": {
      "scene": "content/enlisted/gamedata/scenes/_tunisia_sounds.blk"
    }
  },
  {
    "entity": {
      "_template": "box_battle_area",
      "transform": [
        [76.0144,0.0,31.9206],
        [0.0,72.9181,-0.0],
        [-32.6381,0.0,77.723],
        [1457.79,12.1462,-571.03]
      ]
    }
  },
  {
    "entity": {
      "_template": "door_mult_ent_generator",
      "ri_extra_gen__blk": "content/enlisted/gamedata/volokolamsk_doors.blk"
    }
  },
  {
    "entity": {
      "_template": "closed_r_door+unbaked_door_ri",
      "transform": [
        [0.996195,0.0,0.0871554],
        [0.0,1.0,0.0],
        [-0.0871554,0.0,0.996195],
        [1373.02,20.6037,-524.708]
      ],
      "ri_extra__name": "russia_decor_door_ext_2200_a_r",
      "rebake__tm": [
        [0.996195,0.0,0.0871554],
        [0.0,1.0,0.0],
        [-0.0871554,0.0,0.996195],
        [104.588,4.5,157.247]
      ],
      "rebake__name": "russia_decor_door_ext_2200_a_r"
    }
  },
  {
    "entity": {
      "_template": "gun_game_mode_logic",
      "gun_game__levels:array": [
        {
          "gun_game__levels:object": {
            "weaponSlot": "primary",
            "levelKills": 3,
            "selectedSessionWeapon": "winchester_1895_gun",
            "selectedSessionAmmo": "mosin_magazine",
            "weapons:array": {
              "weapons": "winchester_1895_gun"
            }
          }
        },
        {
          "gun_game__levels:object": {
            "weaponSlot": "primary",
            "levelKills": 4,
            "selectedSessionWeapon": "winchester_model_1912_gun",
            "selectedSessionAmmo": "winchester_model_1912_magazine",
            "weapons:array": {
              "weapons": "winchester_model_1912_gun"
            }
          }
        },
        {
          "gun_game__levels:object": {
            "weaponSlot": "primary",
            "levelKills": 3,
            "selectedSessionWeapon": "toz_b_gun",
            "selectedSessionAmmo": "m30_luftwaffe_drilling_magazine",
            "weapons:array": {
              "weapons": "toz_b_gun"
            }
          }
        },
        {
          "gun_game__levels:object": {
            "weaponSlot": "primary",
            "levelKills": 4,
            "selectedSessionWeapon": "mp_18_gun",
            "selectedSessionAmmo": "mp_18_magazine",
            "weapons:array": {
              "weapons": "mp_18_gun"
            }
          }
        },
        {
          "gun_game__levels:object": {
            "weaponSlot": "primary",
            "levelKills": 2,
            "selectedSessionWeapon": "berdan_no_2_gun",
            "selectedSessionAmmo": "berdan_no_2_magazine",
            "weapons:array": {
              "weapons": "berdan_no_2_gun"
            }
          }
        },
        {
          "gun_game__levels:object": {
            "weaponSlot": "primary",
            "levelKills": 3,
            "selectedSessionWeapon": "ithaca_37_gun",
            "selectedSessionAmmo": "ithaca_37_magazine",
            "weapons:array": {
              "weapons": "ithaca_37_gun"
            }
          }
        },
        {
          "gun_game__levels:object": {
            "weaponSlot": "primary",
            "levelKills": 4,
            "selectedSessionWeapon": "browning_auto_5_gun",
            "selectedSessionAmmo": "browning_auto_5_magazine",
            "weapons:array": {
              "weapons": "browning_auto_5_gun"
            }
          }
        },
        {
          "gun_game__levels:object": {
            "weaponSlot": "primary",
            "levelKills": 2,
            "selectedSessionWeapon": "gewehr_88_gun",
            "selectedSessionAmmo": "mauser98k_magazine",
            "weapons:array": {
              "weapons": "gewehr_88_gun"
            }
          }
        },
        {
          "gun_game__levels:object": {
            "weaponSlot": "tertiary",
            "levelKills": 2,
            "selectedSessionWeapon": "nagant_m1895_gun",
            "selectedSessionAmmo": "nagant_m1895_magazine",
            "weapons:array": {
              "weapons": "nagant_m1895_gun"
            }
          }
        },
        {
          "gun_game__levels:object": {
            "weaponSlot": "primary",
            "levelKills": 3,
            "selectedSessionWeapon": "madsen_gun",
            "selectedSessionAmmo": "madsen_magazine",
            "weapons:array": {
              "weapons": "madsen_gun"
            }
          }
        },
        {
          "gun_game__levels:object": {
            "weaponSlot": "primary",
            "levelKills": 2,
            "selectedSessionWeapon": "neiman_minethrower_gun",
            "selectedSessionAmmo": "neiman_mine_item",
            "weapons:array": {
              "weapons": "neiman_minethrower_gun"
            }
          }
        },
        {
          "gun_game__levels:object": {
            "weaponSlot": "primary",
            "levelKills": 2,
            "selectedSessionWeapon": "m1903a1_springfield_gun",
            "selectedSessionAmmo": "m1903_springfield_magazine",
            "weapons:array": {
              "weapons": "m1903a1_springfield_gun"
            },
            "additionalWeapInfo:array": {
              "additionalWeapInfo:object": {
                "gunMods:object": {
                  "scope": "unertl_8x_sight"
                }
              }
            },
            "selectedAdditionalInfo:object": {
              "gunMods:object": {
                "scope": "unertl_8x_sight"
              }
            }
          }
        },
        {
          "gun_game__levels:object": {
            "weaponSlot": "primary",
            "levelKills": 1,
            "selectedSessionWeapon": "flammenwerfer_35_gun",
            "selectedSessionAmmo": "flamethrower_fuel_tank",
            "weapons:array": {
              "weapons": "flammenwerfer_35_gun"
            }
          }
        },
        {
          "gun_game__levels:object": {
            "weaponSlot": "tertiary",
            "levelKills": 4,
            "selectedSessionWeapon": "colt_new_service_m1909_gun",
            "selectedSessionAmmo": "colt_new_service_m1909_magazine",
            "weapons:array": {
              "weapons": "colt_new_service_m1909_gun"
            }
          }
        },
        {
          "gun_game__levels:object": {
            "weaponSlot": "primary",
            "levelKills": 3,
            "selectedSessionWeapon": "m30_luftwaffe_drilling_gun",
            "selectedSessionAmmo": "m30_luftwaffe_drilling_magazine",
            "weapons:array": {
              "weapons": "m30_luftwaffe_drilling_gun"
            }
          }
        },
        {
          "gun_game__levels:object": {
            "weaponSlot": "tertiary",
            "levelKills": 3,
            "selectedSessionWeapon": "enfield_no2_mk1_gun",
            "selectedSessionAmmo": "enfield_no2_mk1_magazine",
            "weapons:array": {
              "weapons": "enfield_no2_mk1_gun"
            }
          }
        },
        {
          "gun_game__levels:object": {
            "weaponSlot": "tertiary",
            "levelKills": 4,
            "selectedSessionWeapon": "sw_m1917_gun",
            "selectedSessionAmmo": "sw_m1917_magazine",
            "weapons:array": {
              "weapons": "sw_m1917_gun"
            }
          }
        },
        {
          "gun_game__levels:object": {
            "weaponSlot": "melee",
            "levelKills": 2,
            "selectedSessionWeapon": "british_officer_sword_weapon",
            "weapons:array": {
              "weapons": "british_officer_sword_weapon"
            }
          }
        },
        {
          "gun_game__levels:object": {
            "weaponSlot": "tertiary",
            "levelKills": 4,
            "selectedSessionWeapon": "colt_walker_gun",
            "selectedSessionAmmo": "colt_walker_magazine",
            "weapons:array": {
              "weapons": "colt_walker_gun"
            }
          }
        },
        {
          "gun_game__levels:object": {
            "weaponSlot": "melee",
            "levelKills": 3,
            "selectedSessionWeapon": "axe_weapon",
            "weapons:array": {
              "weapons": "axe_weapon"
            }
          }
        }
      ]
    }
  },
  {
    "entity": {
      "_template": "gun_game_mode_sounds"
    }
  },
  {
    "entity": {
      "_template": "custom_profile",
      "customProfile": "%enlSqGlob/data/gun_game_profile.json"
    }
  },
  {
    "entity": {
      "_template": "briefing_gun_game",
      "mission_name": "FACE_TAC Wild West",
      "loading_images:list<t>": {
        "item": "%ugm/cover.png"
      }
    }
  },
  {
    "entity": {
      "_template": "static_cam",
      "camera__active": true,
      "transform": [
        [-0.874084,0.00272234,-0.485769],
        [0.00971526,0.999882,-0.011878],
        [0.485678,-0.0151017,-0.874007],
        [1440.39,22.5119,-536.111]
      ],
      "fov": 70.0
    }
  },
  {
    "entity": {
      "_template": "minimap_tunisia_tataouine"
    }
  },
  {
    "entity": {
      "_template": "shaderVars",
      "shader_vars__vars:object": {
        "ocean1": [0.267,0.251,0.125,0.0],
        "ocean0": [0.278,0.247,0.129,0.0],
        "ocean_density": 0.4,
        "puddle_hardness": 33.0,
        "puddle_flat_noise_normal_effect": 0.015,
        "puddle_flat_normal_hardness": 45.0,
        "layered_fog_density": 0.008,
        "river1": [0.192,0.373,0.235,0.0],
        "river0": [0.58,0.592,0.38,0.0],
        "puddle_flat_hmap_reduce": -0.0095,
        "leaves_ss_profile": [1.0,1.0,1.0,0.0],
        "paint_details_tex": "tunisia_wall_color_tex_palette*",
        "layered_fog_height": 100.0,
        "puddle_increase": -0.02,
        "water_color_noise_size": 737.0,
        "puddle_flat_noise_height_reduce": 0.09,
        "max_river_width": 50.0,
        "river_density": 0.4
      }
    }
  },
  {
    "entity": {
      "_template": "postfx_color_grading_tonemap_death_alive_enlisted"
    }
  },
  {
    "entity": {
      "_template": "postfx_roundctrl"
    }
  },
  {
    "entity": {
      "_template": "session_finalizer",
      "session_finalizer__timer": 10.0
    }
  },
  {
    "entity": {
      "_template": "team_tunisia_allies+team_narrator_gun_game+respawn_creators_team",
      "team__id": 1,
      "team__score": 2500.0,
      "team__scoreCap": 2500.0,
      "score_bleed__domBleed": 0.0,
      "score_bleed__domBleedOn": false,
      "score_bleed__totalDomZoneCount": 3,
      "score_bleed__totalDomBleedMul": 2.0,
      "score_bleed__totalDomBleedOn": false,
      "team__briefing": "gun_game/common_goals",
      "team__numZonesCaptured": 0,
      "team__deathPenalty": 0.0,
      "team__spawnBotArmy": "tunisia_allies"
    }
  },
  {
    "entity": {
      "_template": "team_tunisia_axis+team_narrator_gun_game+respawn_creators_team",
      "team__id": 2,
      "team__score": 2500.0,
      "team__scoreCap": 2500.0,
      "score_bleed__domBleed": 0.0,
      "score_bleed__domBleedOn": false,
      "score_bleed__totalDomZoneCount": 3,
      "score_bleed__totalDomBleedMul": 2.0,
      "score_bleed__totalDomBleedOn": false,
      "team__briefing": "gun_game/common_goals",
      "team__numZonesCaptured": 0,
      "team__deathPenalty": 0.0,
      "team__spawnBotArmy": "tunisia_axis"
    }
  },
  {
    "entity": {
      "_template": "door_mult_ent_generator",
      "ri_extra_gen__blk": "content/e_tunisia/gamedata/tunisia_doors.blk"
    }
  },
  {
    "entity": {
      "_template": "level",
      "level__blk": "content/enlisted/levels/tunisia_4x4.blk",
      "level__minimapDefaultVisibleRadius": 75,
      "level__patchNavMeshPath": "%ugm/patch_nav_mesh.bin",
      "level__weatherChoice:object": [],
      "level__timeVec:array": {
        "level__timeVec": 12.0
      }
    }
  },
  {
    "entity": {
      "_template": "clouds_hole_target",
      "transform": [
        [1.0,0.0,0.0],
        [0.0,1.0,0.0],
        [0.0,0.0,1.0],
        [0.0,0.0,0.0]
      ]
    }
  },
  {
    "entity": {
      "_template": "water",
      "water__strength": 0.6,
      "water__level": 0.0,
      "water__wind_dir": 40.0
    }
  },
  {
    "entity": {
      "_template": "wind",
      "wind__strength": 4.0
    }
  },
  {
    "entity": {
      "_template": "distant_haze"
    }
  },
  {
    "entity": {
      "_template": "opel_blitz_kfz_305_broken+still_obstacle",
      "transform": [
        [0.322977,0.0,0.946407],
        [0.0,1.0,-0.0],
        [-0.946407,0.0,0.322977],
        [201.354,23.1309,-13.9362]
      ]
    }
  },
  {
    "entity": {
      "_template": "storage_tank_c+still_obstacle",
      "transform": [
        [0.797306,0.0,0.603576],
        [0.0,1.0,-0.0],
        [-0.603576,0.0,0.797306],
        [230.057,22.2428,4.40062]
      ]
    }
  },
  {
    "entity": {
      "_template": "storage_tank_c+still_obstacle",
      "transform": [
        [0.797306,0.0,0.603576],
        [0.0,1.0,-0.0],
        [-0.603576,0.0,0.797306],
        [225.869,22.37,0.975491]
      ]
    }
  },
  {
    "entity": {
      "_template": "24kw_flak_generator+still_obstacle",
      "transform": [
        [0.933882,-0.00337686,-0.357565],
        [0.00585917,0.999966,0.00585917],
        [0.357533,-0.00756681,0.93387],
        [196.438,22.9506,-2.53363]
      ]
    }
  },
  {
    "entity": {
      "_template": "game_rendinst+enbaked_ri",
      "transform": [
        [-0.426976,0.0,0.904263],
        [0.0,1.0,0.0],
        [-0.904263,0.0,-0.426976],
        [1472.41,18.8031,-597.887]
      ],
      "ri_extra__name": "russia_church_wood_c_walls_burnt"
    }
  },
  {
    "entity": {
      "_template": "terraforming",
      "elevs:array": [
        {
          "elevs": [1476.19,-539.455,3.0,0.2]
        },
        {
          "elevs": [1479.58,-539.239,3.0,0.2]
        }
      ],
      "egras:array": [
        {
          "egras": [1479.62,-558.564,2.0]
        },
        {
          "egras": [1445.29,-579.072,2.0]
        },
        {
          "egras": [1447.69,-559.529,1.0]
        },
        {
          "egras": [1447.75,-558.338,1.0]
        },
        {
          "egras": [1447.97,-558.048,1.0]
        },
        {
          "egras": [1440.82,-558.004,1.0]
        },
        {
          "egras": [1469.16,-562.889,1.0]
        },
        {
          "egras": [1470.31,-563.481,1.0]
        },
        {
          "egras": [1470.95,-563.748,1.0]
        },
        {
          "egras": [1471.71,-563.815,1.0]
        },
        {
          "egras": [1470.23,-563.571,1.0]
        },
        {
          "egras": [1469.07,-563.626,1.0]
        },
        {
          "egras": [1471.63,-563.544,1.0]
        },
        {
          "egras": [1471.92,-563.955,1.0]
        },
        {
          "egras": [1472.22,-564.119,1.0]
        },
        {
          "egras": [1434.36,-567.847,1.0]
        },
        {
          "egras": [1434.81,-569.935,1.0]
        },
        {
          "egras": [1487.13,-595.616,1.0]
        },
        {
          "egras": [1472.43,-598.735,1.0]
        },
        {
          "egras": [1472.45,-599.207,1.0]
        },
        {
          "egras": [1471.79,-598.261,1.0]
        },
        {
          "egras": [1474.29,-599.641,1.0]
        },
        {
          "egras": [1473.86,-596.355,1.0]
        },
        {
          "egras": [1473.92,-597.776,1.0]
        },
        {
          "egras": [1475.73,-599.429,1.0]
        },
        {
          "egras": [1475.85,-539.856,1.0]
        },
        {
          "egras": [1472.24,-546.472,1.0]
        },
        {
          "egras": [1471.75,-546.068,1.0]
        },
        {
          "egras": [1471.88,-547.414,1.0]
        },
        {
          "egras": [1471.83,-546.572,1.0]
        },
        {
          "egras": [1471.39,-546.04,1.0]
        },
        {
          "egras": [1471.06,-546.775,1.0]
        },
        {
          "egras": [1472.11,-547.388,1.0]
        },
        {
          "egras": [1422.69,-552.907,3.0]
        }
      ]
    }
  },
  {
    "entity": {
      "_template": "rendinsts_removes",
      "rirmv:array": {
        "rirmv:object": {
          "name": "african_plant_c",
          "tm": [
            [1.08364,0.0,0.0],
            [0.0,1.08364,0.0],
            [0.0,0.0,1.08364],
            [1472.36,18.3176,-546.868]
          ]
        }
      },
      "riunb:array": [
        {
          "riunb:object": {
            "name": "desert_stone_small_f",
            "tm": [
              [-0.256576,-0.00654699,-0.00463536],
              [0.0,-0.148334,0.209506],
              [-0.00802182,0.209404,0.148261],
              [1432.38,19.4147,-577.535]
            ]
          }
        },
        {
          "riunb:object": {
            "name": "desert_stone_small_d",
            "tm": [
              [0.0129691,-0.398204,-0.581123],
              [0.0,0.581221,-0.398271],
              [0.704464,0.00733087,0.0106984],
              [1433.89,19.3918,-576.768]
            ]
          }
        },
        {
          "riunb:object": {
            "name": "desert_stone_small_b",
            "tm": [
              [-0.742568,0.0219129,0.000954399],
              [0.0,-0.0323254,0.742188],
              [0.0219337,0.741865,0.0323113],
              [1452.4,19.0317,-601.813]
            ]
          }
        }
      ]
    }
  },
  {
    "entity": {
      "_template": "game_rendinst+enbaked_ri",
      "transform": [
        [0.91141,0.0,0.411501],
        [0.0,1.0,-0.0],
        [-0.411501,0.0,0.911409],
        [1467.66,19.1008,-616.884]
      ],
      "ri_extra__name": "windtower_a"
    }
  },
  {
    "entity": {
      "_template": "animated_scripted_rendinst",
      "transform": [
        [0.73267,0.665681,0.141642],
        [-0.653577,0.746236,-0.126368],
        [-0.18982,1.20029e-05,0.981819],
        [1467.51,30.3798,-615.72]
      ],
      "ri_extra__name": "windtower_a_wheel",
      "ang_speed_pitch": 15.0
    }
  },
  {
    "entity": {
      "_template": "game_rendinst+still_obstacle+enbaked_ri",
      "transform": [
        [-0.428878,0.0,0.903363],
        [0.0,1.0,0.0],
        [-0.903362,0.0,-0.428878],
        [1459.6,19.2259,-549.108]
      ],
      "ri_extra__name": "russia_village_hay_a"
    }
  },
  {
    "entity": {
      "_template": "game_rendinst+still_obstacle+enbaked_ri",
      "transform": [
        [-0.428267,0.0114855,0.90358],
        [0.0555729,0.998361,0.0136495],
        [-0.901942,0.0560601,-0.428203],
        [1464.11,19.0469,-560.246]
      ],
      "ri_extra__name": "russia_village_hay_a"
    }
  },
  {
    "entity": {
      "_template": "game_rendinst+still_obstacle+enbaked_ri",
      "transform": [
        [-0.940262,0.00949749,0.340321],
        [0.00585887,0.999914,-0.0117177],
        [-0.340403,-0.00902384,-0.940236],
        [1452.37,19.3866,-565.232]
      ],
      "ri_extra__name": "germany_coal_wagon_a"
    }
  },
  {
    "entity": {
      "_template": "game_rendinst+enbaked_ri",
      "transform": [
        [-0.431567,0.0170522,0.90192],
        [0.0516877,0.998646,0.00585144],
        [-0.900599,0.0491435,-0.431863],
        [1464.0,19.0859,-566.852]
      ],
      "ri_extra__name": "horse_cart_a"
    }
  },
  {
    "entity": {
      "_template": "game_rendinst+enbaked_ri",
      "transform": [
        [-0.734881,0.0,-0.678198],
        [0.0,1.0,0.0],
        [0.678197,0.0,-0.734879],
        [1445.15,19.4206,-551.834]
      ],
      "ri_extra__name": "horse_cart_water_barrel_a"
    }
  },
  {
    "entity": {
      "_template": "game_rendinst+still_obstacle+enbaked_ri",
      "transform": [
        [-0.511989,0.0416086,-0.857985],
        [0.0419437,0.998846,0.0234104],
        [0.857967,-0.0240011,-0.513142],
        [1477.75,18.5531,-581.701]
      ],
      "ri_extra__name": "horse_cart_e_a"
    }
  },
  {
    "entity": {
      "_template": "game_rendinst+still_obstacle+enbaked_ri",
      "transform": [
        [-0.43331,-0.0251694,0.900894],
        [0.031206,0.998592,0.0429082],
        [-0.900704,0.0467058,-0.431914],
        [1456.66,19.15,-546.089]
      ],
      "ri_extra__name": "horse_cart_e_b_stuff"
    }
  },
  {
    "entity": {
      "_template": "game_rendinst+still_obstacle+enbaked_ri",
      "transform": [
        [-0.432386,0.0,0.901689],
        [0.0,1.0,0.0],
        [-0.901688,0.0,-0.432386],
        [1449.8,19.3681,-560.847]
      ],
      "ri_extra__name": "horse_cart_c_b_stuff"
    }
  },
  {
    "entity": {
      "_template": "game_rendinst+still_obstacle+enbaked_ri",
      "transform": [
        [-0.432386,0.0,0.901689],
        [0.0,1.0,0.0],
        [-0.901688,0.0,-0.432386],
        [1429.52,19.6297,-551.922]
      ],
      "ri_extra__name": "african_well_b"
    }
  },
  {
    "entity": {
      "_template": "game_rendinst+still_obstacle+enbaked_ri",
      "transform": [
        [-0.432205,0.00649793,0.901752],
        [0.0292836,0.999548,0.00683285],
        [-0.9013,0.0293597,-0.432199],
        [1458.23,19.2323,-551.997]
      ],
      "ri_extra__name": "horse_cart_c_a_stuff"
    }
  },
  {
    "entity": {
      "_template": "game_rendinst+still_obstacle+enbaked_ri",
      "transform": [
        [0.39144,0.0,-0.920204],
        [0.0,1.0,0.0],
        [0.920204,-0.0,0.39144],
        [1422.79,19.2301,-555.334]
      ],
      "ri_extra__name": "karelia_village_bathhouse_01_walls"
    }
  },
  {
    "entity": {
      "_template": "gun_game_respawn_base",
      "transform": [
        [1.0,0.0,0.0],
        [0.0,1.0,0.0],
        [0.0,0.0,1.0],
        [1419.08,19.7301,-551.246]
      ],
      "team": 1
    }
  },
  {
    "entity": {
      "_template": "gun_game_respawn_base",
      "transform": [
        [1.0,0.0,0.0],
        [0.0,1.0,0.0],
        [0.0,0.0,1.0],
        [1439.9,19.0849,-614.122]
      ],
      "team": 1
    }
  },
  {
    "entity": {
      "_template": "gun_game_respawn_base",
      "transform": [
        [1.0,0.0,0.0],
        [0.0,1.0,0.0],
        [0.0,0.0,1.0],
        [1483.7,18.1373,-557.058]
      ],
      "team": 2
    }
  },
  {
    "entity": {
      "_template": "gun_game_respawn_base",
      "transform": [
        [-0.453646,0.0,-0.891182],
        [0.0,1.0,0.0],
        [0.891182,0.0,-0.453646],
        [1489.93,18.0805,-584.66]
      ],
      "team": 2,
      "gun_game__respawnFriendlyRadius": 10.0
    }
  },
  {
    "entity": {
      "_template": "winchester_1895_gun_item+item_in_world+visibility_traceable_item",
      "transform": [
        [1.0,0.0,0.0],
        [0.0,1.0,0.0],
        [0.0,0.0,1.0],
        [1392.37,20.1219,-614.156]
      ]
    }
  },
  {
    "entity": {
      "_template": "weather_clear_a"
    }
  },
  {
    "entity": {
      "_template": "game_rendinst+enbaked_ri",
      "transform": [
        [-0.92635,0.0,-0.376665],
        [0.0,1.0,0.0],
        [0.376665,0.0,-0.926349],
        [1426.1,19.652,-557.211]
      ],
      "ri_extra__name": "russia_decor_door_jamb_2200_flat_a"
    }
  },
  {
    "entity": {
      "_template": "game_rendinst+enbaked_ri",
      "transform": [
        [-0.439243,0.0,0.898369],
        [0.0,1.0,0.0],
        [-0.898368,0.0,-0.439242],
        [1422.44,19.7375,-557.196]
      ],
      "ri_extra__name": "russia_decor_door_jamb_2200_flat_a"
    }
  },
  {
    "entity": {
      "_template": "gun_game_respawn_base",
      "transform": [
        [1.0,0.0,0.0],
        [0.0,1.0,0.0],
        [0.0,0.0,1.0],
        [1428.44,19.8044,-549.251]
      ],
      "team": 1
    }
  },
  {
    "entity": {
      "_template": "gun_game_respawn_base",
      "transform": [
        [0.00959258,0.0,0.999954],
        [0.0,1.0,-0.0],
        [-0.999954,0.0,0.00959258],
        [1433.84,19.4434,-583.703]
      ],
      "team": 1
    }
  },
  {
    "entity": {
      "_template": "gun_game_respawn_base",
      "transform": [
        [1.0,0.0,0.0],
        [0.0,1.0,0.0],
        [0.0,0.0,1.0],
        [1488.3,17.7361,-562.861]
      ],
      "team": 2
    }
  },
  {
    "entity": {
      "_template": "toz_b_gun_item+item_in_world",
      "transform": [
        [1.0,0.0,0.0],
        [0.0,1.0,0.0],
        [0.0,0.0,1.0],
        [1392.29,20.2197,-614.207]
      ]
    }
  },
  {
    "entity": {
      "_template": "winchester_model_1912_trench_gun_item+item_in_world",
      "transform": [
        [1.0,0.0,0.0],
        [0.0,1.0,0.0],
        [0.0,0.0,1.0],
        [1392.11,20.2478,-614.21]
      ]
    }
  },
  {
    "entity": {
      "_template": "webley_mk6_nickel_gun_item+item_in_world",
      "transform": [
        [1.0,0.0,0.0],
        [0.0,1.0,0.0],
        [0.0,0.0,1.0],
        [1392.48,19.9766,-614.269]
      ]
    }
  },
  {
    "entity": {
      "_template": "colt_walker_gun_item+item_in_world",
      "transform": [
        [1.0,0.0,0.0],
        [0.0,1.0,0.0],
        [0.0,0.0,1.0],
        [1392.37,19.9436,-614.783]
      ]
    }
  },
  {
    "entity": {
      "_template": "colt_new_service_m1909_gun_item+item_in_world",
      "transform": [
        [1.0,0.0,0.0],
        [0.0,1.0,0.0],
        [0.0,0.0,1.0],
        [1392.47,19.856,-614.496]
      ]
    }
  },
  {
    "entity": {
      "_template": "berdan_no_2_gun_item+item_in_world",
      "transform": [
        [1.0,0.0,0.0],
        [0.0,1.0,0.0],
        [0.0,0.0,1.0],
        [1391.96,20.4965,-614.25]
      ]
    }
  },
  {
    "entity": {
      "_template": "game_rendinst+still_obstacle+enbaked_ri",
      "transform": [
        [0.419867,0.0,-0.907586],
        [-0.0,1.0,0.0],
        [0.907585,0.0,0.419867],
        [1449.58,19.2956,-570.308]
      ],
      "ri_extra__name": "soviet_wood_crates_c"
    }
  },
  {
    "entity": {
      "_template": "game_rendinst+still_obstacle+enbaked_ri",
      "transform": [
        [-0.949969,0.0,-0.312346],
        [0.0,1.0,0.0],
        [0.312345,0.0,-0.949968],
        [1456.9,19.2634,-593.18]
      ],
      "ri_extra__name": "horse_cart_c_b_stuff"
    }
  },
  {
    "entity": {
      "_template": "game_rendinst+enbaked_ri",
      "transform": [
        [0.419867,0.0,-0.907586],
        [-0.0,1.0,0.0],
        [0.907585,0.0,0.419867],
        [1455.31,19.2202,-575.06]
      ],
      "ri_extra__name": "wooden_barrel_c"
    }
  },
  {
    "entity": {
      "_template": "game_rendinst+enbaked_ri",
      "transform": [
        [0.419867,0.0,-0.907586],
        [-0.0,1.0,0.0],
        [0.907585,0.0,0.419867],
        [1454.9,19.2575,-574.17]
      ],
      "ri_extra__name": "wooden_barrel_c"
    }
  },
  {
    "entity": {
      "_template": "game_rendinst+enbaked_ri",
      "transform": [
        [0.419751,-0.00209233,-0.907637],
        [0.0555628,0.998181,0.0233949],
        [0.905936,-0.0602508,0.419104],
        [1470.17,18.7776,-576.713]
      ],
      "ri_extra__name": "wooden_barrel_c"
    }
  },
  {
    "entity": {
      "_template": "gun_game_respawn_base",
      "transform": [
        [0.0179812,0.0,-0.999838],
        [0.0,1.0,0.0],
        [0.999838,-0.0,0.0179812],
        [1437.83,19.7146,-562.192]
      ],
      "team": 1
    }
  },
  {
    "entity": {
      "_template": "gun_game_respawn_base",
      "transform": [
        [1.0,0.0,0.0],
        [0.0,1.0,0.0],
        [0.0,0.0,1.0],
        [1478.49,18.9167,-606.611]
      ],
      "team": 1,
      "gun_game__respawnFriendlyRadius": 10.0
    }
  },
  {
    "entity": {
      "_template": "gun_game_respawn_base",
      "transform": [
        [-0.015685,0.0,0.999877],
        [0.0,1.0,0.0],
        [-0.999877,0.0,-0.015685],
        [1468.34,18.7724,-558.078]
      ],
      "team": 1
    }
  },
  {
    "entity": {
      "_template": "game_rendinst+still_obstacle+enbaked_ri",
      "transform": [
        [0.387995,0.0,-0.921662],
        [0.0,1.0,0.0],
        [0.921661,-0.0,0.387994],
        [1443.48,19.6341,-532.529]
      ],
      "ri_extra__name": "wooden_fence_r_gate_a_jumb"
    }
  },
  {
    "entity": {
      "_template": "game_rendinst+enbaked_ri",
      "transform": [
        [0.419867,0.0,-0.907586],
        [-0.0,1.0,0.0],
        [0.907585,0.0,0.419867],
        [1434.32,19.4212,-553.192]
      ],
      "ri_extra__name": "wooden_barrel_c"
    }
  },
  {
    "entity": {
      "_template": "game_rendinst+enbaked_ri",
      "transform": [
        [0.419867,0.0,-0.907586],
        [-0.0,1.0,0.0],
        [0.907585,0.0,0.419867],
        [1438.59,19.4212,-563.423]
      ],
      "ri_extra__name": "wooden_barrel_c"
    }
  },
  {
    "entity": {
      "_template": "dreyse_m1907_gun_item+item_in_world",
      "transform": [
        [1.0,0.0,0.0],
        [0.0,1.0,0.0],
        [0.0,0.0,1.0],
        [1392.46,19.8957,-614.008]
      ]
    }
  },
  {
    "entity": {
      "_template": "ithaca_37_gun_item+item_in_world",
      "transform": [
        [1.0,0.0,0.0],
        [0.0,1.0,0.0],
        [0.0,0.0,1.0],
        [1392.03,20.3804,-614.385]
      ]
    }
  },
  {
    "entity": {
      "_template": "gun_game_respawn_base",
      "transform": [
        [-0.401521,0.0,0.91585],
        [0.0,1.0,0.0],
        [-0.91585,0.0,-0.401521],
        [1474.89,19.7289,-602.836]
      ]
    }
  },
  {
    "entity": {
      "_template": "gun_game_respawn_base",
      "transform": [
        [1.0,0.0,0.0],
        [0.0,1.0,0.0],
        [0.0,0.0,1.0],
        [1463.93,19.3628,-607.728]
      ]
    }
  },
  {
    "entity": {
      "_template": "gun_game_respawn_base",
      "transform": [
        [1.0,0.0,0.0],
        [0.0,1.0,0.0],
        [0.0,0.0,1.0],
        [1457.43,19.0849,-605.52]
      ],
      "gun_game__respawnFriendlyRadius": 10.0
    }
  },
  {
    "entity": {
      "_template": "gun_game_respawn_base",
      "transform": [
        [1.0,0.0,0.0],
        [0.0,1.0,0.0],
        [0.0,0.0,1.0],
        [1470.19,18.2123,-533.664]
      ],
      "team": 2
    }
  },
  {
    "entity": {
      "_template": "gun_game_respawn_base",
      "transform": [
        [1.0,0.0,0.0],
        [0.0,1.0,0.0],
        [0.0,0.0,1.0],
        [1478.93,18.3887,-560.461]
      ]
    }
  },
  {
    "entity": {
      "_template": "game_rendinst+enbaked_ri",
      "transform": [
        [-0.432086,0.0,-0.901834],
        [0.0,1.0,0.0],
        [0.901832,0.0,-0.432085],
        [1447.78,19.2248,-592.357]
      ],
      "ri_extra__name": "horse_cart_water_barrel_a"
    }
  },
  {
    "entity": {
      "_template": "game_rendinst+still_obstacle+enbaked_ri",
      "transform": [
        [-0.0686723,0.0,-0.997641],
        [0.0,1.0,0.0],
        [0.997638,0.0,-0.0686722],
        [1454.13,19.4206,-586.593]
      ],
      "ri_extra__name": "horse_cart_f_b"
    }
  },
  {
    "entity": {
      "_template": "game_rendinst+still_obstacle+enbaked_ri",
      "transform": [
        [-0.0686723,0.0,-0.997641],
        [0.0,1.0,0.0],
        [0.997638,0.0,-0.0686722],
        [1459.25,19.289,-557.925]
      ],
      "ri_extra__name": "horse_cart_f_b"
    }
  },
  {
    "entity": {
      "_template": "game_rendinst+enbaked_ri",
      "transform": [
        [0.419867,0.0,-0.907586],
        [-0.0,1.0,0.0],
        [0.907585,0.0,0.419867],
        [1441.49,19.3429,-586.329]
      ],
      "ri_extra__name": "wooden_barrel_c"
    }
  },
  {
    "entity": {
      "_template": "game_rendinst+enbaked_ri",
      "transform": [
        [0.419867,0.0,-0.907586],
        [-0.0,1.0,0.0],
        [0.907585,0.0,0.419867],
        [1451.97,19.0427,-599.466]
      ],
      "ri_extra__name": "wooden_barrel_c"
    }
  },
  {
    "entity": {
      "_template": "game_rendinst+enbaked_ri",
      "transform": [
        [0.419867,0.0,-0.907586],
        [-0.0,1.0,0.0],
        [0.907585,0.0,0.419867],
        [1486.1,17.9428,-573.237]
      ],
      "ri_extra__name": "wooden_barrel_c"
    }
  },
  {
    "entity": {
      "_template": "game_rendinst+enbaked_ri",
      "transform": [
        [0.419867,0.0,-0.907586],
        [-0.0,1.0,0.0],
        [0.907585,0.0,0.419867],
        [1486.97,17.9428,-575.204]
      ],
      "ri_extra__name": "horse_cart_f_a_stuff"
    }
  },
  {
    "entity": {
      "_template": "game_rendinst+still_obstacle+enbaked_ri",
      "transform": [
        [-0.734881,0.0,-0.678198],
        [0.0,1.0,0.0],
        [0.678197,0.0,-0.734879],
        [1447.91,19.4206,-555.382]
      ],
      "ri_extra__name": "horse_cart_f_a_stuff"
    }
  },
  {
    "entity": {
      "_template": "game_rendinst+enbaked_ri",
      "transform": [
        [-0.734881,0.0,-0.678198],
        [0.0,1.0,0.0],
        [0.678197,0.0,-0.734879],
        [1434.11,19.2248,-586.253]
      ],
      "ri_extra__name": "horse_cart_f_a_stuff"
    }
  },
  {
    "entity": {
      "_template": "game_rendinst+still_obstacle+enbaked_ri",
      "transform": [
        [-0.797513,0.0,-0.603305],
        [0.0,1.0,0.0],
        [0.603303,0.0,-0.797511],
        [1464.53,19.4206,-604.649]
      ],
      "ri_extra__name": "graveyard_cross_wood_a"
    }
  },
  {
    "entity": {
      "_template": "game_rendinst+still_obstacle+enbaked_ri",
      "transform": [
        [-0.797513,0.0,-0.603305],
        [0.0,1.0,0.0],
        [0.603303,0.0,-0.797511],
        [1463.73,19.4206,-604.999]
      ],
      "ri_extra__name": "graveyard_cross_wood_b"
    }
  },
  {
    "entity": {
      "_template": "game_rendinst+still_obstacle+enbaked_ri",
      "transform": [
        [-0.797513,0.0,-0.603305],
        [0.0,1.0,0.0],
        [0.603303,0.0,-0.797511],
        [1462.74,19.4206,-605.592]
      ],
      "ri_extra__name": "graveyard_cross_wood_f"
    }
  },
  {
    "entity": {
      "_template": "game_rendinst+still_obstacle+enbaked_ri",
      "transform": [
        [-0.797513,0.0,-0.603305],
        [0.0,1.0,0.0],
        [0.603303,0.0,-0.797511],
        [1463.35,19.4206,-607.087]
      ],
      "ri_extra__name": "graveyard_cross_wood_f"
    }
  },
  {
    "entity": {
      "_template": "game_rendinst+still_obstacle+enbaked_ri",
      "transform": [
        [-0.797513,0.0,-0.603305],
        [0.0,1.0,0.0],
        [0.603303,0.0,-0.797511],
        [1465.15,19.4206,-606.144]
      ],
      "ri_extra__name": "graveyard_cross_wood_a"
    }
  },
  {
    "entity": {
      "_template": "game_rendinst+still_obstacle+enbaked_ri",
      "transform": [
        [-0.797513,0.0,-0.603305],
        [0.0,1.0,0.0],
        [0.603303,0.0,-0.797511],
        [1465.1,19.4206,-607.822]
      ],
      "ri_extra__name": "graveyard_cross_wood_b"
    }
  },
  {
    "entity": {
      "_template": "game_rendinst+still_obstacle+enbaked_ri",
      "transform": [
        [-0.797513,0.0,-0.603305],
        [0.0,1.0,0.0],
        [0.603303,0.0,-0.797511],
        [1464.1,19.4206,-608.416]
      ],
      "ri_extra__name": "graveyard_cross_wood_k"
    }
  },
  {
    "entity": {
      "_template": "game_rendinst+still_obstacle+enbaked_ri",
      "transform": [
        [-0.797513,0.0,-0.603305],
        [0.0,1.0,0.0],
        [0.603303,0.0,-0.797511],
        [1465.9,19.4206,-607.473]
      ],
      "ri_extra__name": "graveyard_cross_wood_j"
    }
  },
  {
    "entity": {
      "_template": "game_rendinst+still_obstacle+enbaked_ri",
      "transform": [
        [0.904694,0.0,0.426066],
        [-0.0,1.0,0.0],
        [-0.426065,-0.0,0.904692],
        [1468.05,23.7713,-588.782]
      ],
      "ri_extra__name": "gravecross_wooden_german_f"
    }
  },
  {
    "entity": {
      "_template": "game_rendinst+still_obstacle+enbaked_ri",
      "transform": [
        [0.419867,0.0,-0.907586],
        [-0.0,1.0,0.0],
        [0.907585,0.0,0.419867],
        [1457.33,19.2575,-579.076]
      ],
      "ri_extra__name": "horse_cart_e_b_stuff"
    }
  },
  {
    "entity": {
      "_template": "game_rendinst+still_obstacle+enbaked_ri",
      "transform": [
        [-0.992028,0.0,-0.126032],
        [0.0,1.0,0.0],
        [0.126032,0.0,-0.992025],
        [1435.62,18.9677,-593.434]
      ],
      "ri_extra__name": "horse_cart_f_b"
    }
  },
  {
    "entity": {
      "_template": "light_sconce_big",
      "transform": [
        [1.0,0.0,0.0],
        [0.0,1.0,0.0],
        [0.0,0.0,1.0],
        [1412.81,21.8533,-538.482]
      ]
    }
  },
  {
    "entity": {
      "_template": "game_rendinst+still_obstacle+enbaked_ri",
      "transform": [
        [-0.999983,0.0,0.00592059],
        [0.0,1.0,0.0],
        [-0.00592058,0.0,-0.999982],
        [1463.2,19.2634,-594.452]
      ],
      "ri_extra__name": "horse_cart_e_b_stuff"
    }
  },
  {
    "entity": {
      "_template": "game_rendinst+still_obstacle+enbaked_ri",
      "transform": [
        [-0.889755,0.00380006,-0.456426],
        [0.00150168,0.999984,0.0053982],
        [0.456439,0.00411766,-0.889745],
        [1431.46,19.2806,-561.319]
      ],
      "ri_extra__name": "horse_cart_f_b_stuff"
    }
  },
  {
    "entity": {
      "_template": "game_rendinst+still_obstacle+enbaked_ri",
      "transform": [
        [-0.889755,0.00380006,-0.456426],
        [0.00150168,0.999984,0.0053982],
        [0.456439,0.00411766,-0.889745],
        [1432.95,19.2806,-554.725]
      ],
      "ri_extra__name": "horse_cart_f_a_stuff"
    }
  },
  {
    "entity": {
      "_template": "game_rendinst+still_obstacle+enbaked_ri",
      "transform": [
        [-0.993787,0.0292514,0.107399],
        [0.0278971,0.999511,-0.0140902],
        [-0.107758,-0.0110065,-0.994115],
        [1476.38,18.1559,-560.274]
      ],
      "ri_extra__name": "horse_cart_f_b"
    }
  },
  {
    "entity": {
      "_template": "game_rendinst+enbaked_ri",
      "transform": [
        [-0.569752,0.12249,-0.812639],
        [0.186416,0.982318,0.0173678],
        [0.800394,-0.141593,-0.58251],
        [1482.16,17.7521,-559.102]
      ],
      "ri_extra__name": "horse_cart_f_b"
    }
  },
  {
    "entity": {
      "_template": "game_rendinst+enbaked_ri",
      "transform": [
        [-0.797513,0.0,-0.603305],
        [0.0,1.0,0.0],
        [0.603303,0.0,-0.797511],
        [1464.35,19.4206,-606.493]
      ],
      "ri_extra__name": "graveyard_cross_wood_m"
    }
  },
  {
    "entity": {
      "_template": "game_rendinst+enbaked_ri",
      "transform": [
        [0.918551,0.0,0.395303],
        [0.0,1.0,-0.0],
        [-0.395303,0.0,0.91855],
        [1490.08,17.9428,-583.109]
      ],
      "ri_extra__name": "horse_cart_f_a_stuff"
    }
  },
  {
    "entity": {
      "_template": "game_rendinst+enbaked_ri",
      "transform": [
        [0.420047,0.0041067,-0.907493],
        [0.0429164,0.998781,0.0243843],
        [0.906487,-0.0491888,0.419358],
        [1478.25,18.6837,-588.171]
      ],
      "ri_extra__name": "wooden_barrel_c"
    }
  },
  {
    "entity": {
      "_template": "game_rendinst+enbaked_ri",
      "transform": [
        [0.883995,0.0,0.467497],
        [-0.0,1.0,0.0],
        [-0.467496,-0.0,0.883994],
        [1447.89,18.785,-530.618]
      ],
      "ri_extra__name": "wooden_fence_p_e"
    }
  },
  {
    "entity": {
      "_template": "game_rendinst+still_obstacle+enbaked_ri",
      "transform": [
        [0.883995,0.0,0.467497],
        [-0.0,1.0,0.0],
        [-0.467496,-0.0,0.883994],
        [1439.1,18.785,-534.509]
      ],
      "ri_extra__name": "wooden_fence_p_d"
    }
  },
  {
    "entity": {
      "_template": "helmet_swat_a_item+item_in_world",
      "transform": [
        [1.0,0.0,0.0],
        [0.0,1.0,0.0],
        [0.0,0.0,1.0],
        [1464.29,20.1088,-608.387]
      ]
    }
  },
  {
    "entity": {
      "_template": "game_rendinst+enbaked_ri",
      "transform": [
        [-0.43408,0.0571041,-0.899063],
        [0.0545723,0.997823,0.0370286],
        [0.89922,-0.0329905,-0.436251],
        [1469.18,18.8984,-578.612]
      ],
      "ri_extra__name": "horse_cart_f_a_stuff"
    }
  },
  {
    "entity": {
      "_template": "game_rendinst+enbaked_ri",
      "transform": [
        [-0.79676,0.00317833,-0.604289],
        [0.00649124,0.999974,-0.00329927],
        [0.604262,-0.00655131,-0.796758],
        [1459.81,19.3277,-587.4]
      ],
      "ri_extra__name": "horse_cart_f_a_stuff"
    }
  },
  {
    "entity": {
      "_template": "game_rendinst+still_obstacle+enbaked_ri",
      "transform": [
        [-0.607603,0.016876,0.794062],
        [0.0166132,0.999825,-0.00853683],
