{
  "c_47": [
    {
      "_use": "c_47_base"
    },
    {
      "_use": "squad_controlled_plane"
    },
    {
      "_use": "vehicle_seats_effectors"
    },
    {
      "_use": "paratrooper_plane_camera"
    },
    {
      "_use": "c_47_plane_sound"
    },
    {
      "item__name": "items/c_47"
    },
    {
      "vehicle_seats__seats:shared:array": [
        {
          "seats:object": {
            "name": "driver",
            "locName": "vehicle_seats/pilot",
            "seatOwnsEntityControl": true,
            "attachNode": "pilot1",
            "ignoreAttachNodeRotation": true,
            "attachTm": [
              [-0.0999983,1.12534e-07,0.994992],
              [0.0695387,0.999463,0.00698864],
              [-0.992567,0.0697564,-0.0997546],
              [-0.14,-0.54,0.34]
            ],
            "seatComponent": "isDriver",
            "receiveDamageFromDMPart": "pilot_dm",
            "cockpitTemplate": "c_47_driver_cockpit",
            "roomSpace": 0,
            "cockpitEffectors:object": {
              "r.hand": "stick_rhand_1",
              "l.hand": "throttle_lhand_1",
              "r.foot": "pedal_rfoot_1",
              "l.foot": "pedal_lfoot_1"
            }
          }
        },
        {
          "seats:object": {
            "name": "passenger1",
            "locName": "vehicle_seats/shooter",
            "attachNode": "gunner9",
            "ignoreAttachNodeRotation": true,
            "attachTm": [
              [2.01462e-05,-0.139171,-0.990259],
              [2.81613e-06,0.990203,-0.139163],
              [1.00012,1.4903e-08,2.03873e-05],
              [0.0,0.12,0.15]
            ],
            "seatComponent": "isPassenger",
            "canPlaceManually": true
          }
        },
        {
          "seats:object": {
            "name": "passenger5",
            "locName": "vehicle_seats/shooter",
            "attachNode": "gunner4",
            "ignoreAttachNodeRotation": true,
            "attachTm": [
              [-1.43041e-06,-0.275616,0.961197],
              [-3.72314e-07,0.960708,0.275476],
              [-0.999756,1.48975e-08,-1.48975e-06],
              [-0.06,0.11,-0.14]
            ],
            "seatComponent": "isPassenger",
            "canPlaceManually": true
          }
        },
        {
          "seats:object": {
            "name": "passenger6",
            "locName": "vehicle_seats/shooter",
            "attachNode": "gunner5",
            "ignoreAttachNodeRotation": true,
            "attachTm": [
              [-1.43041e-06,-0.275616,0.961197],
              [-3.72314e-07,0.960708,0.275476],
              [-0.999756,1.48975e-08,-1.48975e-06],
              [-0.06,0.11,-0.14]
            ],
            "seatComponent": "isPassenger",
            "canPlaceManually": true
          }
        },
        {
          "seats:object": {
            "name": "passenger7",
            "locName": "vehicle_seats/shooter",
            "attachNode": "gunner6",
            "ignoreAttachNodeRotation": true,
            "attachTm": [
              [-1.43041e-06,-0.275616,0.961197],
              [-3.72314e-07,0.960708,0.275476],
              [-0.999756,1.48975e-08,-1.48975e-06],
              [-0.06,0.11,-0.14]
            ],
            "seatComponent": "isPassenger",
            "canPlaceManually": true
          }
        },
        {
          "seats:object": {
            "name": "passenger8",
            "locName": "vehicle_seats/shooter",
            "attachNode": "gunner7",
            "ignoreAttachNodeRotation": true,
            "attachTm": [
              [-1.43041e-06,-0.275616,0.961197],
              [-3.72314e-07,0.960708,0.275476],
              [-0.999756,1.48975e-08,-1.48975e-06],
              [-0.06,0.11,-0.14]
            ],
            "seatComponent": "isPassenger",
            "canPlaceManually": true
          }
        }
      ]
    }
  ],
  "c_47_driver_cockpit": {
    "_use": "base_plane_cockpit",
    "cockpit__offset": [0.0,0.0,0.0],
    "cockpit__angles": [0.0,0.0,0.0],
    "cockpit__scale": [1.0,1.0,1.0],
    "animchar__res": "c_47a_cockpit_char",
    "plane_anim__blk": "gamedata/units/c_47.blk",
    "plane_sight__blk": "gamedata/units/c_47.blk",
    "move_cockpit_node__nodeName:list<t>": [
      {
        "node": "stick_rhand_1"
      },
      {
        "node": "throttle_lhand_1"
      }
    ],
    "move_cockpit_node__nodeId:list<i>": [
      {
        "nodeId": -1
      },
      {
        "nodeId": -1
      }
    ],
    "move_cockpit_node__offset:list<p3>": [
      {
        "item": [-0.004,0.05,-0.05]
      },
      {
        "item": [-0.0265,0.07,0.07]
      }
    ],
    "move_cockpit_node__rotation:list<p2>": [
      {
        "item": [65.5,61.3]
      },
      {
        "item": [-45.7,58.0]
      }
    ]
  },
  "c_47_paratroopers": {
    "_use": "c_47",
    "disableVehicleResupply:tag": [],
    "replay_camera__attachToHuman:tag": [],
    "vehicle_seats__seats:shared:array": [
      {
        "seats:object": {
          "name": "paratrooper",
          "locName": "vehicle_seats/paratrooper",
          "seatOwnsEntityControl": true,
          "attachNode": "pilot1",
          "ignoreAttachNodeRotation": true,
          "attachTm": [
            [-0.0999983,1.12534e-07,0.994992],
            [0.0695387,0.999463,0.00698864],
            [-0.992567,0.0697564,-0.0997546],
            [-0.14,-0.54,0.34]
          ],
          "seatComponent": "isPassenger",
          "receiveDamageFromDMPart": "pilot_dm",
          "roomSpace": 0,
          "canPlaceManually": true,
          "isHoldGunModeAllowed": false,
          "cockpitTemplate": "c_47_driver_cockpit",
          "cockpitEffectors:object": {
            "r.hand": "stick_rhand_1",
            "l.hand": "throttle_lhand_1",
            "r.foot": "pedal_rfoot_1",
            "l.foot": "pedal_lfoot_1"
          }
        }
      },
      {
        "seats:object": {
          "name": "passanger",
          "locName": "vehicle_seats/paratrooper",
          "attachNode": "gunner9",
          "ignoreAttachNodeRotation": true,
          "attachTm": [
            [-2.16253e-07,-0.241846,-0.969993],
            [-4.14199e-08,0.969313,-0.241676],
            [0.999533,3.70563e-10,-2.21353e-07],
            [-0.02,0.1,0.05]
          ],
          "seatComponent": "isPassenger",
          "canPlaceManually": false
        }
      },
      {
        "seats:object": {
          "name": "passanger",
          "locName": "vehicle_seats/paratrooper",
          "attachNode": "gunner11",
          "ignoreAttachNodeRotation": true,
          "attachTm": [
            [-2.16253e-07,-0.241846,-0.969993],
            [-4.14199e-08,0.969313,-0.241676],
            [0.999533,3.70563e-10,-2.21353e-07],
            [-0.02,0.1,0.05]
          ],
          "seatComponent": "isPassenger",
          "canPlaceManually": false
        }
      },
      {
        "seats:object": {
          "name": "passanger",
          "locName": "vehicle_seats/paratrooper",
          "attachNode": "gunner7",
          "ignoreAttachNodeRotation": true,
          "attachTm": [
            [-1.44682e-06,-0.325437,0.94516],
            [-1.02148e-06,0.944147,0.325088],
            [-0.999234,-4.93922e-07,-1.69997e-06],
            [-0.06,0.11,-0.1]
          ],
          "seatComponent": "isPassenger",
          "canPlaceManually": false
        }
      },
      {
        "seats:object": {
          "name": "passanger",
          "locName": "vehicle_seats/paratrooper",
          "attachNode": "gunner5",
          "ignoreAttachNodeRotation": true,
          "attachTm": [
            [-1.44682e-06,-0.325437,0.94516],
            [-1.02148e-06,0.944147,0.325088],
            [-0.999234,-4.93922e-07,-1.69997e-06],
            [-0.06,0.11,-0.1]
          ],
          "seatComponent": "isPassenger",
          "canPlaceManually": false
        }
      },
      {
        "seats:object": {
          "name": "passanger",
          "locName": "vehicle_seats/paratrooper",
          "attachNode": "gunner6",
          "ignoreAttachNodeRotation": true,
          "attachTm": [
            [-1.44682e-06,-0.325437,0.94516],
            [-1.02148e-06,0.944147,0.325088],
            [-0.999234,-4.93922e-07,-1.69997e-06],
            [-0.06,0.11,-0.1]
          ],
          "seatComponent": "isPassenger",
          "canPlaceManually": false
        }
      },
      {
        "seats:object": {
          "name": "passanger",
          "locName": "vehicle_seats/pilot",
          "attachNode": "gunner3",
          "ignoreAttachNodeRotation": true,
          "attachTm": [
            [0.998214,-0.0523031,-1.19898e-08],
            [0.0522321,0.996859,-6.27375e-10],
            [1.19995e-08,3.23889e-18,0.999017],
            [-0.21,0.08,-0.03]
          ],
          "seatComponent": "isDriver",
          "canPlaceManually": false
        }
      }
    ]
  }
}