[
  {
    "import": [
      {
        "scene": "content/enlisted/gamedata/scenes/_berlin_level.blk"
      },
      {
        "scene": "content/enlisted/gamedata/scenes/_berlin_opera_gpu_objects.blk"
      },
      {
        "scene": "content/enlisted/gamedata/scenes/_berlin_opera_biom_fx.blk"
      },
      {
        "scene": "content/enlisted/gamedata/scenes/_berlin_opera_background_fx.blk"
      },
      {
        "scene": "content/enlisted/gamedata/scenes/_berlin_opera_projectors.blk"
      },
      {
        "scene": "content/enlisted/gamedata/scenes/_berlin_opera_tracers.blk"
      }
    ]
  },
  {
    "entity": {
      "_template": "enemy_attack_marker"
    }
  },
  {
    "entity": {
      "_template": "static_cam",
      "camera__active": true,
      "transform": [
        [-0.652336,0.0,0.75793],
        [0.00834575,0.999939,0.00718302],
        [-0.757884,0.0110112,-0.652296],
        [259.25,12.9123,-74.7043]
      ]
    }
  },
  {
    "entity": {
      "_template": "group_activator",
      "activator__initialLength": 5,
      "activator__activateChoice:object": {
        "1_capzone_american_embassy": 1.0
      }
    }
  },
  {
    "entity": {
      "_template": "box_battle_area",
      "transform": [
        [182.984,0.0,53.2833],
        [0.0,50.9745,0.0],
        [-65.1214,0.0,223.638],
        [474.451,15.3537,-158.197]
      ],
      "groupName": "1_capzone_wilhelmstrasse",
      "battle_area__team": 1,
      "battle_area__timeToDamage": 10.0,
      "battle_area__damage": 3.0,
      "active": false
    }
  },
  {
    "entity": {
      "_template": "box_battle_area",
      "transform": [
        [198.641,0.0,58.6434],
        [0.0,50.9745,0.0],
        [-71.6722,0.0,242.773],
        [518.597,15.3537,-310.722]
      ],
      "groupName": "1_capzone_wilhelmstrasse",
      "battle_area__team": 2,
      "battle_area__timeToDamage": 10.0,
      "battle_area__damage": 3.0,
      "active": false
    }
  },
  {
    "entity": {
      "_template": "box_battle_area",
      "transform": [
        [187.574,0.0,29.739],
        [0.0,50.9745,0.0],
        [-36.3461,0.0,229.249],
        [267.439,15.3537,-178.952]
      ],
      "groupName": "2_capzone_goebbels_villa",
      "battle_area__team": 1,
      "battle_area__timeToDamage": 10.0,
      "battle_area__damage": 3.0,
      "active": false
    }
  },
  {
    "entity": {
      "_template": "box_battle_area",
      "transform": [
        [185.742,0.0,19.1101],
        [0.0,50.9745,0.0],
        [-23.3559,0.0,227.009],
        [299.481,15.3537,-348.391]
      ],
      "groupName": "2_capzone_goebbels_villa",
      "battle_area__team": 2,
      "battle_area__timeToDamage": 10.0,
      "battle_area__damage": 3.0,
      "active": false
    }
  },
  {
    "entity": {
      "_template": "box_battle_area",
      "transform": [
        [175.358,0.0,46.6735],
        [0.0,50.9745,0.0],
        [-62.7517,0.0,230.893],
        [229.458,15.3537,-129.309]
      ],
      "groupName": "1_capzone_american_embassy",
      "battle_area__team": 1,
      "battle_area__timeToDamage": 10.0,
      "battle_area__damage": 3.0,
      "active": false
    }
  },
  {
    "entity": {
      "_template": "box_battle_area",
      "transform": [
        [197.538,0.0,-9.58316],
        [0.0,50.9745,0.0],
        [11.7121,0.0,241.426],
        [260.574,15.3537,-279.702]
      ],
      "groupName": "1_capzone_american_embassy",
      "battle_area__team": 2,
      "battle_area__timeToDamage": 10.0,
      "battle_area__damage": 3.0,
      "active": false
    }
  },
  {
    "entity": {
      "_template": "box_battle_area",
      "transform": [
        [191.281,0.0,50.0306],
        [0.0,50.9745,0.0],
        [-61.1459,0.0,233.779],
        [484.155,15.3537,-258.87]
      ],
      "groupName": "2_capzone_headquarters",
      "battle_area__team": 1,
      "battle_area__timeToDamage": 10.0,
      "battle_area__damage": 3.0,
      "active": false
    }
  },
  {
    "entity": {
      "_template": "box_battle_area",
      "transform": [
        [190.149,0.0,55.9228],
        [0.0,50.9745,0.0],
        [-68.3473,0.0,232.396],
        [520.811,15.3537,-429.982]
      ],
      "groupName": "2_capzone_headquarters",
      "battle_area__team": 2,
      "battle_area__timeToDamage": 10.0,
      "battle_area__damage": 3.0,
      "active": false
    }
  },
  {
    "entity": {
      "_template": "box_battle_area",
      "transform": [
        [194.139,0.0,5.23278],
        [0.0,50.9745,0.0],
        [-6.39536,0.0,237.272],
        [213.599,15.3537,-458.629]
      ],
      "groupName": "2_capzone_goering_strasse",
      "battle_area__team": 2,
      "battle_area__timeToDamage": 10.0,
      "battle_area__damage": 3.0,
      "active": false
    }
  },
  {
    "entity": {
      "_template": "box_battle_area",
      "transform": [
        [186.25,0.0,-1.75921],
        [0.0,50.9745,0.0],
        [2.00677,0.0,210.453],
        [212.665,15.3537,-299.647]
      ],
      "groupName": "2_capzone_goering_strasse",
      "battle_area__team": 1,
      "battle_area__timeToDamage": 10.0,
      "battle_area__damage": 3.0,
      "active": false
    }
  },
  {
    "entity": {
      "_template": "box_battle_area",
      "transform": [
        [-181.043,0.0,-58.841],
        [0.0,50.9745,0.0],
        [71.9141,0.0,-221.267],
        [300.39,15.3537,-251.599]
      ],
      "groupName": "3_capzone_ministry_gardens",
      "battle_area__team": 1,
      "battle_area__timeToDamage": 10.0,
      "battle_area__damage": 3.0,
      "active": false
    }
  },
  {
    "entity": {
      "_template": "box_battle_area",
      "transform": [
        [-200.656,0.0,-54.8811],
        [0.0,50.9745,0.0],
        [67.0741,0.0,-245.236],
        [347.077,15.3537,-424.199]
      ],
      "groupName": "3_capzone_ministry_gardens",
      "battle_area__team": 2,
      "battle_area__timeToDamage": 10.0,
      "battle_area__damage": 3.0,
      "active": false
    }
  },
  {
    "entity": {
      "_template": "box_battle_area",
      "transform": [
        [200.18,0.0,64.3148],
        [0.0,50.9745,0.0],
        [-78.6037,0.0,244.655],
        [525.411,15.3537,-432.663]
      ],
      "groupName": "3_capzone_old_reich_chancellery",
      "battle_area__team": 1,
      "battle_area__timeToDamage": 10.0,
      "battle_area__damage": 3.0,
      "active": false
    }
  },
  {
    "entity": {
      "_template": "box_battle_area",
      "transform": [
        [-46.5395,0.0,176.13],
        [0.0,50.9745,0.0],
        [-215.261,0.0,-56.8793],
        [574.712,15.3537,-572.542]
      ],
      "groupName": "3_capzone_old_reich_chancellery",
      "battle_area__team": 2,
      "battle_area__timeToDamage": 10.0,
      "battle_area__damage": 3.0,
      "active": false
    }
  },
  {
    "entity": {
      "_template": "box_battle_area",
      "transform": [
        [37.9517,0.0,-173.083],
        [0.0,50.9745,0.0],
        [211.537,0.0,46.3835],
        [378.115,15.3537,-531.639]
      ],
      "groupName": "4_capzone_greenhouse",
      "battle_area__team": 2,
      "battle_area__timeToDamage": 10.0,
      "battle_area__damage": 3.0,
      "active": false
    }
  },
  {
    "entity": {
      "_template": "box_battle_area",
      "transform": [
        [-53.9326,0.0,275.161],
        [0.0,50.9745,0.0],
        [-204.741,0.0,-39.4174],
        [324.998,15.3537,-366.891]
      ],
      "groupName": "4_capzone_greenhouse",
      "battle_area__team": 1,
      "battle_area__timeToDamage": 10.0,
      "battle_area__damage": 3.0,
      "active": false
    }
  },
  {
    "entity": {
      "_template": "box_battle_area",
      "transform": [
        [203.806,0.0,21.4137],
        [0.0,50.9745,0.0],
        [-21.7366,0.0,204.173],
        [231.628,15.3537,-632.649]
      ],
      "groupName": "3_capzone_garage",
      "battle_area__team": 2,
      "battle_area__timeToDamage": 10.0,
      "battle_area__damage": 3.0,
      "active": false
    }
  },
  {
    "entity": {
      "_template": "box_battle_area",
      "transform": [
        [164.599,0.0,22.3102],
        [0.0,50.9745,0.0],
        [-30.2427,0.0,241.74],
        [236.603,15.3537,-466.664]
      ],
      "groupName": "3_capzone_garage",
      "battle_area__team": 1,
      "battle_area__timeToDamage": 10.0,
      "battle_area__damage": 3.0,
      "active": false
    }
  },
  {
    "entity": {
      "_template": "box_battle_area",
      "transform": [
        [190.988,0.0,-100.626],
        [0.0,50.9745,0.0],
        [79.0395,0.0,151.473],
        [378.147,15.3537,-478.185]
      ],
      "groupName": "5_capzone_hitlers_bunker",
      "battle_area__team": 1,
      "battle_area__timeToDamage": 10.0,
      "battle_area__damage": 3.0,
      "active": false
    }
  },
  {
    "entity": {
      "_template": "box_battle_area",
      "transform": [
        [189.112,0.0,-48.5809],
        [0.0,50.9745,0.0],
        [56.8995,0.0,221.463],
        [508.972,15.3537,-529.849]
      ],
      "groupName": "5_capzone_hitlers_bunker",
      "battle_area__team": 2,
      "battle_area__timeToDamage": 10.0,
      "battle_area__damage": 3.0,
      "active": false
    }
  },
  {
    "entity": {
      "_template": "box_battle_area",
      "transform": [
        [-27.6104,0.0,107.662],
        [0.0,50.9745,0.0],
        [-124.5,0.0,-31.4909],
        [498.478,15.3537,-622.68]
      ],
      "groupName": "4_honor_courtyard",
      "battle_area__team": 2,
      "battle_area__timeToDamage": 10.0,
      "battle_area__damage": 3.0,
      "active": false
    }
  },
  {
    "entity": {
      "_template": "box_battle_area",
      "transform": [
        [-43.1457,0.0,157.807],
        [0.0,50.9745,0.0],
        [-133.804,0.0,-36.1457],
        [587.38,15.3537,-578.132]
      ],
      "groupName": "4_honor_courtyard",
      "battle_area__team": 1,
      "battle_area__timeToDamage": 10.0,
      "battle_area__damage": 3.0,
      "active": false
    }
  },
  {
    "entity": {
      "_template": "box_battle_area",
      "transform": [
        [147.46,0.0,15.2773],
        [0.0,50.9745,0.0],
        [-24.6371,0.0,220.202],
        [218.513,15.3537,-621.012]
      ],
      "groupName": "4_reich_chancellery_fountain_yard",
      "battle_area__team": 1,
      "battle_area__timeToDamage": 10.0,
      "battle_area__damage": 3.0,
      "active": false
    }
  },
  {
    "entity": {
      "_template": "box_battle_area",
      "transform": [
        [-20.0113,0.0,142.675],
        [0.0,50.9745,0.0],
        [-164.925,0.0,-22.5772],
        [328.314,15.3537,-664.942]
      ],
      "groupName": "4_reich_chancellery_fountain_yard",
      "battle_area__team": 2,
      "battle_area__timeToDamage": 10.0,
      "battle_area__damage": 3.0,
      "active": false
    }
  },
  {
    "entity": {
      "_template": "box_battle_area",
      "transform": [
        [-29.7683,0.0,180.852],
        [0.0,50.9745,0.0],
        [-282.887,0.0,-46.2239],
        [492.943,15.3537,-617.515]
      ],
      "groupName": "5_hitlers_office",
      "battle_area__team": 1,
      "battle_area__timeToDamage": 10.0,
      "battle_area__damage": 3.0,
      "active": false
    }
  },
  {
    "entity": {
      "_template": "box_battle_area",
      "transform": [
        [-32.6386,0.0,177.341],
        [0.0,50.9745,0.0],
        [-237.588,0.0,-43.1086],
        [306.708,15.3537,-650.958]
      ],
      "groupName": "5_hitlers_office",
      "battle_area__team": 2,
      "battle_area__timeToDamage": 10.0,
      "battle_area__damage": 3.0,
      "active": false
    }
  },
  {
    "entity": {
      "_template": "box_battle_area",
      "transform": [
        [-32.6386,0.0,177.341],
        [0.0,50.9745,0.0],
        [-237.588,0.0,-43.1086],
        [284.127,15.3537,-656.742]
      ],
      "groupName": "5_hitlers_office_second_chain",
      "battle_area__team": 1,
      "battle_area__timeToDamage": 10.0,
      "battle_area__damage": 3.0,
      "active": false
    }
  },
  {
    "entity": {
      "_template": "box_battle_area",
      "transform": [
        [-29.7683,0.0,180.852],
        [0.0,50.9745,0.0],
        [-282.887,0.0,-46.2239],
        [488.584,15.3537,-619.761]
      ],
      "groupName": "5_hitlers_office_second_chain",
      "battle_area__team": 2,
      "battle_area__timeToDamage": 10.0,
      "battle_area__damage": 3.0,
      "active": false
    }
  },
  {
    "entity": {
      "_template": "team_ussr_berlin+team_narrator_invasion_attack",
      "team__memberCount": 0.0,
      "team__scoreCap": 1750.0,
      "team__score": 1750.0,
      "team__squadSpawnCost": 250,
      "team__firstSpawnCostMul": 0.0,
      "team__zeroScoreFailTimer": 120.0,
      "team__id": 1,
      "team__briefing": "invasion/attackers_goals",
      "team__winSubtitle": "debriefing/won_invasion_subtitle",
      "team__loseSubtitle": "debriefing/lost_invasion_subtitle",
      "team__winTitle": "debriefing/ussr_won_invasion",
      "team__spawnBotArmy": "moscow_allies"
    }
  },
  {
    "entity": {
      "_template": "team_germany_berlin+team_narrator_invasion_defence",
      "team__countAdd": 0.5,
      "team__memberCount": 0.5,
      "team__scoreCap": 5000.0,
      "team__capturePenalty": 1001.0,
      "team__score": 5000.0,
      "team__id": 2,
      "team__briefing": "invasion/defenders_goals",
      "team__winSubtitle": "debriefing/won_defence_subtitle",
      "team__loseSubtitle": "debriefing/lost_defence_subtitle",
      "team__winTitle": "debriefing/ger_won_defence",
      "team__spawnBotArmy": "moscow_axis"
    }
  },
  {
    "entity": {
      "_template": "defend_zone_chained_sphere+defend_zone_respawnbase",
      "transform": [
        [1.0,0.0,0.0],
        [0.0,1.0,0.0],
        [0.0,0.0,1.0],
        [503.565,3.22278,-233.001]
      ],
      "groupName": "1_capzone_wilhelmstrasse",
      "capzone__capRewardPartCap": 1.0,
      "capzone__onlyTeamCanCapture": 1,
      "capzone__capReward": 250.0,
      "capzone__icon": "AAA",
      "capzone__caption": "capzone/wilhelmstrasse",
      "capzone__capTime": 30.0,
      "capzone__capTeam": -1,
      "active": false,
      "capzone__deactivateAfterTimeout": 25.0,
      "capzone__spawnAtZoneTimeout": 25.0,
      "capzone__createRespawnBaseForTeam": 2,
      "decal__thickness": 0.3,
      "decal__height": 0.3,
      "capzone__activateChoice:object": {
        "2_capzone_headquarters": 1.0
      }
    }
  },
  {
    "entity": {
      "_template": "respTeam1",
      "transform": [
        [0.776058,0.0,-0.630663],
        [0.0,1.0,0.0],
        [0.630663,0.0,0.776058],
        [463.751,4.67948,-156.991]
      ],
      "groupName": "1_capzone_wilhelmstrasse",
      "active": false
    }
  },
  {
    "entity": {
      "_template": "respTeam1",
      "transform": [
        [0.202985,0.0,-0.979182],
        [0.0,1.0,0.0],
        [0.979182,0.0,0.202985],
        [480.25,4.0263,-139.78]
      ],
      "groupName": "1_capzone_wilhelmstrasse",
      "active": false
    }
  },
  {
    "entity": {
      "_template": "respVehicle",
      "transform": [
        [0.216415,0.0955405,-0.971616],
        [-0.0475444,0.995051,0.087255],
        [0.975143,0.0273114,0.219886],
        [454.859,4.0263,-84.6827]
      ],
      "groupName": "1_capzone_wilhelmstrasse",
      "team": 1,
      "respTime": 150,
      "maxVehicleOnSpawn": 2,
      "active": false
    }
  },
  {
    "entity": {
      "_template": "respTeam2",
      "transform": [
        [0.541074,0.0,0.840974],
        [0.0,1.0,0.0],
        [-0.840974,0.0,0.541074],
        [490.939,4.51385,-308.36]
      ],
      "groupName": "1_capzone_wilhelmstrasse",
      "active": false
    }
  },
  {
    "entity": {
      "_template": "respTeam2",
      "transform": [
        [-0.972467,0.0,0.233039],
        [0.0,1.0,0.0],
        [-0.233039,0.0,-0.972467],
        [550.405,6.52644,-300.074]
      ],
      "groupName": "1_capzone_wilhelmstrasse",
      "active": false
    }
  },
  {
    "entity": {
      "_template": "respVehicle",
      "transform": [
        [-0.259463,0.0,0.965753],
        [0.0,1.0,0.0],
        [-0.965753,0.0,-0.259463],
        [551.209,6.52644,-374.577]
      ],
      "groupName": "1_capzone_wilhelmstrasse",
      "team": 2,
      "respTime": 150,
      "maxVehicleOnSpawn": 2,
      "active": false
    }
  },
  {
    "entity": {
      "_template": "defend_zone_chained_box+defend_zone_respawnbase",
      "transform": [
        [8.63107,0.0,0.733034],
        [0.0,3.34206,0.0],
        [-1.67966,0.0,18.4045],
        [275.805,6.05313,-267.393]
      ],
      "groupName": "2_capzone_goebbels_villa",
      "capzone__capRewardPartCap": 1.1,
      "capzone__onlyTeamCanCapture": 1,
      "capzone__capReward": 250.0,
      "capzone__icon": "AAA",
      "capzone__caption": "capzone/goebbels_villa",
      "capzone__capTime": 30.0,
      "capzone__capTeam": -1,
      "active": false,
      "capzone__deactivateAfterTimeout": 25.0,
      "capzone__spawnAtZoneTimeout": 25.0,
      "capzone__createRespawnBaseForTeam": 2,
      "decal__thickness": 0.3,
      "decal__height": 0.3,
      "capzone__activateChoice:object": {
        "3_capzone_ministry_gardens": 1.0
      }
    }
  },
  {
    "entity": {
      "_template": "respTeam1",
      "transform": [
        [0.140642,0.0,-0.99006],
        [0.0,1.0,0.0],
        [0.99006,0.0,0.140642],
        [257.419,4.02632,-171.919]
      ],
      "groupName": "2_capzone_goebbels_villa",
      "active": false
    }
  },
  {
    "entity": {
      "_template": "respTeam1",
      "transform": [
        [0.177139,0.0,-0.984186],
        [0.0,1.0,0.0],
        [0.984186,0.0,0.177139],
        [231.284,4.02632,-187.166]
      ],
      "groupName": "2_capzone_goebbels_villa",
      "active": false
    }
  },
  {
    "entity": {
      "_template": "respVehicle",
      "transform": [
        [0.361783,0.0,-0.932263],
        [0.0,1.0,0.0],
        [0.932263,0.0,0.361783],
        [210.091,4.02632,-124.549]
      ],
      "groupName": "2_capzone_goebbels_villa",
      "team": 1,
      "respTime": 150,
      "maxVehicleOnSpawn": 2,
      "active": false
    }
  },
  {
    "entity": {
      "_template": "respTeam2",
      "transform": [
        [-0.546156,0.0,0.837684],
        [0.0,1.0,0.0],
        [-0.837684,0.0,-0.546156],
        [326.235,4.02633,-328.781]
      ],
      "groupName": "2_capzone_goebbels_villa",
      "active": false
    }
  },
  {
    "entity": {
      "_template": "respTeam2",
      "transform": [
        [0.431619,0.0,0.902056],
        [0.0,1.0,0.0],
        [-0.902056,0.0,0.431619],
        [235.82,4.22537,-338.51]
      ],
      "groupName": "2_capzone_goebbels_villa",
      "active": false
    }
  },
  {
    "entity": {
      "_template": "respVehicle",
      "transform": [
        [0.109999,0.0,0.993932],
        [0.0,1.0,0.0],
        [-0.993932,0.0,0.109999],
        [197.0,4.22537,-400.156]
      ],
      "groupName": "2_capzone_goebbels_villa",
      "team": 2,
      "respTime": 150,
      "maxVehicleOnSpawn": 2,
      "active": false
    }
  },
  {
    "entity": {
      "_template": "defend_zone_chained_sphere+defend_zone_respawnbase",
      "transform": [
        [0.937779,0.0,0.347233],
        [0.0,1.0,0.0],
        [-0.347233,0.0,0.937779],
        [494.467,3.66328,-345.902]
      ],
      "groupName": "2_capzone_headquarters",
      "capzone__capRewardPartCap": 1.1,
      "capzone__onlyTeamCanCapture": 1,
      "capzone__capReward": 250.0,
      "capzone__icon": "AAA",
      "capzone__caption": "capzone/headquarters",
      "capzone__capTime": 30.0,
      "capzone__capTeam": -1,
      "active": false,
      "capzone__deactivateAfterTimeout": 25.0,
      "capzone__spawnAtZoneTimeout": 25.0,
      "capzone__createRespawnBaseForTeam": 2,
      "sphere_zone__radius": 8.5,
      "capzone__activateChoice:object": {
        "3_capzone_old_reich_chancellery": 1.0
      }
    }
  },
  {
    "entity": {
      "_template": "respTeam1",
      "transform": [
        [-0.241016,0.0,-0.970521],
        [0.0,1.0,0.0],
        [0.970521,0.0,-0.241016],
        [476.716,4.02552,-247.435]
      ],
      "groupName": "2_capzone_headquarters",
      "active": false
    }
  },
  {
    "entity": {
      "_template": "respTeam1",
      "transform": [
        [-0.267428,0.0,-0.963577],
        [0.0,1.0,0.0],
        [0.963577,0.0,-0.267428],
        [554.617,4.02552,-262.373]
      ],
      "groupName": "2_capzone_headquarters",
      "active": false
    }
  },
  {
    "entity": {
      "_template": "respVehicle",
      "transform": [
        [0.318971,0.0,-0.947764],
        [0.0,1.0,0.0],
        [0.947764,0.0,0.318971],
        [489.003,4.02552,-205.719]
      ],
      "groupName": "2_capzone_headquarters",
      "team": 1,
      "respTime": 150,
      "maxVehicleOnSpawn": 2,
      "active": false
    }
  },
  {
    "entity": {
      "_template": "respTeam2",
      "transform": [
        [0.0283557,0.0,0.999598],
        [0.0,1.0,0.0],
        [-0.999598,0.0,0.0283557],
        [539.7,4.02424,-410.079]
      ],
      "groupName": "2_capzone_headquarters",
      "active": false
    }
  },
  {
    "entity": {
      "_template": "respTeam2",
      "transform": [
        [-0.208443,0.0,0.978035],
        [0.0,1.0,0.0],
        [-0.978036,0.0,-0.208443],
        [503.241,4.02424,-424.767]
      ],
      "groupName": "2_capzone_headquarters",
      "active": false
    }
  },
  {
    "entity": {
      "_template": "respVehicle",
      "transform": [
        [-0.340093,0.0,0.940392],
        [0.0,1.0,0.0],
        [-0.940393,0.0,-0.340094],
        [581.295,4.02424,-466.778]
      ],
      "groupName": "2_capzone_headquarters",
      "team": 2,
      "respTime": 150,
      "maxVehicleOnSpawn": 2,
      "active": false
    }
  },
  {
    "entity": {
      "_template": "defend_zone_chained_sphere+defend_zone_respawnbase",
      "transform": [
        [0.089019,0.0,0.99603],
        [0.0,1.0,0.0],
        [-0.99603,0.0,0.089019],
        [211.253,3.70395,-375.284]
      ],
      "groupName": "2_capzone_goering_strasse",
      "capzone__capRewardPartCap": 1.1,
      "capzone__onlyTeamCanCapture": 1,
      "capzone__capReward": 250.0,
      "capzone__icon": "AAA",
      "capzone__caption": "capzone/goering_strasse",
      "capzone__capTime": 30.0,
      "capzone__capTeam": -1,
      "active": false,
      "sphere_zone__radius": 6.0,
      "capzone__deactivateAfterTimeout": 25.0,
      "capzone__spawnAtZoneTimeout": 25.0,
      "capzone__createRespawnBaseForTeam": 2,
      "capzone__activateChoice:object": {
        "3_capzone_garage": 1.0
      }
    }
  },
  {
    "entity": {
      "_template": "respTeam1",
      "transform": [
        [0.281002,0.0,-0.959707],
        [0.0,1.0,0.0],
        [0.959707,0.0,0.281002],
        [185.176,4.96674,-277.419]
      ],
      "groupName": "2_capzone_goering_strasse",
      "active": false
    }
  },
  {
    "entity": {
      "_template": "respTeam1",
      "transform": [
        [-0.212867,0.0,-0.977081],
        [0.0,1.0,0.0],
        [0.977081,0.0,-0.212867],
        [250.003,4.24985,-278.905]
      ],
      "groupName": "2_capzone_goering_strasse",
      "active": false
    }
  },
  {
    "entity": {
      "_template": "respVehicle",
      "transform": [
        [-0.199208,0.0,-0.979958],
        [0.0,1.0,0.0],
        [0.979958,0.0,-0.199208],
        [219.964,4.24985,-224.375]
      ],
      "groupName": "2_capzone_goering_strasse",
      "team": 1,
      "respTime": 150,
      "maxVehicleOnSpawn": 2,
      "active": false
    }
  },
  {
    "entity": {
      "_template": "respTeam2",
      "transform": [
        [-0.652105,0.0,0.758129],
        [0.0,1.0,0.0],
        [-0.758129,0.0,-0.652105],
        [259.213,4.02429,-444.602]
      ],
      "groupName": "2_capzone_goering_strasse",
      "active": false
    }
  },
  {
    "entity": {
      "_template": "respTeam2",
      "transform": [
        [0.411659,0.0,0.911338],
        [0.0,1.0,0.0],
        [-0.911338,0.0,0.411659],
        [192.763,4.28092,-450.339]
      ],
      "groupName": "2_capzone_goering_strasse",
      "active": false
    }
  },
  {
    "entity": {
      "_template": "respVehicle",
      "transform": [
        [0.379246,0.0,0.925296],
        [0.0,1.0,0.0],
        [-0.925296,0.0,0.379246],
        [179.779,4.28092,-517.147]
      ],
      "groupName": "2_capzone_goering_strasse",
      "team": 2,
      "respTime": 150,
      "maxVehicleOnSpawn": 2,
      "active": false
    }
  },
  {
    "entity": {
      "_template": "defend_zone_chained_box+defend_zone_respawnbase",
      "transform": [
        [8.94383,0.0,3.28301],
        [0.0,3.30665,0.0],
        [-5.56451,0.0,15.452],
        [550.056,5.01931,-531.951]
      ],
      "groupName": "3_capzone_old_reich_chancellery",
      "capzone__capRewardPartCap": 1.2,
      "capzone__onlyTeamCanCapture": 1,
      "capzone__capReward": 250.0,
      "capzone__icon": "AAA",
      "capzone__caption": "capzone/old_reich_chancellery",
      "capzone__capTime": 30.0,
      "capzone__capTeam": -1,
      "active": false,
      "capzone__deactivateAfterTimeout": 25.0,
      "capzone__spawnAtZoneTimeout": 25.0,
      "capzone__createRespawnBaseForTeam": 2,
      "capzone__activateChoice:object": {
        "4_honor_courtyard": 1.0
      }
    }
  },
  {
    "entity": {
      "_template": "respTeam1",
      "transform": [
        [0.194815,0.0,-0.98084],
        [0.0,1.0,0.0],
        [0.98084,0.0,0.194815],
        [559.929,4.02552,-428.66]
      ],
      "groupName": "3_capzone_old_reich_chancellery",
      "active": false
    }
  },
  {
    "entity": {
      "_template": "respTeam1",
      "transform": [
        [0.600934,0.0,-0.799298],
        [0.0,1.0,0.0],
        [0.799298,0.0,0.600934],
        [513.476,4.02552,-438.0]
      ],
      "groupName": "3_capzone_old_reich_chancellery",
      "active": false
    }
  },
  {
    "entity": {
      "_template": "respVehicle",
      "transform": [
        [0.274205,0.0,-0.961671],
        [0.0,1.0,0.0],
        [0.961671,0.0,0.274205],
        [554.726,4.02552,-374.161]
      ],
      "groupName": "3_capzone_old_reich_chancellery",
      "team": 1,
      "respTime": 150,
      "maxVehicleOnSpawn": 2,
      "active": false
    }
  },
  {
    "entity": {
      "_template": "respTeam2",
      "transform": [
        [0.679826,0.0,0.733373],
        [0.0,1.0,0.0],
        [-0.733373,0.0,0.679827],
        [539.702,4.31658,-600.695]
      ],
      "groupName": "3_capzone_old_reich_chancellery",
      "active": false
    }
  },
  {
    "entity": {
      "_template": "respTeam2",
      "transform": [
        [-0.786137,0.0,0.618051],
        [0.0,1.0,0.0],
        [-0.618051,0.0,-0.786138],
        [633.743,4.06751,-571.258]
      ],
      "groupName": "3_capzone_old_reich_chancellery",
      "active": false
    }
  },
  {
    "entity": {
      "_template": "respVehicle",
      "transform": [
        [-0.333738,0.0,0.942666],
        [0.0,1.0,0.0],
        [-0.942666,0.0,-0.333739],
        [645.127,4.06751,-630.154]
      ],
      "groupName": "3_capzone_old_reich_chancellery",
      "team": 2,
      "respTime": 150,
      "maxVehicleOnSpawn": 2,
      "active": false
    }
  },
  {
    "entity": {
      "_template": "defend_zone_chained_sphere+defend_zone_respawnbase",
      "transform": [
        [1.0,0.0,0.0],
        [0.0,1.0,0.0],
        [0.0,0.0,1.0],
        [449.174,3.17165,-516.425]
      ],
      "groupName": "5_capzone_hitlers_bunker",
      "capzone__capRewardPartCap": 1.3,
      "capzone__onlyTeamCanCapture": 1,
      "capzone__capReward": 250.0,
      "capzone__icon": "AAA",
      "capzone__caption": "capzone/hitlers_bunker",
      "capzone__capTime": 30.0,
      "capzone__capTeam": -1,
      "active": false,
      "sphere_zone__radius": 5.5,
      "capzone__deactivateAfterTimeout": 25.0,
      "capzone__spawnAtZoneTimeout": 25.0,
      "capzone__createRespawnBaseForTeam": 2,
      "decal__thickness": 0.3
    }
  },
  {
    "entity": {
      "_template": "respTeam1",
      "transform": [
        [0.813741,0.0,-0.581229],
        [0.0,1.0,0.0],
        [0.581229,0.0,0.813741],
        [363.65,3.98043,-444.511]
      ],
      "groupName": "5_capzone_hitlers_bunker",
      "active": false
    }
  },
  {
    "entity": {
      "_template": "respVehicle",
      "transform": [
        [0.924492,0.378399,-0.0461356],
        [-0.185473,0.340769,-0.921671],
        [-0.333038,0.860634,0.385221],
        [292.906,3.98043,-478.296]
      ],
      "groupName": "5_capzone_hitlers_bunker",
      "team": 1,
      "respTime": 150,
      "maxVehicleOnSpawn": 2,
      "active": false
    }
  },
  {
    "entity": {
      "_template": "respTeam2",
      "transform": [
        [-0.510628,0.0,0.859802],
        [0.0,1.0,0.0],
        [-0.859803,0.0,-0.510628],
        [502.778,5.89452,-591.258]
      ],
      "groupName": "5_capzone_hitlers_bunker",
      "active": false
    }
  },
  {
    "entity": {
      "_template": "respTeam2",
      "transform": [
        [-0.948183,0.0,-0.317726],
        [0.0,1.0,0.0],
        [0.317726,0.0,-0.948184],
        [540.655,4.16626,-535.363]
      ],
      "groupName": "5_capzone_hitlers_bunker",
      "active": false
    }
  },
  {
    "entity": {
      "_template": "respVehicle",
      "transform": [
        [-0.962201,0.0,-0.272343],
        [0.0,1.0,0.0],
        [0.272343,0.0,-0.962202],
        [533.883,5.89493,-452.45]
      ],
      "groupName": "5_capzone_hitlers_bunker",
      "team": 2,
      "respTime": 150,
      "maxVehicleOnSpawn": 2,
      "active": false
    }
  },
  {
    "entity": {
      "_template": "defend_zone_chained_box+defend_zone_respawnbase",
      "transform": [
        [-7.11362,0.0,-0.136158],
        [0.0,3.43331,0.0],
        [-0.0672885,0.0,-11.2712],
        [249.336,6.69245,-189.637]
      ],
      "groupName": "1_capzone_american_embassy",
      "capzone__capRewardPartCap": 1.0,
      "capzone__onlyTeamCanCapture": 1,
      "capzone__capReward": 250.0,
      "capzone__icon": "AAA",
      "capzone__caption": "capzone/american_embassy",
      "capzone__capTime": 30.0,
      "capzone__capTeam": -1,
      "active": false,
      "capzone__deactivateAfterTimeout": 25.0,
      "capzone__spawnAtZoneTimeout": 25.0,
      "capzone__createRespawnBaseForTeam": 2,
      "decal__thickness": 0.3,
      "capzone__activateChoice:object": {
        "2_capzone_goebbels_villa": 1.0
      }
    }
  },
  {
    "entity": {
      "_template": "respTeam1",
      "transform": [
        [-0.669732,0.0,-0.742602],
        [0.0,1.0,0.0],
        [0.742602,0.0,-0.669732],
        [292.076,4.0263,-92.1324]
      ],
      "groupName": "1_capzone_american_embassy",
      "active": false
    }
  },
  {
    "entity": {
      "_template": "respTeam1",
      "transform": [
        [0.680342,0.0,-0.732894],
        [0.0,1.0,0.0],
        [0.732894,0.0,0.680342],
        [188.046,4.0263,-104.081]
      ],
      "groupName": "1_capzone_american_embassy",
      "active": false
    }
  },
  {
    "entity": {
      "_template": "respVehicle",
      "transform": [
        [0.120079,0.0,-0.992764],
        [0.0,1.0,0.0],
        [0.992764,0.0,0.120079],
        [203.178,4.0263,-50.2457]
      ],
      "groupName": "1_capzone_american_embassy",
      "team": 1,
      "respTime": 150,
      "maxVehicleOnSpawn": 2,
      "active": false
    }
  },
  {
    "entity": {
      "_template": "respTeam2",
      "transform": [
        [-0.0813268,0.0,0.996688],
        [0.0,1.0,0.0],
        [-0.996688,0.0,-0.0813268],
        [221.232,4.08289,-277.017]
      ],
      "groupName": "1_capzone_american_embassy",
      "active": false
    }
  },
  {
    "entity": {
      "_template": "respTeam2",
      "transform": [
        [-0.387305,0.0,0.921952],
        [0.0,1.0,0.0],
        [-0.921952,0.0,-0.387305],
        [312.796,4.02633,-245.415]
      ],
      "groupName": "1_capzone_american_embassy",
      "active": false
    }
  },
  {
    "entity": {
      "_template": "respVehicle",
      "transform": [
        [0.0614951,0.0,0.998107],
        [0.0,1.0,0.0],
        [-0.998107,0.0,0.0614951],
        [199.387,4.02633,-364.225]
      ],
      "groupName": "1_capzone_american_embassy",
      "team": 2,
      "respTime": 150,
      "maxVehicleOnSpawn": 2,
      "active": false
    }
  },
  {
    "entity": {
      "_template": "defend_zone_chained_box+defend_zone_respawnbase",
      "transform": [
        [8.78152,0.0,0.773597],
        [0.0,3.16819,0.0],
        [-0.576996,0.0,6.54981],
        [335.83,4.67856,-333.312]
      ],
      "groupName": "3_capzone_ministry_gardens",
      "capzone__capRewardPartCap": 1.1,
      "capzone__onlyTeamCanCapture": 1,
      "capzone__capReward": 250.0,
      "capzone__icon": "AAA",
      "capzone__caption": "capzone/ministry_gardens",
      "capzone__capTime": 30.0,
      "capzone__capTeam": -1,
      "active": false,
      "capzone__deactivateAfterTimeout": 25.0,
      "capzone__spawnAtZoneTimeout": 25.0,
      "capzone__createRespawnBaseForTeam": 2,
      "capzone__activateChoice:object": {
        "4_capzone_greenhouse": 1.0
      }
    }
  },
  {
    "entity": {
      "_template": "respTeam1",
      "transform": [
        [-0.388783,0.0,-0.921329],
        [0.0,1.0,0.0],
        [0.921329,0.0,-0.388782],
        [367.276,4.02552,-244.175]
      ],
      "groupName": "3_capzone_ministry_gardens",
      "active": false
    }
  },
  {
    "entity": {
      "_template": "respTeam1",
      "transform": [
        [0.428709,0.0,-0.903443],
        [0.0,1.0,0.0],
        [0.903443,0.0,0.428709],
        [273.928,5.27579,-264.373]
      ],
      "groupName": "3_capzone_ministry_gardens",
      "active": false
    }
  },
  {
    "entity": {
      "_template": "respTeam1",
      "transform": [
        [0.270054,0.0,-0.962845],
        [0.0,1.0,0.0],
        [0.962845,0.0,0.270055],
        [311.61,4.02552,-243.107]
      ],
      "groupName": "3_capzone_ministry_gardens",
      "active": false
    }
  },
  {
    "entity": {
      "_template": "respVehicle",
      "transform": [
        [0.136935,0.0,-0.99058],
        [0.0,1.0,0.0],
        [0.99058,0.0,0.136936],
        [214.314,4.02552,-257.68]
      ],
      "groupName": "3_capzone_ministry_gardens",
      "team": 1,
      "respTime": 150,
      "maxVehicleOnSpawn": 2,
      "active": false
    }
  },
  {
    "entity": {
      "_template": "respTeam2",
      "transform": [
        [0.386076,0.0,0.922467],
        [0.0,1.0,0.0],
        [-0.922467,0.0,0.386076],
        [304.212,4.57429,-409.683]
      ],
      "groupName": "3_capzone_ministry_gardens",
      "active": false
    }
  },
  {
    "entity": {
      "_template": "respTeam2",
      "transform": [
        [-0.219632,0.0,0.975583],
        [0.0,1.0,0.0],
        [-0.975583,0.0,-0.219632],
        [349.798,6.20537,-415.496]
      ],
      "groupName": "3_capzone_ministry_gardens",
      "active": false
    }
  },
  {
    "entity": {
      "_template": "respTeam2",
      "transform": [
        [-0.413157,0.0,0.91066],
        [0.0,1.0,0.0],
        [-0.91066,0.0,-0.413157],
        [385.637,8.96633,-408.542]
      ],
      "groupName": "3_capzone_ministry_gardens",
      "active": false
    }
  },
  {
    "entity": {
      "_template": "respVehicle",
      "transform": [
        [-0.368918,0.0,0.929462],
        [0.0,1.0,0.0],
        [-0.929462,0.0,-0.368918],
        [362.047,5.14765,-456.31]
      ],
      "groupName": "3_capzone_ministry_gardens",
      "team": 2,
      "respTime": 150,
      "maxVehicleOnSpawn": 2,
      "active": false
    }
  },
  {
    "entity": {
      "_template": "defend_zone_chained_box+defend_zone_respawnbase",
      "transform": [
        [18.5363,0.0,3.16608],
        [0.0,3.47757,0.0],
        [-1.30074,0.0,8.75061],
        [347.9,4.86659,-474.34]
      ],
      "groupName": "4_capzone_greenhouse",
      "capzone__capRewardPartCap": 1.2,
      "capzone__onlyTeamCanCapture": 1,
      "capzone__capReward": 250.0,
      "capzone__icon": "AAA",
      "capzone__caption": "capzone/greenhouse",
      "capzone__capTime": 30.0,
      "capzone__capTeam": -1,
      "active": false,
      "capzone__deactivateAfterTimeout": 25.0,
      "capzone__spawnAtZoneTimeout": 25.0,
      "capzone__createRespawnBaseForTeam": 2,
      "capzone__activateChoice:object": {
        "5_capzone_hitlers_bunker": 1.0
      }
    }
  },
  {
    "entity": {
      "_template": "respTeam1",
      "transform": [
        [0.191122,0.0,-0.981567],
        [0.0,1.0,0.0],
        [0.981567,0.0,0.191122],
        [322.3,4.47902,-375.775]
      ],
      "groupName": "4_capzone_greenhouse",
      "active": false
    }
  },
  {
    "entity": {
      "_template": "respTeam1",
      "transform": [
        [-0.198777,0.0,-0.980045],
        [0.0,1.0,0.0],
        [0.980045,0.0,-0.198777],
        [368.627,4.03503,-376.9]
      ],
      "groupName": "4_capzone_greenhouse",
      "active": false
    }
  },
  {
    "entity": {
      "_template": "respTeam1",
      "transform": [
        [0.451516,0.0,-0.892263],
        [0.0,1.0,0.0],
        [0.892263,0.0,0.451516],
        [290.034,4.3635,-386.69]
      ],
      "groupName": "4_capzone_greenhouse",
      "active": false
    }
  },
  {
    "entity": {
      "_template": "respVehicle",
      "transform": [
        [0.018885,0.0,-0.999822],
        [0.0,1.0,0.0],
        [0.999822,0.0,0.018885],
        [323.993,4.3635,-323.145]
      ],
      "groupName": "4_capzone_greenhouse",
      "team": 1,
      "respTime": 150,
      "maxVehicleOnSpawn": 2,
      "active": false
    }
  },
  {
    "entity": {
      "_template": "respTeam2",
      "transform": [
        [-0.87007,0.0,0.49293],
        [0.0,1.0,0.0],
        [-0.49293,0.0,-0.87007],
        [423.526,4.08246,-522.159]
      ],
      "groupName": "4_capzone_greenhouse",
      "active": false
    }
  },
  {
    "entity": {
      "_template": "respVehicle",
      "transform": [
        [-0.291676,0.0,0.956517],
        [0.0,1.0,0.0],
        [-0.956517,0.0,-0.291676],
        [407.45,4.08246,-595.016]
      ],
      "groupName": "4_capzone_greenhouse",
      "team": 2,
      "respTime": 150,
      "maxVehicleOnSpawn": 2,
      "active": false
    }
  },
  {
    "entity": {
      "_template": "defend_zone_chained_box+defend_zone_respawnbase",
      "transform": [
        [8.21528,0.0,-0.753407],
        [0.0,2.61956,0.0],
        [0.598021,0.0,8.99033],
        [254.02,0.527673,-561.505]
      ],
      "groupName": "3_capzone_garage",
      "capzone__capRewardPartCap": 1.2,
      "capzone__onlyTeamCanCapture": 1,
      "capzone__capReward": 250.0,
      "capzone__icon": "AAA",
      "capzone__caption": "capzone/garage",
      "capzone__capTime": 30.0,
      "capzone__capTeam": -1,
      "active": false,
      "capzone__deactivateAfterTimeout": 25.0,
      "capzone__spawnAtZoneTimeout": 25.0,
      "capzone__createRespawnBaseForTeam": 2,
      "capzone__activateChoice:object": {
        "4_reich_chancellery_fountain_yard": 1.0
      }
    }
  },
  {
    "entity": {
      "_template": "respTeam1",
      "transform": [
        [0.124707,0.0,-0.992194],
        [0.0,1.0,0.0],
        [0.992194,0.0,0.124707],
        [242.335,5.12445,-424.245]
      ],
      "groupName": "3_capzone_garage",
      "active": false
    }
  },
  {
    "entity": {
      "_template": "respTeam1",
      "transform": [
        [-0.201597,0.0,-0.979469],
        [0.0,1.0,0.0],
        [0.979469,0.0,-0.201597],
        [216.828,4.19967,-431.302]
      ],
      "groupName": "3_capzone_garage",
      "active": false
    }
  },
  {
    "entity": {
      "_template": "respTeam1",
      "transform": [
        [0.282696,0.0,-0.95921],
        [0.0,1.0,0.0],
        [0.95921,0.0,0.282696],
        [191.982,4.47902,-447.64]
      ],
      "groupName": "3_capzone_garage",
      "active": false
    }
  },
  {
    "entity": {
      "_template": "respVehicle",
      "transform": [
        [0.29733,0.0,-0.954774],
        [0.0,1.0,0.0],
        [0.954774,0.0,0.29733],
        [195.436,4.47902,-408.999]
      ],
