[
  {
    "import": {
      "scene": "content/enlisted/gamedata/scenes/_berlin_village_sounds.blk"
    }
  },
  {
    "entity": {
      "_template": "railroad"
    }
  },
  {
    "entity": {
      "_template": "shaderVars",
      "shader_vars__vars:object": {
        "hmap_displacement_up": 0.3,
        "ocean1": "#8e894700",
        "ocean0": "#4c3f0500",
        "ocean_density": 0.1,
        "river1": "#40401d00",
        "river0": "#312f2900",
        "hmap_displacement_down": -0.15,
        "leaves_ss_profile": [1.0,1.0,1.0,0.0],
        "paint_details_tex": "germany_wall_color_tex_palette*",
        "layered_fog_height": 20.0,
        "water_color_noise_size": 71.0,
        "water_depth_hardness": 0.41,
        "river_density": 0.5
      }
    }
  },
  {
    "entity": {
      "_template": "ri_gpu_object",
      "ri_gpu_object__name": "tree_fraxinus_bush_small_a",
      "ri_gpu_object__biom_indexes": [22.0,-1.0,-1.0,-1.0],
      "ri_gpu_object__grid_size": 16,
      "ri_gpu_object__grid_tiling": 1,
      "ri_gpu_object__cell_size": 8.0,
      "ri_gpu_object__incline_delta": 0.0,
      "ri_gpu_object__scale_range": [0.9,1.05],
      "ri_gpu_object__rotate_range": [0.0,0.0],
      "ri_gpu_object__seed": 1127,
      "ri_gpu_object__is_using_normal": false,
      "ri_gpu_object__sparse_weight": 17.5,
      "ri_gpu_object__multiple_objects:array": [
        {
          "ri_gpu_object__multiple_objects:object": {
            "name": "tree_fraxinus_bush_small_a",
            "weight": 1.0
          }
        },
        {
          "ri_gpu_object__multiple_objects:object": {
            "name": "tree_fraxinus_bush_small_b",
            "weight": 1.0
          }
        },
        {
          "ri_gpu_object__multiple_objects:object": {
            "name": "tree_fraxinus_bush_small_c",
            "weight": 1.0
          }
        },
        {
          "ri_gpu_object__multiple_objects:object": {
            "name": "tree_fraxinus_bush_small_d",
            "weight": 1.0
          }
        },
        {
          "ri_gpu_object__multiple_objects:object": {
            "name": "tree_fraxinus_bush_small_e",
            "weight": 1.0
          }
        }
      ]
    }
  },
  {
    "entity": {
      "_template": "ri_gpu_object",
      "ri_gpu_object__name": "tree_dry_branches_a",
      "ri_gpu_object__biom_indexes": [2.0,-1.0,-1.0,-1.0],
      "ri_gpu_object__grid_size": 8,
      "ri_gpu_object__grid_tiling": 2,
      "ri_gpu_object__cell_size": 16.0,
      "ri_gpu_object__incline_delta": 0.0,
      "ri_gpu_object__scale_range": [0.6,1.05],
      "ri_gpu_object__rotate_range": [135.0,960.0],
      "ri_gpu_object__seed": 55112,
      "ri_gpu_object__is_using_normal": true,
      "ri_gpu_object__multiple_objects:array": [
        {
          "ri_gpu_object__multiple_objects:object": {
            "name": "tree_dry_branches_a",
            "weight": 1.0
          }
        },
        {
          "ri_gpu_object__multiple_objects:object": {
            "name": "tree_dry_branches_b",
            "weight": 1.0
          }
        },
        {
          "ri_gpu_object__multiple_objects:object": {
            "name": "tree_dry_branches_c",
            "weight": 1.0
          }
        },
        {
          "ri_gpu_object__multiple_objects:object": {
            "name": "tree_branches_small_a",
            "weight": 0.33
          }
        },
        {
          "ri_gpu_object__multiple_objects:object": {
            "name": "tree_branches_small_b",
            "weight": 0.33
          }
        },
        {
          "ri_gpu_object__multiple_objects:object": {
            "name": "tree_branches_small_c",
            "weight": 0.33
          }
        },
        {
          "ri_gpu_object__multiple_objects:object": {
            "name": "tree_branches_small_d",
            "weight": 0.33
          }
        }
      ]
    }
  },
  {
    "entity": {
      "_template": "ri_gpu_object",
      "ri_gpu_object__name": "tree_dry_pine_branches_e",
      "ri_gpu_object__biom_indexes": [22.0,1.0,-1.0,-1.0],
      "ri_gpu_object__grid_size": 8,
      "ri_gpu_object__grid_tiling": 1,
      "ri_gpu_object__cell_size": 8.0,
      "ri_gpu_object__incline_delta": 0.0,
      "ri_gpu_object__scale_range": [0.5,0.65],
      "ri_gpu_object__rotate_range": [135.0,960.0],
      "ri_gpu_object__seed": 5542,
      "ri_gpu_object__sparse_weight": 5.0,
      "ri_gpu_object__is_using_normal": true,
      "ri_gpu_object__multiple_objects:array": [
        {
          "ri_gpu_object__multiple_objects:object": {
            "name": "tree_dry_pine_branches_pile_a",
            "weight": 1.0
          }
        },
        {
          "ri_gpu_object__multiple_objects:object": {
            "name": "tree_dry_pine_branches_pile_b",
            "weight": 1.0
          }
        },
        {
          "ri_gpu_object__multiple_objects:object": {
            "name": "tree_dry_pine_branches_pile_c",
            "weight": 1.0
          }
        },
        {
          "ri_gpu_object__multiple_objects:object": {
            "name": "tree_dry_pine_branches_pile_d",
            "weight": 1.0
          }
        },
        {
          "ri_gpu_object__multiple_objects:object": {
            "name": "tree_dry_pine_branches_a",
            "weight": 1.0
          }
        },
        {
          "ri_gpu_object__multiple_objects:object": {
            "name": "tree_dry_pine_branches_b",
            "weight": 1.0
          }
        },
        {
          "ri_gpu_object__multiple_objects:object": {
            "name": "tree_dry_pine_branches_c",
            "weight": 1.0
          }
        },
        {
          "ri_gpu_object__multiple_objects:object": {
            "name": "tree_dry_pine_branches_d",
            "weight": 1.0
          }
        },
        {
          "ri_gpu_object__multiple_objects:object": {
            "name": "tree_dry_pine_branches_e",
            "weight": 1.0
          }
        }
      ]
    }
  },
  {
    "entity": {
      "_template": "ri_gpu_object",
      "ri_gpu_object__name": "generic_stone_small_a",
      "ri_gpu_object__biom_indexes": [2.0,3.0,52.0,-1.0],
      "ri_gpu_object__grid_size": 8,
      "ri_gpu_object__grid_tiling": 8,
      "ri_gpu_object__cell_size": 16.0,
      "ri_gpu_object__incline_delta": 0.0,
      "ri_gpu_object__scale_range": [0.05,1.4],
      "ri_gpu_object__rotate_range": [135.0,960.0],
      "ri_gpu_object__seed": 75112,
      "ri_gpu_object__sparse_weight": 5.0,
      "ri_gpu_object__is_using_normal": true,
      "ri_gpu_object__multiple_objects:array": [
        {
          "ri_gpu_object__multiple_objects:object": {
            "name": "generic_stone_small_a",
            "weight": 1.0
          }
        },
        {
          "ri_gpu_object__multiple_objects:object": {
            "name": "generic_stone_small_b",
            "weight": 1.0
          }
        },
        {
          "ri_gpu_object__multiple_objects:object": {
            "name": "generic_stone_small_c",
            "weight": 1.0
          }
        },
        {
          "ri_gpu_object__multiple_objects:object": {
            "name": "generic_stone_small_d",
            "weight": 1.0
          }
        },
        {
          "ri_gpu_object__multiple_objects:object": {
            "name": "generic_stone_small_e",
            "weight": 1.0
          }
        },
        {
          "ri_gpu_object__multiple_objects:object": {
            "name": "generic_stone_small_f",
            "weight": 1.0
          }
        }
      ]
    }
  },
  {
    "entity": {
      "_template": "ri_gpu_object",
      "ri_gpu_object__name": "clover_a",
      "ri_gpu_object__biom_indexes": [22.0,-1.0,-1.0,-1.0],
      "ri_gpu_object__grid_size": 8,
      "ri_gpu_object__grid_tiling": 16,
      "ri_gpu_object__cell_size": 8.0,
      "ri_gpu_object__incline_delta": 15.0,
      "ri_gpu_object__scale_range": [0.5,1.4],
      "ri_gpu_object__rotate_range": [180.0,360.0],
      "ri_gpu_object__seed": 2,
      "ri_gpu_object__is_using_normal": true,
      "ri_gpu_object__sparse_weight": 5.0,
      "ri_gpu_object__up_vector": [0.0,1.0,0.0]
    }
  },
  {
    "entity": {
      "_template": "bloom"
    }
  },
  {
    "entity": {
      "_template": "postfx_roundctrl",
      "post_fx:object": []
    }
  },
  {
    "entity": {
      "_template": "postfx_color_grading_tonemap_death_alive_enlisted"
    }
  },
  {
    "entity": {
      "_template": "minimap_berlin_seelow_heights"
    }
  },
  {
    "entity": {
      "_template": "door_mult_ent_generator",
      "ri_extra_gen__blk": "content/enlisted/gamedata/berlin_doors.blk"
    }
  },
  {
    "entity": {
      "_template": "session_finalizer",
      "session_finalizer__timer": 10.0
    }
  },
  {
    "entity": {
      "_template": "static_cam",
      "camera__active": true,
      "transform": [
        [-0.432304,0.0,-0.901728],
        [0.0,1.0,0.0],
        [0.901728,0.0,-0.432304],
        [228.264,15.0621,358.197]
      ]
    }
  },
  {
    "entity": {
      "_template": "briefing_escort",
      "mission_name": "berlin_village_escort",
      "mission_outfit": "berlin",
      "loading_images:list<t>": [
        {
          "item": "ui/berlin_escort_01.avif"
        },
        {
          "item": "ui/berlin_escort_02.avif"
        },
        {
          "item": "ui/berlin_escort_03.avif"
        }
      ]
    }
  },
  {
    "entity": {
      "_template": "team_germany_berlin+team_narrator_escort_defence+respawn_creators_team",
      "team__countAdd": 0.5,
      "team__memberCount": 0.5,
      "team__scoreCap": 28000.0,
      "team__score": 28000.0,
      "team__capturePenalty": 1001.0,
      "team__id": 2,
      "team__briefing": "escort/defenders_goals",
      "team__winSubtitle": "debriefing/escort/won_defence_subtitle",
      "team__loseSubtitle": "debriefing/escort/lost_defence_subtitle",
      "team__winTitle": "debriefing/escort/axis_won_defence",
      "team__spawnBotArmy": "moscow_axis"
    }
  },
  {
    "entity": {
      "_template": "team_ussr_berlin+team_narrator_escort_attack+respawn_creators_team",
      "team__memberCount": 0.0,
      "team__scoreCap": 1500.0,
      "team__score": 1500.0,
      "team__squadSpawnCost": 250,
      "team__firstSpawnCostMul": 0.0,
      "team__zeroScoreFailTimer": 60.0,
      "team__id": 1,
      "team__briefing": "escort/attackers_goals_allies",
      "team__winSubtitle": "debriefing/escort/won_attack_subtitle",
      "team__loseSubtitle": "debriefing/escort/lost_attack_subtitle",
      "team__winTitle": "debriefing/escort/allies_won_attack",
      "team__spawnBotArmy": "moscow_allies"
    }
  },
  {
    "entity": {
      "_template": "berlin_train_carts",
      "transform": [
        [-1.0,0.0,0.0],
        [0.0,1.0,0.0],
        [0.0,0.0,-1.0],
        [1671.09,10.1016,319.403]
      ],
      "train__teamOffense": 1,
      "train__teamDefense": 2,
      "train__offenseTeamAdvantageWeight": 1,
      "train__defenseTeamAdvantageWeight": 1
    }
  },
  {
    "entity": {
      "_template": "train_destination_point",
      "transform": [
        [1.0,0.0,0.0],
        [0.0,1.0,0.0],
        [0.0,0.0,1.0],
        [-366.684,10.9087,319.406]
      ]
    }
  },
  {
    "entity": {
      "_template": "basic_box+building_restricted_zone",
      "transform": [
        [2294.9,0.0,0.0],
        [0.0,7.26678,0.0],
        [0.0,0.0,8.43925],
        [646.983,9.71422,319.455]
      ]
    }
  },
  {
    "entity": {
      "_template": "respawn_camera",
      "respawnCameraForTeam": 1,
      "transform": [
        [1.0,0.0,0.0],
        [0.0,1.0,0.0],
        [0.0,0.0,1.0],
        [755.606,312.915,328.489]
      ]
    }
  },
  {
    "entity": {
      "_template": "respawn_camera",
      "respawnCameraForTeam": 2,
      "transform": [
        [1.0,0.0,0.0],
        [0.0,1.0,0.0],
        [0.0,0.0,1.0],
        [1891.49,309.759,378.205]
      ]
    }
  },
  {
    "entity": {
      "_template": "group_activator",
      "activator__activateChoice:object": {
        "sector_1": 1.0
      }
    }
  },
  {
    "entity": {
      "_template": "objective_train_zone",
      "capzone__onlyTeamCanCapture": 1,
      "groupName": "sector_1",
      "active": false,
      "transform": [
        [1.0,0.0,0.0],
        [0.0,1.0,0.0],
        [0.0,0.0,1.0],
        [1468.62,8.59819,319.43]
      ],
      "capzone__activateChoice:object": {
        "sector_2": 1.0
      }
    }
  },
  {
    "entity": {
      "_template": "objective_train_zone",
      "capzone__onlyTeamCanCapture": 1,
      "groupName": "sector_2",
      "active": false,
      "transform": [
        [1.0,0.0,0.0],
        [0.0,1.0,0.0],
        [0.0,0.0,1.0],
        [1409.16,8.59819,319.43]
      ],
      "capzone__activateChoice:object": {
        "sector_3": 1.0
      }
    }
  },
  {
    "entity": {
      "_template": "objective_train_zone",
      "capzone__onlyTeamCanCapture": 1,
      "groupName": "sector_3",
      "active": false,
      "transform": [
        [1.0,0.0,0.0],
        [0.0,1.0,0.0],
        [0.0,0.0,1.0],
        [1349.84,8.59819,319.43]
      ],
      "capzone__activateChoice:object": {
        "sector_4": 1.0
      }
    }
  },
  {
    "entity": {
      "_template": "objective_train_zone",
      "capzone__onlyTeamCanCapture": 1,
      "groupName": "sector_4",
      "active": false,
      "transform": [
        [1.0,0.0,0.0],
        [0.0,1.0,0.0],
        [0.0,0.0,1.0],
        [1288.78,8.59819,319.43]
      ],
      "capzone__activateChoice:object": {
        "sector_5": 1.0
      }
    }
  },
  {
    "entity": {
      "_template": "objective_train_zone",
      "capzone__onlyTeamCanCapture": 1,
      "groupName": "sector_5",
      "active": false,
      "transform": [
        [1.0,0.0,0.0],
        [0.0,1.0,0.0],
        [0.0,0.0,1.0],
        [1227.83,8.59819,319.43]
      ],
      "capzone__activateChoice:object": {
        "sector_6": 1.0
      }
    }
  },
  {
    "entity": {
      "_template": "objective_train_zone",
      "capzone__onlyTeamCanCapture": 1,
      "groupName": "sector_6",
      "active": false,
      "transform": [
        [1.0,0.0,0.0],
        [0.0,1.0,0.0],
        [0.0,0.0,1.0],
        [1165.81,8.59819,319.43]
      ],
      "capzone__activateChoice:object": {
        "sector_7": 1.0
      }
    }
  },
  {
    "entity": {
      "_template": "objective_train_zone",
      "capzone__onlyTeamCanCapture": 1,
      "groupName": "sector_7",
      "capzone__capReward": 250.0,
      "capzone__alwaysHide": false,
      "capzone_timer__timeLeft": 2700.0,
      "capzone__icon": "train_cross",
      "capzone__iconOffsetY": 3.0,
      "active": false,
      "transform": [
        [1.0,0.0,0.0],
        [0.0,1.0,0.0],
        [0.0,0.0,1.0],
        [1105.18,8.59819,319.43]
      ],
      "capzone__activateChoice:object": {
        "sector_8": 1.0
      }
    }
  },
  {
    "entity": {
      "_template": "objective_train_zone",
      "capzone__onlyTeamCanCapture": 1,
      "groupName": "sector_8",
      "active": false,
      "transform": [
        [1.0,0.0,0.0],
        [0.0,1.0,0.0],
        [0.0,0.0,1.0],
        [1043.73,8.59819,319.43]
      ],
      "capzone__activateChoice:object": {
        "sector_9": 1.0
      }
    }
  },
  {
    "entity": {
      "_template": "objective_train_zone",
      "capzone__onlyTeamCanCapture": 1,
      "groupName": "sector_9",
      "active": false,
      "transform": [
        [1.0,0.0,0.0],
        [0.0,1.0,0.0],
        [0.0,0.0,1.0],
        [981.958,8.59819,319.43]
      ],
      "capzone__activateChoice:object": {
        "sector_10": 1.0
      }
    }
  },
  {
    "entity": {
      "_template": "objective_train_zone",
      "capzone__onlyTeamCanCapture": 1,
      "groupName": "sector_10",
      "active": false,
      "transform": [
        [1.0,0.0,0.0],
        [0.0,1.0,0.0],
        [0.0,0.0,1.0],
        [919.478,8.59819,319.43]
      ],
      "capzone__activateChoice:object": {
        "sector_11": 1.0
      }
    }
  },
  {
    "entity": {
      "_template": "objective_train_zone",
      "capzone__onlyTeamCanCapture": 1,
      "groupName": "sector_11",
      "active": false,
      "transform": [
        [1.0,0.0,0.0],
        [0.0,1.0,0.0],
        [0.0,0.0,1.0],
        [852.032,7.36076,319.43]
      ],
      "capzone__activateChoice:object": {
        "sector_12": 1.0
      }
    }
  },
  {
    "entity": {
      "_template": "objective_train_zone",
      "capzone__onlyTeamCanCapture": 1,
      "groupName": "sector_12",
      "active": false,
      "transform": [
        [1.0,0.0,0.0],
        [0.0,1.0,0.0],
        [0.0,0.0,1.0],
        [790.922,7.36076,319.43]
      ],
      "capzone__activateChoice:object": {
        "sector_13": 1.0
      }
    }
  },
  {
    "entity": {
      "_template": "objective_train_zone",
      "capzone__onlyTeamCanCapture": 1,
      "groupName": "sector_13",
      "active": false,
      "transform": [
        [1.0,0.0,0.0],
        [0.0,1.0,0.0],
        [0.0,0.0,1.0],
        [728.178,7.36076,319.43]
      ],
      "capzone__activateChoice:object": {
        "sector_14": 1.0
      }
    }
  },
  {
    "entity": {
      "_template": "objective_train_zone",
      "capzone__onlyTeamCanCapture": 1,
      "groupName": "sector_14",
      "capzone__capReward": 250.0,
      "capzone__capRewardPartCap": 1.2,
      "capzone__alwaysHide": false,
      "capzone_timer__timeLeft": 2700.0,
      "capzone__icon": "train_cross",
      "capzone__iconOffsetY": 3.0,
      "active": false,
      "transform": [
        [1.0,0.0,0.0],
        [0.0,1.0,0.0],
        [0.0,0.0,1.0],
        [666.7,8.57356,319.43]
      ],
      "capzone__activateChoice:object": {
        "sector_15": 1.0
      }
    }
  },
  {
    "entity": {
      "_template": "objective_train_zone",
      "capzone__onlyTeamCanCapture": 1,
      "groupName": "sector_15",
      "active": false,
      "transform": [
        [1.0,0.0,0.0],
        [0.0,1.0,0.0],
        [0.0,0.0,1.0],
        [606.89,8.57356,319.43]
      ],
      "capzone__activateChoice:object": {
        "sector_16": 1.0
      }
    }
  },
  {
    "entity": {
      "_template": "objective_train_zone",
      "capzone__onlyTeamCanCapture": 1,
      "groupName": "sector_16",
      "active": false,
      "transform": [
        [1.0,0.0,0.0],
        [0.0,1.0,0.0],
        [0.0,0.0,1.0],
        [544.762,8.57356,319.43]
      ],
      "capzone__activateChoice:object": {
        "sector_17": 1.0
      }
    }
  },
  {
    "entity": {
      "_template": "objective_train_zone",
      "capzone__onlyTeamCanCapture": 1,
      "groupName": "sector_17",
      "active": false,
      "transform": [
        [1.0,0.0,0.0],
        [0.0,1.0,0.0],
        [0.0,0.0,1.0],
        [485.46,8.57356,319.43]
      ],
      "capzone__activateChoice:object": {
        "sector_18": 1.0
      }
    }
  },
  {
    "entity": {
      "_template": "objective_train_zone",
      "capzone__onlyTeamCanCapture": 1,
      "groupName": "sector_18",
      "active": false,
      "transform": [
        [1.0,0.0,0.0],
        [0.0,1.0,0.0],
        [0.0,0.0,1.0],
        [425.018,8.57356,319.43]
      ],
      "capzone__activateChoice:object": {
        "sector_19": 1.0
      }
    }
  },
  {
    "entity": {
      "_template": "objective_train_zone",
      "capzone__onlyTeamCanCapture": 1,
      "groupName": "sector_19",
      "active": false,
      "transform": [
        [1.0,0.0,0.0],
        [0.0,1.0,0.0],
        [0.0,0.0,1.0],
        [367.275,8.57356,319.43]
      ],
      "capzone__activateChoice:object": {
        "sector_20": 1.0
      }
    }
  },
  {
    "entity": {
      "_template": "objective_train_zone",
      "capzone__onlyTeamCanCapture": 1,
      "groupName": "sector_20",
      "active": false,
      "transform": [
        [1.0,0.0,0.0],
        [0.0,1.0,0.0],
        [0.0,0.0,1.0],
        [310.104,8.57356,319.43]
      ],
      "capzone__activateChoice:object": {
        "sector_21": 1.0
      }
    }
  },
  {
    "entity": {
      "_template": "objective_train_zone",
      "capzone__onlyTeamCanCapture": 1,
      "groupName": "sector_21",
      "capzone__capReward": 250.0,
      "capzone__capRewardPartCap": 1.4,
      "capzone__alwaysHide": false,
      "capzone_timer__timeLeft": 2700.0,
      "capzone__icon": "train_cross",
      "capzone__iconOffsetY": 3.0,
      "active": false,
      "transform": [
        [1.0,0.0,0.0],
        [0.0,1.0,0.0],
        [0.0,0.0,1.0],
        [250.307,8.57356,319.43]
      ],
      "capzone__activateChoice:object": {
        "sector_22": 1.0
      }
    }
  },
  {
    "entity": {
      "_template": "objective_train_zone",
      "capzone__onlyTeamCanCapture": 1,
      "groupName": "sector_22",
      "active": false,
      "transform": [
        [1.0,0.0,0.0],
        [0.0,1.0,0.0],
        [0.0,0.0,1.0],
        [189.862,8.57356,319.43]
      ],
      "capzone__activateChoice:object": {
        "sector_23": 1.0
      }
    }
  },
  {
    "entity": {
      "_template": "objective_train_zone",
      "capzone__onlyTeamCanCapture": 1,
      "groupName": "sector_23",
      "active": false,
      "transform": [
        [1.0,0.0,0.0],
        [0.0,1.0,0.0],
        [0.0,0.0,1.0],
        [129.441,8.57356,319.43]
      ],
      "capzone__activateChoice:object": {
        "sector_24": 1.0
      }
    }
  },
  {
    "entity": {
      "_template": "objective_train_zone",
      "capzone__onlyTeamCanCapture": 1,
      "groupName": "sector_24",
      "active": false,
      "transform": [
        [1.0,0.0,0.0],
        [0.0,1.0,0.0],
        [0.0,0.0,1.0],
        [69.1722,9.43955,319.43]
      ],
      "capzone__activateChoice:object": {
        "sector_25": 1.0
      }
    }
  },
  {
    "entity": {
      "_template": "objective_train_zone",
      "capzone__onlyTeamCanCapture": 1,
      "groupName": "sector_25",
      "active": false,
      "transform": [
        [1.0,0.0,0.0],
        [0.0,1.0,0.0],
        [0.0,0.0,1.0],
        [10.4674,10.2976,319.43]
      ],
      "capzone__activateChoice:object": {
        "sector_26": 1.0
      }
    }
  },
  {
    "entity": {
      "_template": "objective_train_zone",
      "capzone__onlyTeamCanCapture": 1,
      "groupName": "sector_26",
      "active": false,
      "transform": [
        [1.0,0.0,0.0],
        [0.0,1.0,0.0],
        [0.0,0.0,1.0],
        [-47.7082,10.2976,319.43]
      ],
      "capzone__activateChoice:object": {
        "sector_27": 1.0
      }
    }
  },
  {
    "entity": {
      "_template": "objective_train_zone",
      "capzone__onlyTeamCanCapture": 1,
      "groupName": "sector_27",
      "active": false,
      "transform": [
        [1.0,0.0,0.0],
        [0.0,1.0,0.0],
        [0.0,0.0,1.0],
        [-106.193,10.2976,319.43]
      ],
      "capzone__activateChoice:object": {
        "sector_28": 1.0
      }
    }
  },
  {
    "entity": {
      "_template": "objective_train_zone",
      "capzone__onlyTeamCanCapture": 1,
      "groupName": "sector_28",
      "capzone__alwaysHide": false,
      "capzone_timer__timeLeft": 2700.0,
      "capzone__icon": "train_cross",
      "capzone__iconOffsetY": 3.0,
      "active": false,
      "transform": [
        [1.0,0.0,0.0],
        [0.0,1.0,0.0],
        [0.0,0.0,1.0],
        [-172.14,9.41165,319.43]
      ]
    }
  },
  {
    "entity": {
      "_template": "box_battle_area",
      "transform": [
        [2322.32,0.0,0.0],
        [0.0,243.881,0.0],
        [0.0,0.0,402.435],
        [646.346,10.8968,314.426]
      ]
    }
  },
  {
    "entity": {
      "_template": "berlin_level",
      "level__blk": "content/enlisted/levels/battle_of_berlin_seelow_heights.blk"
    }
  },
  {
    "entity": {
      "_template": "water",
      "water__strength": 0.3,
      "water__level": 0.0
    }
  },
  {
    "entity": {
      "_template": "wind",
      "wind__strength": 1.3,
      "wind__dir": 190.0
    }
  },
  {
    "entity": {
      "_template": "clouds_hole_target",
      "transform": [
        [1.0,0.0,0.0],
        [0.0,1.0,0.0],
        [0.0,0.0,1.0],
        [0.0,0.0,0.0]
      ]
    }
  },
  {
    "entity": {
      "_template": "resupply_in_air_zone",
      "transform": [
        [-0.999999,0.0,-0.000445871],
        [0.0,1.0,0.0],
        [0.000445871,0.0,-0.999999],
        [4050.7,1000.0,383.097]
      ],
      "resupply_zone__team": 1
    }
  },
  {
    "entity": {
      "_template": "respAircraftInAir",
      "respawnbaseType": "aircraft_fighter",
      "transform": [
        [-0.657353,0.0,-0.753583],
        [0.0,1.0,0.0],
        [0.753583,0.0,-0.657353],
        [3527.37,988.137,3025.15]
      ],
      "team": 2,
      "maxVehicleOnSpawn": 1,
      "respTime": 120
    }
  },
  {
    "entity": {
      "_template": "respAircraftInAir",
      "respawnbaseType": "aircraft_assault",
      "transform": [
        [-0.657353,0.0,-0.753583],
        [0.0,1.0,0.0],
        [0.753583,0.0,-0.657353],
        [3527.37,788.137,3025.15]
      ],
      "team": 2,
      "maxVehicleOnSpawn": 1,
      "respTime": 120
    }
  },
  {
    "entity": {
      "_template": "respAircraftInAir",
      "respawnbaseType": "aircraft_fighter",
      "transform": [
        [-0.657353,0.0,-0.753583],
        [0.0,1.0,0.0],
        [0.753583,0.0,-0.657353],
        [3657.71,988.137,2949.75]
      ],
      "team": 2,
      "maxVehicleOnSpawn": 1,
      "respTime": 120
    }
  },
  {
    "entity": {
      "_template": "respAircraftInAir",
      "respawnbaseType": "aircraft_assault",
      "transform": [
        [-0.657353,0.0,-0.753583],
        [0.0,1.0,0.0],
        [0.753583,0.0,-0.657353],
        [3660.09,788.137,2905.14]
      ],
      "team": 2,
      "maxVehicleOnSpawn": 1,
      "respTime": 120
    }
  },
  {
    "entity": {
      "_template": "resupply_in_air_zone",
      "transform": [
        [0.327869,0.0,-0.944724],
        [0.0,1.0,0.0],
        [0.944724,0.0,0.327869],
        [-1608.79,1023.92,257.99]
      ],
      "resupply_zone__team": 2
    }
  },
  {
    "entity": {
      "_template": "respAircraftInAir",
      "respawnbaseType": "aircraft_fighter",
      "transform": [
        [0.756776,0.0,0.653675],
        [0.0,1.0,-0.0],
        [-0.653675,0.0,0.756776],
        [-1334.17,1023.92,-2185.71]
      ],
      "team": 1,
      "maxVehicleOnSpawn": 1,
      "respTime": 120
    }
  },
  {
    "entity": {
      "_template": "respAircraftInAir",
      "respawnbaseType": "aircraft_assault",
      "transform": [
        [0.689393,0.0,0.724387],
        [0.0,1.0,-0.0],
        [-0.724387,0.0,0.689393],
        [-1454.08,823.92,-2055.2]
      ],
      "team": 1,
      "maxVehicleOnSpawn": 1,
      "respTime": 120
    }
  },
  {
    "entity": {
      "_template": "respAircraftInAir",
      "respawnbaseType": "aircraft_fighter",
      "transform": [
        [0.727743,0.0,0.685851],
        [0.0,1.0,-0.0],
        [-0.685851,0.0,0.727743],
        [-1434.48,1023.92,-2065.41]
      ],
      "team": 1,
      "maxVehicleOnSpawn": 1,
      "respTime": 120
    }
  },
  {
    "entity": {
      "_template": "respAircraftInAir",
      "respawnbaseType": "aircraft_assault",
      "transform": [
        [0.734549,0.0,0.678555],
        [0.0,1.0,-0.0],
        [-0.678555,0.0,0.734549],
        [-1334.17,823.92,-2185.71]
      ],
      "team": 1,
      "maxVehicleOnSpawn": 1,
      "respTime": 120
    }
  },
  {
    "entity": {
      "_template": "aircraft_box_battle_area",
      "transform": [
        [11314.0,0.0,95.0636],
        [0.0,8000.03,0.0],
        [-95.5912,0.0,11313.9],
        [652.401,240.916,331.582]
      ],
      "battle_area__team": -1
    }
  },
  {
    "entity": {
      "_template": "respawnChooser+respTeam2",
      "transform": [
        [0.244969,0.0,-0.969531],
        [0.0,1.0,0.0],
        [0.969531,0.0,0.244969],
        [1315.68,10.5832,350.933]
      ],
      "groupName": "sector_1",
      "active": false
    }
  },
  {
    "entity": {
      "_template": "respawnChooser+respTeam2",
      "transform": [
        [0.999946,0.0,0.0104329],
        [0.0,1.0,0.0],
        [-0.0104329,0.0,0.999946],
        [1302.51,10.5832,273.929]
      ],
      "groupName": "sector_1",
      "active": false
    }
  },
  {
    "entity": {
      "_template": "respawnChooser+respTeam2",
      "transform": [
        [0.997816,0.0,0.0660656],
        [0.0,1.0,0.0],
        [-0.0660656,0.0,0.997816],
        [1302.47,10.5832,277.448]
      ],
      "groupName": "sector_1",
      "active": false
    }
  },
  {
    "entity": {
      "_template": "respawnChooser+respTeam2",
      "transform": [
        [0.357736,0.0,-0.933823],
        [0.0,1.0,0.0],
        [0.933823,0.0,0.357736],
        [1301.36,10.576,342.033]
      ],
      "groupName": "sector_1",
      "active": false
    }
  },
  {
    "entity": {
      "_template": "respawnChooser+respTeam2",
      "transform": [
        [0.116524,0.0,0.993188],
        [0.0,1.0,0.0],
        [-0.993188,0.0,0.116524],
        [1261.29,9.69129,257.954]
      ],
      "groupName": "sector_2",
      "active": false
    }
  },
  {
    "entity": {
      "_template": "respawnChooser+respTeam2",
      "transform": [
        [0.198053,0.0,-0.980191],
        [0.0,1.0,0.0],
        [0.980191,0.0,0.198053],
        [1264.47,10.7925,380.325]
      ],
      "groupName": "sector_2",
      "active": false
    }
  },
  {
    "entity": {
      "_template": "respawnChooser+respTeam2",
      "transform": [
        [0.0272022,0.0,0.99963],
        [0.0,1.0,-0.0],
        [-0.99963,0.0,0.0272022],
        [1247.23,9.54318,260.534]
      ],
      "groupName": "sector_2",
      "active": false
    }
  },
  {
    "entity": {
      "_template": "respawnChooser+respTeam2",
      "transform": [
        [0.998537,0.0,-0.0540826],
        [0.0,1.0,0.0],
        [0.0540826,0.0,0.998537],
        [1213.5,10.3255,343.191]
      ],
      "groupName": "sector_3",
      "active": false
    }
  },
  {
    "entity": {
      "_template": "respawnChooser+respTeam2",
      "transform": [
        [0.998537,0.0,-0.0540826],
        [0.0,1.0,0.0],
        [0.0540826,0.0,0.998537],
        [1217.11,10.4986,357.796]
      ],
      "groupName": "sector_3",
      "active": false
    }
  },
  {
    "entity": {
      "_template": "respawnChooser+respTeam2",
      "transform": [
        [0.954499,0.0,0.298214],
        [0.0,1.0,0.0],
        [-0.298214,0.0,0.954499],
        [1209.78,10.1777,240.287]
      ],
      "groupName": "sector_3",
      "active": false
    }
  },
  {
    "entity": {
      "_template": "respawnChooser+respTeam2",
      "transform": [
        [0.998537,0.0,-0.0540826],
        [0.0,1.0,0.0],
        [0.0540826,0.0,0.998537],
        [1171.52,9.92635,343.041]
      ],
      "groupName": "sector_4",
      "active": false
    }
  },
  {
    "entity": {
      "_template": "respawnChooser+respTeam2",
      "transform": [
        [0.99378,0.0,0.111367],
        [0.0,1.0,0.0],
        [-0.111367,0.0,0.99378],
        [1195.57,10.5032,240.406]
      ],
      "groupName": "sector_4",
      "active": false
    }
  },
  {
    "entity": {
      "_template": "respawnChooser+respTeam2",
      "transform": [
        [0.240079,0.0,0.970754],
        [0.0,1.0,0.0],
        [-0.970754,0.0,0.240079],
        [1105.49,9.86409,259.338]
      ],
      "groupName": "sector_5",
      "active": false
    }
  },
  {
    "entity": {
      "_template": "respawnChooser+respTeam2",
      "transform": [
        [0.674033,0.0,-0.738702],
        [0.0,1.0,0.0],
        [0.738702,0.0,0.674033],
        [1089.73,10.1657,352.64]
      ],
      "groupName": "sector_5",
      "active": false
    }
  },
  {
    "entity": {
      "_template": "respawnChooser+respTeam2",
      "transform": [
        [0.998537,0.0,-0.0540826],
        [0.0,1.0,0.0],
        [0.0540826,0.0,0.998537],
        [1035.72,10.4055,350.175]
      ],
      "groupName": "sector_6",
      "active": false
    }
  },
  {
    "entity": {
      "_template": "respawnChooser+respTeam2",
      "transform": [
        [0.894104,0.0,0.44786],
        [0.0,1.0,0.0],
        [-0.44786,0.0,0.894104],
        [1025.77,9.2561,289.73]
      ],
      "groupName": "sector_6",
      "active": false
    }
  },
  {
    "entity": {
      "_template": "respawnChooser+respTeam2",
      "transform": [
        [0.746111,0.0,0.665821],
        [0.0,1.0,0.0],
        [-0.665821,0.0,0.746111],
        [1025.15,10.576,276.669]
      ],
      "groupName": "sector_6",
      "active": false
    }
  },
  {
    "entity": {
      "_template": "respawnChooser+respTeam2",
      "transform": [
        [0.998329,0.0,-0.0577894],
        [0.0,1.0,0.0],
        [0.0577894,0.0,0.998329],
        [995.292,10.576,350.137]
      ],
      "groupName": "sector_7",
      "active": false
    }
  },
  {
    "entity": {
      "_template": "respawnChooser+respTeam2",
      "transform": [
        [0.524498,0.0,0.851412],
        [0.0,1.0,0.0],
        [-0.851412,0.0,0.524498],
        [999.338,10.576,269.209]
      ],
      "groupName": "sector_7",
      "active": false
    }
  },
  {
    "entity": {
      "_template": "respawnChooser+respTeam2",
      "transform": [
        [0.997202,0.0,-0.0747475],
        [0.0,1.0,0.0],
        [0.0747475,0.0,0.997202],
        [943.001,9.86324,350.05]
      ],
      "groupName": "sector_8",
      "active": false
    }
  },
  {
    "entity": {
      "_template": "respawnChooser+respTeam2",
      "transform": [
        [0.990843,0.0,0.135023],
        [0.0,1.0,0.0],
        [-0.135023,0.0,0.990843],
        [930.108,11.8677,268.039]
      ],
      "groupName": "sector_8",
      "active": false
    }
  },
  {
    "entity": {
      "_template": "respawnChooser+respTeam2",
      "transform": [
        [0.954335,0.0,-0.298739],
        [0.0,1.0,0.0],
        [0.298739,0.0,0.954335],
        [809.356,13.3465,373.979]
      ],
      "groupName": "sector_9",
      "active": false
    }
  },
  {
    "entity": {
      "_template": "respawnChooser+respTeam2",
      "transform": [
        [0.995064,0.0,0.0992331],
        [0.0,1.0,0.0],
        [-0.0992331,0.0,0.995064],
        [810.361,14.3195,267.176]
      ],
      "groupName": "sector_9",
      "active": false
    }
  },
  {
    "entity": {
      "_template": "respawnChooser+respTeam2",
      "transform": [
        [0.960481,0.0,0.278346],
        [0.0,1.0,0.0],
        [-0.278346,0.0,0.960481],
        [807.771,14.468,288.454]
      ],
      "groupName": "sector_9",
      "active": false
    }
  },
  {
    "entity": {
      "_template": "respawnChooser+respTeam2",
      "transform": [
        [0.853186,0.0,-0.521607],
        [0.0,1.0,0.0],
        [0.521607,0.0,0.853186],
        [725.635,9.46641,369.643]
      ],
      "groupName": "sector_10",
      "active": false
    }
  },
  {
    "entity": {
      "_template": "respawnChooser+respTeam2",
      "transform": [
        [0.872256,0.0,-0.48905],
        [0.0,1.0,0.0],
        [0.48905,0.0,0.872256],
        [724.922,10.2044,344.042]
      ],
      "groupName": "sector_10",
      "active": false
    }
  },
  {
    "entity": {
      "_template": "respawnChooser+respTeam2",
      "transform": [
        [0.976722,0.0,0.214511],
        [0.0,1.0,0.0],
        [-0.214511,0.0,0.976722],
        [718.605,9.72043,291.543]
      ],
      "groupName": "sector_10",
      "active": false
    }
  },
  {
    "entity": {
      "_template": "respawnChooser+respTeam2",
      "transform": [
        [0.943474,0.0,-0.331446],
        [0.0,1.0,0.0],
        [0.331446,0.0,0.943474],
        [681.672,11.2021,345.433]
      ],
      "groupName": "sector_11",
      "active": false
    }
  },
  {
    "entity": {
      "_template": "respawnChooser+respTeam2",
      "transform": [
        [0.957079,0.0,0.289826],
        [0.0,1.0,0.0],
        [-0.289826,0.0,0.957079],
        [700.861,9.56538,287.454]
      ],
      "groupName": "sector_11",
      "active": false
    }
  },
  {
    "entity": {
      "_template": "respawnChooser+respTeam2",
      "transform": [
        [0.996851,0.0,-0.0792955],
        [0.0,1.0,0.0],
        [0.0792955,0.0,0.996851],
        [638.175,10.2995,338.044]
      ],
      "groupName": "sector_12",
      "active": false
    }
  },
  {
    "entity": {
      "_template": "respawnChooser+respTeam2",
      "transform": [
        [0.999003,0.0,0.0446339],
        [0.0,1.0,0.0],
        [-0.0446339,0.0,0.999003],
        [604.905,10.135,274.722]
      ],
      "groupName": "sector_12",
      "active": false
    }
  },
  {
    "entity": {
      "_template": "respawnChooser+respTeam2",
      "transform": [
        [0.933188,0.0,0.359389],
        [0.0,1.0,0.0],
        [-0.359389,0.0,0.933188],
        [599.952,9.92328,286.823]
      ],
      "groupName": "sector_12",
      "active": false
    }
  },
  {
    "entity": {
      "_template": "respawnChooser+respTeam2",
      "transform": [
        [0.54265,0.0,0.839958],
        [0.0,1.0,0.0],
        [-0.839958,0.0,0.54265],
        [591.973,9.84615,289.318]
      ],
      "groupName": "sector_13",
      "active": false
    }
  },
  {
    "entity": {
      "_template": "respawnChooser+respTeam2",
      "transform": [
        [0.877566,0.0,0.479455],
        [0.0,1.0,0.0],
        [-0.479455,0.0,0.877566],
        [598.724,10.0101,275.351]
      ],
      "groupName": "sector_13",
      "active": false
    }
  },
  {
    "entity": {
      "_template": "respawnChooser+respTeam2",
      "transform": [
        [0.672791,0.0,-0.739832],
        [0.0,1.0,0.0],
        [0.739832,0.0,0.672791],
        [588.286,10.7422,344.122]
      ],
      "groupName": "sector_13",
      "active": false
    }
  },
  {
    "entity": {
      "_template": "respawnChooser+respTeam2",
      "transform": [
        [0.993919,0.0,-0.11011],
        [0.0,1.0,0.0],
        [0.11011,0.0,0.993919],
        [533.922,10.0458,343.464]
      ],
      "groupName": "sector_14",
      "active": false
    }
  },
  {
    "entity": {
      "_template": "respawnChooser+respTeam2",
      "transform": [
        [0.304475,0.0,0.95252],
        [0.0,1.0,0.0],
        [-0.95252,0.0,0.304475],
        [543.229,9.33386,283.844]
      ],
      "groupName": "sector_14",
      "active": false
    }
  },
  {
    "entity": {
      "_template": "respawnChooser+respTeam2",
      "transform": [
        [0.727193,0.0,0.686432],
        [0.0,1.0,0.0],
        [-0.686432,0.0,0.727193],
        [527.474,9.60175,304.726]
      ],
      "groupName": "sector_14",
      "active": false
    }
  },
  {
    "entity": {
      "_template": "respawnChooser+respTeam2",
      "transform": [
        [0.993919,0.0,-0.11011],
        [0.0,1.0,0.0],
        [0.11011,0.0,0.993919],
        [478.183,10.1657,336.289]
      ],
      "groupName": "sector_15",
      "active": false
    }
  },
  {
    "entity": {
      "_template": "respawnChooser+respTeam2",
      "transform": [
        [0.704619,0.0,0.709585],
        [0.0,1.0,0.0],
        [-0.709585,0.0,0.704619],
        [499.085,7.98307,278.37]
      ],
      "groupName": "sector_15",
      "active": false
    }
  },
  {
    "entity": {
      "_template": "respawnChooser+respTeam2",
      "transform": [
        [0.237921,0.0,0.971284],
        [0.0,1.0,0.0],
        [-0.971284,0.0,0.237921],
        [485.861,8.66467,301.285]
      ],
      "groupName": "sector_15",
      "active": false
    }
  },
  {
    "entity": {
      "_template": "respawnChooser+respTeam2",
      "transform": [
        [0.998882,0.0,-0.0472731],
        [0.0,1.0,0.0],
        [0.0472731,0.0,0.998882],
        [441.598,8.15486,298.998]
      ],
      "groupName": "sector_16",
      "active": false
    }
  },
  {
    "entity": {
      "_template": "respawnChooser+respTeam2",
      "transform": [
        [0.975777,0.0,-0.218766],
        [0.0,1.0,0.0],
        [0.218766,0.0,0.975777],
        [427.779,9.6037,333.446]
      ],
      "groupName": "sector_16",
      "active": false
    }
  },
  {
    "entity": {
      "_template": "respawnChooser+respTeam2",
      "transform": [
        [0.337249,0.0,-0.941415],
        [0.0,1.0,0.0],
        [0.941415,0.0,0.337249],
