[
  {
    "import": {
      "scene": "content/enlisted/gamedata/scenes/_berlin_opera_gpu_objects.blk"
    }
  },
  {
    "import": {
      "scene": "content/enlisted/gamedata/scenes/_berlin_opera_biom_fx.blk"
    }
  },
  {
    "import": {
      "scene": "content/enlisted/gamedata/scenes/_berlin_opera_background_fx.blk"
    }
  },
  {
    "import": {
      "scene": "content/enlisted/gamedata/scenes/_berlin_opera_projectors.blk"
    }
  },
  {
    "import": {
      "scene": "content/enlisted/gamedata/scenes/_berlin_opera_tracers.blk"
    }
  },
  {
    "import": {
      "scene": "content/enlisted/gamedata/scenes/_berlin_station_level.blk"
    }
  },
  {
    "entity": {
      "_template": "poly_battle_area",
      "transform": [
        [1.0,0.0,0.0],
        [0.0,1.0,0.0],
        [0.0,0.0,1.0],
        [-392.462,3.19951,747.883]
      ],
      "battleAreaId": "1_area1",
      "groupName": "sector_1",
      "battle_area__team": 1,
      "active": false,
      "poly_area__points:list<p3>": [
        {
          "item": [-249.745,-1.39618,920.718]
        },
        {
          "item": [-239.644,-0.572617,950.381]
        },
        {
          "item": [-240.619,0.722519,992.386]
        },
        {
          "item": [-249.081,1.95097,1006.09]
        },
        {
          "item": [-252.683,3.00711,1024.37]
        },
        {
          "item": [-387.165,3.52678,1023.76]
        },
        {
          "item": [-484.914,3.52678,997.353]
        },
        {
          "item": [-483.647,3.52678,943.898]
        },
        {
          "item": [-507.724,3.52678,861.564]
        },
        {
          "item": [-516.096,3.1995,837.928]
        },
        {
          "item": [-371.46,3.30047,850.261]
        },
        {
          "item": [-371.753,5.17832,870.639]
        },
        {
          "item": [-254.992,3.1937,882.253]
        }
      ]
    }
  },
  {
    "entity": {
      "_template": "poly_battle_area",
      "transform": [
        [1.0,0.0,0.0],
        [0.0,1.0,0.0],
        [0.0,0.0,1.0],
        [-392.522,3.19951,750.648]
      ],
      "battleAreaId": "1_area2",
      "battle_area__team": 2,
      "groupName": "sector_1",
      "active": false,
      "poly_area__points:list<p3>": [
        {
          "item": [-359.377,3.29059,913.865]
        },
        {
          "item": [-492.468,3.24389,908.392]
        },
        {
          "item": [-510.788,3.3261,837.987]
        },
        {
          "item": [-550.922,3.3261,759.019]
        },
        {
          "item": [-576.314,2.75354,663.403]
        },
        {
          "item": [-569.55,5.27728,656.882]
        },
        {
          "item": [-474.697,3.33794,637.541]
        },
        {
          "item": [-378.378,0.583466,631.138]
        },
        {
          "item": [-330.201,3.19367,634.355]
        },
        {
          "item": [-253.784,4.06082,692.5]
        },
        {
          "item": [-253.103,0.562211,875.821]
        }
      ]
    }
  },
  {
    "entity": {
      "_template": "poly_battle_area",
      "transform": [
        [1.0,0.0,0.0],
        [0.0,1.0,0.0],
        [0.0,0.0,1.0],
        [-291.104,3.29863,276.27]
      ],
      "battleAreaId": "2_area1",
      "groupName": "sector_2",
      "battle_area__team": 1,
      "active": false,
      "poly_area__points:list<p3>": [
        {
          "item": [-387.152,3.30368,1016.08]
        },
        {
          "item": [-484.802,3.30368,997.336]
        },
        {
          "item": [-483.716,3.30368,943.757]
        },
        {
          "item": [-510.768,3.30368,837.911]
        },
        {
          "item": [-550.898,3.30368,758.945]
        },
        {
          "item": [-558.167,3.30519,732.043]
        },
        {
          "item": [-267.984,3.19368,743.135]
        },
        {
          "item": [-256.454,4.37643,748.42]
        },
        {
          "item": [-252.415,3.29864,1024.17]
        }
      ]
    }
  },
  {
    "entity": {
      "_template": "poly_battle_area",
      "transform": [
        [1.0,0.0,0.0],
        [0.0,1.0,0.0],
        [0.0,0.0,1.0],
        [-408.525,3.1995,676.293]
      ],
      "battleAreaId": "2_area2",
      "groupName": "sector_2",
      "battle_area__team": 2,
      "active": false,
      "poly_area__points:list<p3>": [
        {
          "item": [-255.825,3.19373,849.42]
        },
        {
          "item": [-510.93,0.538459,838.22]
        },
        {
          "item": [-551.195,3.29999,758.985]
        },
        {
          "item": [-583.933,5.03833,630.943]
        },
        {
          "item": [-590.796,3.91988,584.678]
        },
        {
          "item": [-549.472,3.70062,571.804]
        },
        {
          "item": [-523.403,3.27528,542.843]
        },
        {
          "item": [-469.536,1.27527,541.949]
        },
        {
          "item": [-419.377,3.42937,525.129]
        },
        {
          "item": [-349.086,-1.3098,627.552]
        },
        {
          "item": [-259.424,-1.99998,691.377]
        }
      ]
    }
  },
  {
    "entity": {
      "_template": "poly_battle_area",
      "transform": [
        [1.0,0.0,0.0],
        [0.0,1.0,0.0],
        [0.0,0.0,1.0],
        [-291.104,3.29863,276.27]
      ],
      "battleAreaId": "3_area1",
      "groupName": "sector_3",
      "battle_area__team": 1,
      "active": false,
      "poly_area__points:list<p3>": [
        {
          "item": [-511.052,3.30368,837.871]
        },
        {
          "item": [-542.884,3.30368,776.769]
        },
        {
          "item": [-515.161,2.59222,719.981]
        },
        {
          "item": [-469.295,1.50723,679.202]
        },
        {
          "item": [-347.557,-3.24627,642.38]
        },
        {
          "item": [-325.861,3.29864,644.3]
        },
        {
          "item": [-253.833,3.29864,692.888]
        },
        {
          "item": [-254.596,3.18149,978.44]
        },
        {
          "item": [-312.978,3.2478,987.93]
        },
        {
          "item": [-479.482,4.48715,979.441]
        },
        {
          "item": [-481.506,3.29864,935.278]
        }
      ]
    }
  },
  {
    "entity": {
      "_template": "poly_battle_area",
      "transform": [
        [1.0,0.0,0.0],
        [0.0,1.0,0.0],
        [0.0,0.0,1.0],
        [-408.525,3.1995,676.293]
      ],
      "battleAreaId": "3_area2",
      "groupName": "sector_3",
      "battle_area__team": 2,
      "active": false,
      "poly_area__points:list<p3>": [
        {
          "item": [-331.093,-2.0,617.022]
        },
        {
          "item": [-282.046,-2.0,661.112]
        },
        {
          "item": [-340.925,0.538459,747.629]
        },
        {
          "item": [-503.838,3.09967,740.214]
        },
        {
          "item": [-543.488,3.63623,733.482]
        },
        {
          "item": [-564.751,3.3,703.556]
        },
        {
          "item": [-615.181,3.42937,548.001]
        },
        {
          "item": [-623.051,2.31689,494.09]
        },
        {
          "item": [-566.15,-2.00003,399.652]
        },
        {
          "item": [-523.737,-2.00002,406.868]
        },
        {
          "item": [-423.734,-2.00002,499.774]
        }
      ]
    }
  },
  {
    "entity": {
      "_template": "aircraft_box_battle_area",
      "transform": [
        [25814.7,0.0,112.793],
        [0.0,8000.36,0.0],
        [-111.84,0.0,25814.3],
        [-123.334,240.916,421.197]
      ],
      "battle_area__team": -1
    }
  },
  {
    "entity": {
      "_template": "enemy_attack_marker",
      "transform": [
        [-0.059501,0.0,0.998228],
        [0.0,1.0,0.0],
        [-0.998228,0.0,-0.059501],
        [-390.031,4.10737,689.808]
      ]
    }
  },
  {
    "entity": {
      "_template": "static_cam",
      "camera__active": true,
      "transform": [
        [-0.955625,0.0,-0.294583],
        [-0.00324374,0.999939,0.0105227],
        [0.294564,0.0110112,-0.955566],
        [-414.652,11.6834,947.582]
      ]
    }
  },
  {
    "entity": {
      "_template": "briefing_destruction",
      "mission_name": "berlin_station_bomb",
      "mission_outfit": "berlin",
      "loading_images:list<t>": [
        {
          "item": "ui/berlin_station_01.avif"
        },
        {
          "item": "ui/berlin_station_02.avif"
        },
        {
          "item": "ui/berlin_station_03.avif"
        }
      ]
    }
  },
  {
    "entity": {
      "_template": "group_activator",
      "activator__activateChoice:object": {
        "sector_1": 1.0
      }
    }
  },
  {
    "entity": {
      "_template": "team_ussr_berlin+team_narrator_destruction_attack+respawn_creators_team",
      "team__memberCount": 0.0,
      "team__scoreCap": 2100.0,
      "team__score": 2100.0,
      "team__squadSpawnCost": 250,
      "team__firstSpawnCostMul": 0.0,
      "team__zeroScoreFailTimer": 60.0,
      "team__id": 1,
      "team__briefing": "destruction/attackers_goals",
      "team__winSubtitle": "debriefing/won_invasion_destruction",
      "team__loseSubtitle": "debriefing/lost_invasion_destruction",
      "team__winTitle": "debriefing/ussr_won_destruction_attack_title",
      "team__spawnBotArmy": "moscow_allies"
    }
  },
  {
    "entity": {
      "_template": "team_germany_berlin+team_narrator_destruction_defence+respawn_creators_team",
      "team__countAdd": 0.5,
      "team__memberCount": 0.5,
      "team__scoreCap": 3000.0,
      "team__capturePenalty": 1001.0,
      "team__score": 3000.0,
      "team__id": 2,
      "team__briefing": "destruction/defenders_goals",
      "team__winSubtitle": "debriefing/won_defence_destruction",
      "team__loseSubtitle": "debriefing/lost_defence_destruction",
      "team__winTitle": "debriefing/axis_won_destruction_defence_title",
      "team__spawnBotArmy": "moscow_axis"
    }
  },
  {
    "entity": {
      "_template": "bomb_site_zone_chained_sphere+defend_zone_respawnbase",
      "transform": [
        [-0.26756,0.0,1.01947],
        [0.0,0.932493,0.0],
        [-1.01947,0.0,-0.26756],
        [-381.809,1.50145,893.784]
      ],
      "groupName": "sector_1",
      "capzone__capRewardPartCap": 1.8,
      "capzone__mustBeCapturedByTeam": 1,
      "capzone__caption": "capzone/station",
      "capzone__timeToPlant": 20.0,
      "capzone__timeToDefuse": 30.0,
      "capzone__timeToExplosion": 40.0,
      "active": false,
      "ui_order": 2,
      "capzone__capReward": 500.0,
      "capzone__checkAllZonesInGroup": true,
      "capzone__deactivateAfterTimeout": 25.0,
      "capzone__spawnAtZoneTimeout": 25.0,
      "capzone__createRespawnBaseForTeam": 2,
      "sphere_zone__radius": 14.0,
      "capzone__createdRespawnBaseGroup": 4,
      "capzone__createRespawnBase": "respawnBaseGroupActivator",
      "capzone__plantingTeam": 1,
      "capzone__bombTemplate": "bomb_site+bomb_site_radar_hardware_animchar_03_without_antenna",
      "capzone__bombTransformLocalPos": [
        [-0.782798,0.0,-0.622277],
        [0.0,1.0,0.0],
        [0.622277,0.0,-0.782798],
        [-0.23233,-1.71874,0.019165]
      ],
      "capzone__activateChoice:object": {
        "sector_2": 1.0
      }
    }
  },
  {
    "entity": {
      "_template": "bomb_site_zone_chained_box+defend_zone_respawnbase",
      "transform": [
        [-0.626358,0.0,23.4194],
        [0.0,6.80457,0.0],
        [-26.1845,0.0,-1.36709],
        [-439.399,5.47744,863.357]
      ],
      "capzone__capRewardPartCap": 1.8,
      "capzone__mustBeCapturedByTeam": 1,
      "groupName": "sector_1",
      "active": false,
      "ui_order": 0,
      "capzone__capReward": 500.0,
      "capzone__caption": "capzone/ticket_offices",
      "capzone__timeToPlant": 20.0,
      "capzone__timeToDefuse": 30.0,
      "capzone__timeToExplosion": 40.0,
      "capzone__checkAllZonesInGroup": true,
      "capzone__deactivateAfterTimeout": 25.0,
      "capzone__spawnAtZoneTimeout": 25.0,
      "capzone__createRespawnBaseForTeam": 2,
      "capzone__createdRespawnBaseGroup": 4,
      "capzone__createRespawnBase": "respawnBaseGroupActivator",
      "capzone__plantingTeam": 1,
      "capzone__bombTemplate": "bomb_site+bomb_site_radar_hardware_animchar_01_without_antenna",
      "capzone__bombTransformLocalPos": [
        [-0.994559,0.0,-0.104171],
        [0.0,1.0,0.0],
        [0.104171,0.0,-0.994559],
        [-0.0750732,-2.03804,0.0482178]
      ],
      "capzone__activateChoice:object": {
        "sector_2": 1.0
      }
    }
  },
  {
    "entity": {
      "_template": "bomb_site_zone_chained_box+defend_zone_respawnbase",
      "transform": [
        [14.3751,0.0,1.32706],
        [0.0,6.80457,0.0],
        [-1.23045,0.0,21.0244],
        [-342.415,5.43392,768.842]
      ],
      "capzone__capRewardPartCap": 1.8,
      "capzone__mustBeCapturedByTeam": 1,
      "groupName": "sector_2",
      "active": false,
      "ui_order": 0,
      "capzone__capReward": 500.0,
      "capzone__caption": "capzone/station_restaurant",
      "capzone__timeToPlant": 20.0,
      "capzone__timeToDefuse": 30.0,
      "capzone__timeToExplosion": 40.0,
      "capzone__checkAllZonesInGroup": true,
      "capzone__deactivateAfterTimeout": 25.0,
      "capzone__spawnAtZoneTimeout": 25.0,
      "capzone__createRespawnBaseForTeam": 2,
      "capzone__createdRespawnBaseGroup": 5,
      "capzone__createRespawnBase": "respawnBaseGroupActivator",
      "capzone__plantingTeam": 1,
      "capzone__bombTemplate": "bomb_site+bomb_site_radar_hardware_animchar_01_without_antenna",
      "capzone__bombTransformLocalPos": [
        [-0.994559,0.0,-0.104171],
        [0.0,1.0,0.0],
        [0.104171,0.0,-0.994559],
        [-0.0750732,-1.97733,0.0482178]
      ],
      "capzone__activateChoice:object": {
        "sector_3": 1.0
      }
    }
  },
  {
    "entity": {
      "_template": "bomb_site_zone_chained_box+defend_zone_respawnbase",
      "transform": [
        [21.8203,0.0,1.59314],
        [0.0,6.80457,0.0],
        [-2.01474,0.0,20.9992],
        [-439.592,5.45113,764.03]
      ],
      "capzone__capRewardPartCap": 1.8,
      "capzone__mustBeCapturedByTeam": 1,
      "groupName": "sector_2",
      "active": false,
      "ui_order": 0,
      "capzone__capReward": 500.0,
      "capzone__caption": "capzone/canteen",
      "capzone__timeToPlant": 20.0,
      "capzone__timeToDefuse": 30.0,
      "capzone__timeToExplosion": 40.0,
      "capzone__checkAllZonesInGroup": true,
      "capzone__deactivateAfterTimeout": 25.0,
      "capzone__spawnAtZoneTimeout": 25.0,
      "capzone__createRespawnBaseForTeam": 2,
      "capzone__createdRespawnBaseGroup": 5,
      "capzone__createRespawnBase": "respawnBaseGroupActivator",
      "capzone__plantingTeam": 1,
      "capzone__bombTemplate": "bomb_site+bomb_site_radar_hardware_animchar_04_without_antenna",
      "capzone__bombTransformLocalPos": [
        [-0.143368,0.0,0.989669],
        [0.0,1.0,0.0],
        [-0.989669,0.0,-0.143368],
        [0.0452271,-1.99445,0.0769043]
      ],
      "capzone__activateChoice:object": {
        "sector_3": 1.0
      }
    }
  },
  {
    "entity": {
      "_template": "bomb_site_zone_chained_sphere+defend_zone_respawnbase",
      "transform": [
        [0.0938255,0.0,1.04981],
        [0.0,0.932493,0.0],
        [-1.04981,0.0,0.0938255],
        [-422.364,4.53399,691.233]
      ],
      "groupName": "sector_3",
      "capzone__capRewardPartCap": 1.8,
      "capzone__mustBeCapturedByTeam": 1,
      "capzone__caption": "capzone/artillery_emplacement",
      "capzone__timeToPlant": 20.0,
      "capzone__timeToDefuse": 30.0,
      "capzone__timeToExplosion": 40.0,
      "active": false,
      "ui_order": 2,
      "capzone__capReward": 500.0,
      "capzone__checkAllZonesInGroup": true,
      "capzone__deactivateAfterTimeout": 25.0,
      "capzone__spawnAtZoneTimeout": 25.0,
      "capzone__createRespawnBaseForTeam": 2,
      "sphere_zone__radius": 12.0,
      "capzone__createdRespawnBaseGroup": 6,
      "capzone__createRespawnBase": "respawnBaseGroupActivator",
      "capzone__plantingTeam": 1,
      "capzone__bombTemplate": "bomb_site+bomb_site_radar_hardware_animchar_05",
      "capzone__bombTransformLocalPos": [
        [-0.94738,0.0,-0.320113],
        [0.0,1.0,0.0],
        [0.320113,0.0,-0.94738],
        [0.0873413,-1.34364,-0.0111084]
      ]
    }
  },
  {
    "entity": {
      "_template": "respawn_camera",
      "respawnCameraForTeam": 1,
      "transform": [
        [1.0,0.0,0.0],
        [0.0,1.0,0.0],
        [0.0,0.0,1.0],
        [-328.064,303.539,1058.21]
      ]
    }
  },
  {
    "entity": {
      "_template": "respawn_camera",
      "respawnCameraForTeam": 2,
      "transform": [
        [1.0,0.0,0.0],
        [0.0,1.0,0.0],
        [0.0,0.0,1.0],
        [-357.343,305.817,445.41]
      ]
    }
  },
  {
    "entity": {
      "_template": "respawnChooser+respTeam1",
      "transform": [
        [0.216387,0.0,-0.976307],
        [0.0,1.0,0.0],
        [0.976307,0.0,0.216387],
        [-450.227,3.88403,968.557]
      ],
      "active": false,
      "groupName": "sector_1"
    }
  },
  {
    "entity": {
      "_template": "respawnChooser+respTeam1",
      "transform": [
        [0.104504,0.0,-0.994525],
        [0.0,1.0,0.0],
        [0.994525,0.0,0.104504],
        [-443.389,3.60217,967.672]
      ],
      "active": false,
      "groupName": "sector_1"
    }
  },
  {
    "entity": {
      "_template": "respawnChooser+respTeam1",
      "transform": [
        [-0.0335313,0.0,-0.999437],
        [0.0,1.0,0.0],
        [0.999437,0.0,-0.0335313],
        [-359.341,3.85179,972.442]
      ],
      "active": false,
      "groupName": "sector_1",
      "respawnBaseGroup": 2
    }
  },
  {
    "entity": {
      "_template": "respawnChooser+respTeam1",
      "transform": [
        [0.222903,0.0,-0.974839],
        [0.0,1.0,0.0],
        [0.974839,0.0,0.222903],
        [-374.692,5.00304,974.533]
      ],
      "active": false,
      "groupName": "sector_1",
      "respawnBaseGroup": 2
    }
  },
  {
    "entity": {
      "_template": "respawnChooser+respVehicle",
      "transform": [
        [-0.017264,0.0,-0.999851],
        [0.0,1.0,0.0],
        [0.999851,0.0,-0.017264],
        [-270.378,4.24103,1006.61]
      ],
      "groupName": "sector_1",
      "team": 1,
      "respTime": 150,
      "maxVehicleOnSpawn": 2,
      "active": false,
      "respawnBaseGroup": 1
    }
  },
  {
    "entity": {
      "_template": "respawnChooser+respTeam2",
      "transform": [
        [0.452423,0.0,0.891804],
        [0.0,1.0,0.0],
        [-0.891804,0.0,0.452423],
        [-435.844,4.26463,770.645]
      ],
      "active": false,
      "groupName": "sector_1"
    }
  },
  {
    "entity": {
      "_template": "respawnChooser+respTeam2",
      "transform": [
        [0.0152725,0.0,0.999883],
        [0.0,1.0,0.0],
        [-0.999883,0.0,0.0152725],
        [-423.641,3.93463,768.638]
      ],
      "active": false,
      "groupName": "sector_1"
    }
  },
  {
    "entity": {
      "_template": "respawnChooser+respTeam2",
      "transform": [
        [0.265933,0.0,0.963991],
        [0.0,1.0,0.0],
        [-0.963991,0.0,0.265933],
        [-361.995,4.22969,824.708]
      ],
      "active": false,
      "groupName": "sector_1",
      "respawnBaseGroup": 2
    }
  },
  {
    "entity": {
      "_template": "respawnChooser+respTeam2",
      "transform": [
        [-0.986945,0.0,0.161063],
        [0.0,1.0,0.0],
        [-0.161063,0.0,-0.986945],
        [-364.256,4.00055,824.474]
      ],
      "active": false,
      "groupName": "sector_1",
      "respawnBaseGroup": 2
    }
  },
  {
    "entity": {
      "_template": "respawnChooser+respVehicle",
      "transform": [
        [0.486085,0.0,0.873913],
        [0.0,1.0,0.0],
        [-0.873913,0.0,0.486085],
        [-395.997,4.3436,682.044]
      ],
      "team": 2,
      "groupName": "sector_1",
      "respTime": 150,
      "maxVehicleOnSpawn": 2,
      "active": false,
      "respawnBaseGroup": 1
    }
  },
  {
    "entity": {
      "_template": "respawnChooser+respTeam1",
      "transform": [
        [0.21723,0.0,-0.97612],
        [0.0,1.0,0.0],
        [0.97612,0.0,0.21723],
        [-372.816,3.79798,947.576]
      ],
      "active": false,
      "groupName": "sector_2"
    }
  },
  {
    "entity": {
      "_template": "respawnChooser+respTeam1",
      "transform": [
        [0.0504104,0.0,-0.998729],
        [0.0,1.0,0.0],
        [0.998729,0.0,0.0504104],
        [-365.831,3.69961,950.509]
      ],
      "active": false,
      "groupName": "sector_2",
      "respawnBaseGroup": 1
    }
  },
  {
    "entity": {
      "_template": "respawnChooser+respTeam1",
      "transform": [
        [0.0653703,0.0,-0.997861],
        [0.0,1.0,0.0],
        [0.997861,0.0,0.0653703],
        [-432.495,4.13198,946.293]
      ],
      "groupName": "sector_2",
      "active": false,
      "respawnBaseGroup": 2
    }
  },
  {
    "entity": {
      "_template": "respawnChooser+respTeam1",
      "transform": [
        [0.222433,0.0,-0.974948],
        [0.0,1.0,0.0],
        [0.974948,0.0,0.222433],
        [-437.768,4.20329,946.603]
      ],
      "active": false,
      "groupName": "sector_2",
      "respawnBaseGroup": 2
    }
  },
  {
    "entity": {
      "_template": "respawnChooser+respTeam2",
      "transform": [
        [0.35342,0.0,0.935465],
        [0.0,1.0,0.0],
        [-0.935465,0.0,0.35342],
        [-493.385,3.61193,667.625]
      ],
      "active": false,
      "groupName": "sector_2",
      "respawnBaseGroup": 1
    }
  },
  {
    "entity": {
      "_template": "respawnChooser+respTeam2",
      "transform": [
        [0.846713,0.0,0.532052],
        [0.0,1.0,0.0],
        [-0.532052,0.0,0.846713],
        [-477.808,3.61193,653.434]
      ],
      "active": false,
      "groupName": "sector_2",
      "respawnBaseGroup": 1
    }
  },
  {
    "entity": {
      "_template": "respawnChooser+respTeam1",
      "transform": [
        [-0.122763,0.0,-0.992436],
        [0.0,1.0,0.0],
        [0.992436,0.0,-0.122763],
        [-426.998,3.68558,835.389]
      ],
      "active": false,
      "groupName": "sector_3"
    }
  },
  {
    "entity": {
      "_template": "respawnChooser+respTeam1",
      "transform": [
        [0.00123086,0.0,-0.999999],
        [0.0,1.0,0.0],
        [0.999999,0.0,0.00123086],
        [-434.741,3.72799,832.779]
      ],
      "active": false,
      "groupName": "sector_3"
    }
  },
  {
    "entity": {
      "_template": "respawnChooser+respTeam1",
      "transform": [
        [0.0973917,0.0,-0.995246],
        [0.0,1.0,0.0],
        [0.995246,0.0,0.0973917],
        [-430.71,3.82091,835.069]
      ],
      "active": false,
      "groupName": "sector_3",
      "respawnBaseGroup": 1
    }
  },
  {
    "entity": {
      "_template": "respawnChooser+respTeam1",
      "transform": [
        [-0.0584569,0.0,-0.998291],
        [0.0,1.0,0.0],
        [0.998291,0.0,-0.0584569],
        [-367.08,3.92522,819.622]
      ],
      "groupName": "sector_3",
      "active": false,
      "respawnBaseGroup": 2
    }
  },
  {
    "entity": {
      "_template": "respawnChooser+respTeam1",
      "transform": [
        [-0.138817,0.0,-0.990319],
        [0.0,1.0,0.0],
        [0.990319,0.0,-0.138817],
        [-358.538,3.78401,813.376]
      ],
      "groupName": "sector_3",
      "active": false,
      "respawnBaseGroup": 2
    }
  },
  {
    "entity": {
      "_template": "respawnChooser+respVehicle",
      "transform": [
        [-0.239708,0.0,-0.970845],
        [0.0,1.0,0.0],
        [0.970845,0.0,-0.239708],
        [-324.964,3.73131,894.726]
      ],
      "groupName": "sector_3",
      "team": 1,
      "respTime": 150,
      "maxVehicleOnSpawn": 2,
      "active": false,
      "respawnBaseGroup": 1
    }
  },
  {
    "entity": {
      "_template": "respawnChooser+respTeam2",
      "transform": [
        [0.272844,0.0,0.962058],
        [0.0,1.0,0.0],
        [-0.962058,0.0,0.272844],
        [-438.042,-0.895873,572.628]
      ],
      "active": false,
      "groupName": "sector_3"
    }
  },
  {
    "entity": {
      "_template": "respawnChooser+respTeam2",
      "transform": [
        [0.785619,0.0,0.618711],
        [0.0,1.0,0.0],
        [-0.618711,0.0,0.785619],
        [-435.388,-1.13401,572.193]
      ],
      "groupName": "sector_3",
      "active": false
    }
  },
  {
    "entity": {
      "_template": "respawnChooser+respTeam2",
      "transform": [
        [0.463635,0.0,0.886027],
        [0.0,1.0,0.0],
        [-0.886027,0.0,0.463635],
        [-531.504,5.88563,659.997]
      ],
      "groupName": "sector_3",
      "active": false,
      "respawnBaseGroup": 2
    }
  },
  {
    "entity": {
      "_template": "respawnChooser+respTeam2",
      "transform": [
        [0.947409,0.0,0.320025],
        [0.0,1.0,0.0],
        [-0.320025,0.0,0.947409],
        [-533.497,5.93251,655.028]
      ],
      "groupName": "sector_3",
      "active": false,
      "respawnBaseGroup": 2
    }
  },
  {
    "entity": {
      "_template": "respawnChooser+respVehicle",
      "transform": [
        [0.813599,0.0,0.581426],
        [0.0,1.0,0.0],
        [-0.581426,0.0,0.813599],
        [-553.122,3.88339,513.632]
      ],
      "groupName": "sector_3",
      "team": 2,
      "respTime": 150,
      "maxVehicleOnSpawn": 2,
      "active": false,
      "respawnBaseGroup": 1
    }
  },
  {
    "entity": {
      "_template": "respAircraftInAir",
      "respawnbaseType": "aircraft_fighter",
      "transform": [
        [-0.132923,0.0,0.991128],
        [0.0,1.0,0.0],
        [-0.991128,0.0,-0.132923],
        [110.732,1023.92,-2826.08]
      ],
      "team": 2,
      "maxVehicleOnSpawn": 1,
      "respTime": 120
    }
  },
  {
    "entity": {
      "_template": "resupply_in_air_zone",
      "transform": [
        [-0.999999,0.0,-0.000445871],
        [0.0,1.0,0.0],
        [0.000445871,0.0,-0.999999],
        [1878.61,401.601,2553.07]
      ],
      "resupply_zone__team": 1
    }
  },
  {
    "entity": {
      "_template": "respAircraftInAir",
      "respawnbaseType": "aircraft_assault",
      "transform": [
        [-0.228983,0.0,0.973431],
        [0.0,1.0,0.0],
        [-0.973431,0.0,-0.228983],
        [-64.1156,823.92,-2855.02]
      ],
      "team": 2,
      "maxVehicleOnSpawn": 1,
      "respTime": 120
    }
  },
  {
    "entity": {
      "_template": "respAircraftInAir",
      "respawnbaseType": "aircraft_fighter",
      "transform": [
        [-0.175742,0.0,0.984437],
        [0.0,1.0,0.0],
        [-0.984437,0.0,-0.175742],
        [-44.8426,1023.92,-2844.2]
      ],
      "team": 2,
      "maxVehicleOnSpawn": 1,
      "respTime": 120
    }
  },
  {
    "entity": {
      "_template": "respAircraftInAir",
      "respawnbaseType": "aircraft_assault",
      "transform": [
        [-0.16591,0.0,0.986141],
        [0.0,1.0,0.0],
        [-0.986141,0.0,-0.16591],
        [110.732,823.92,-2826.08]
      ],
      "team": 2,
      "maxVehicleOnSpawn": 1,
      "respTime": 120
    }
  },
  {
    "entity": {
      "_template": "resupply_in_air_zone",
      "transform": [
        [0.327869,0.0,-0.944724],
        [0.0,1.0,0.0],
        [0.944724,0.0,0.327869],
        [-1985.55,425.522,-1818.98]
      ],
      "resupply_zone__team": 2
    }
  },
  {
    "entity": {
      "_template": "respAircraftInAir",
      "respawnbaseType": "aircraft_fighter",
      "transform": [
        [0.0218614,0.0,-0.999761],
        [0.0,1.0,0.0],
        [0.999761,0.0,0.0218614],
        [-711.287,1000.0,4224.65]
      ],
      "team": 1,
      "maxVehicleOnSpawn": 1,
      "respTime": 120
    }
  },
  {
    "entity": {
      "_template": "respAircraftInAir",
      "respawnbaseType": "aircraft_assault",
      "transform": [
        [-0.0188785,0.0,-0.999822],
        [0.0,1.0,0.0],
        [0.999822,0.0,-0.0188785],
        [-711.287,800.0,4224.65]
      ],
      "team": 1,
      "maxVehicleOnSpawn": 1,
      "respTime": 120
    }
  },
  {
    "entity": {
      "_template": "respAircraftInAir",
      "respawnbaseType": "aircraft_fighter",
      "transform": [
        [0.0283146,0.0,-0.999599],
        [0.0,1.0,0.0],
        [0.999599,0.0,0.0283146],
        [-566.746,1000.0,4266.89]
      ],
      "team": 1,
      "maxVehicleOnSpawn": 1,
      "respTime": 120
    }
  },
  {
    "entity": {
      "_template": "respAircraftInAir",
      "respawnbaseType": "aircraft_assault",
      "transform": [
        [0.0602217,0.0,-0.998185],
        [0.0,1.0,0.0],
        [0.998185,0.0,0.0602217],
        [-532.835,800.0,4237.81]
      ],
      "team": 1,
      "maxVehicleOnSpawn": 1,
      "respTime": 120
    }
  },
  {
    "entity": {
      "_template": "respawnChooser+respMotorcycle",
      "active": false,
      "transform": [
        [-0.017264,0.0,-0.999851],
        [0.0,1.0,0.0],
        [0.999851,0.0,-0.017264],
        [-270.378,4.24103,1006.61]
      ],
      "team": 1,
      "groupName": "sector_1"
    }
  },
  {
    "entity": {
      "_template": "respawnChooser+respMotorcycle",
      "active": false,
      "transform": [
        [0.486085,0.0,0.873913],
        [0.0,1.0,0.0],
        [-0.873913,0.0,0.486085],
        [-395.997,4.3436,682.044]
      ],
      "team": 2,
      "groupName": "sector_1"
    }
  },
  {
    "entity": {
      "_template": "respawnChooser+respMotorcycle",
      "active": false,
      "transform": [
        [0.999998,0.0,0.00213642],
        [0.0,1.0,0.0],
        [-0.00213642,0.0,0.999998],
        [-554.954,5.01929,632.571]
      ],
      "team": 2,
      "groupName": "sector_2"
    }
  },
  {
    "entity": {
      "_template": "respawnChooser+respMotorcycle",
      "active": false,
      "transform": [
        [0.902019,0.0,-0.431697],
        [0.0,1.0,0.0],
        [0.431697,0.0,0.902019],
        [-357.345,4.03344,991.225]
      ],
      "team": 1,
      "groupName": "sector_2"
    }
  },
  {
    "entity": {
      "_template": "respawnChooser+respMotorcycle",
      "active": false,
      "transform": [
        [-0.247178,0.0,-0.96897],
        [0.0,1.0,0.0],
        [0.96897,0.0,-0.247178],
        [-325.892,4.16542,895.722]
      ],
      "team": 1,
      "groupName": "sector_3"
    }
  },
  {
    "entity": {
      "_template": "respawnChooser+respMotorcycle",
      "active": false,
      "transform": [
        [0.674053,0.0,0.738685],
        [0.0,1.0,0.0],
        [-0.738685,0.0,0.674053],
        [-552.447,4.14391,512.899]
      ],
      "team": 2,
      "groupName": "sector_3"
    }
  },
  {
    "entity": {
      "_template": "respawnChooser+respVehicle",
      "transform": [
        [0.915901,0.0,-0.401405],
        [0.0,1.0,0.0],
        [0.401405,0.0,0.915901],
        [-356.729,3.85148,991.793]
      ],
      "groupName": "sector_2",
      "team": 1,
      "active": false,
      "maxVehicleOnSpawn": 2,
      "respTime": 150
    }
  },
  {
    "entity": {
      "_template": "respawnChooser+respVehicle",
      "transform": [
        [1.0,0.0,0.0],
        [0.0,1.0,0.0],
        [0.0,0.0,1.0],
        [-554.782,4.63076,634.157]
      ],
      "groupName": "sector_2",
      "maxVehicleOnSpawn": 2,
      "respTime": 150,
      "team": 2,
      "active": false
    }
  },
  {
    "entity": {
      "_template": "respawnChooser+respTeam2",
      "transform": [
        [-0.0160029,0.0,0.999872],
        [0.0,1.0,0.0],
        [-0.999872,0.0,-0.0160029],
        [-486.551,3.50097,666.206]
      ],
      "groupName": "sector_2",
      "active": false
    }
  },
  {
    "entity": {
      "_template": "respawnBaseWithGroupOnCapturePoint",
      "transform": [
        [0.582656,0.0,0.812719],
        [0.0,1.0,0.0],
        [-0.812719,0.0,0.582656],
        [-385.187,0.101859,882.953]
      ],
      "groupName": "sector_1",
      "team": 2,
      "respawnBaseGroup": 4,
      "active": false
    }
  },
  {
    "entity": {
      "_template": "respawnBaseWithGroupOnCapturePoint",
      "transform": [
        [-0.816628,0.0,0.577164],
        [0.0,1.0,0.0],
        [-0.577164,0.0,-0.816628],
        [-366.719,3.69692,886.92]
      ],
      "groupName": "sector_1",
      "respawnBaseGroup": 4,
      "team": 2,
      "active": false
    }
  },
  {
    "entity": {
      "_template": "respawnBaseWithGroupOnCapturePoint",
      "transform": [
        [0.17471,0.0,0.98462],
        [0.0,1.0,0.0],
        [-0.98462,0.0,0.17471],
        [-437.083,3.69018,854.935]
      ],
      "groupName": "sector_1",
      "respawnBaseGroup": 4,
      "team": 2,
      "active": false
    }
  },
  {
    "entity": {
      "_template": "respawnBaseWithGroupOnCapturePoint",
      "transform": [
        [-0.442773,0.0,0.896634],
        [0.0,1.0,0.0],
        [-0.896634,0.0,-0.442773],
        [-429.07,3.60772,847.108]
      ],
      "groupName": "sector_1",
      "respawnBaseGroup": 4,
      "team": 2,
      "active": false
    }
  },
  {
    "entity": {
      "_template": "respawnBaseWithGroupOnCapturePoint",
      "transform": [
        [-0.350639,0.0,0.936511],
        [0.0,1.0,0.0],
        [-0.936511,0.0,-0.350639],
        [-433.537,3.45318,757.052]
      ],
      "groupName": "sector_2",
      "team": 2,
      "respawnBaseGroup": 5,
      "active": false
    }
  },
  {
    "entity": {
      "_template": "respawnBaseWithGroupOnCapturePoint",
      "transform": [
        [0.402882,0.0,0.915252],
        [0.0,1.0,0.0],
        [-0.915252,0.0,0.402882],
        [-442.059,3.45318,756.768]
      ],
      "groupName": "sector_2",
      "respawnBaseGroup": 5,
      "team": 2,
      "active": false
    }
  },
  {
    "entity": {
      "_template": "respawnBaseWithGroupOnCapturePoint",
      "transform": [
        [-0.599907,0.0,0.800069],
        [0.0,1.0,0.0],
        [-0.800069,0.0,-0.599907],
        [-350.401,3.45318,763.059]
      ],
      "groupName": "sector_2",
      "respawnBaseGroup": 5,
      "team": 2,
      "active": false
    }
  },
  {
    "entity": {
      "_template": "respawnBaseWithGroupOnCapturePoint",
      "transform": [
        [0.441119,0.0,0.897449],
        [0.0,1.0,0.0],
        [-0.897449,0.0,0.441119],
        [-344.932,3.45318,761.644]
      ],
      "groupName": "sector_2",
      "respawnBaseGroup": 5,
      "team": 2,
      "active": false
    }
  },
  {
    "entity": {
      "_template": "respawnBaseWithGroupOnCapturePoint",
      "transform": [
        [-0.872254,0.0,-0.489053],
        [0.0,1.0,0.0],
        [0.489053,0.0,-0.872254],
        [-396.126,3.41814,702.441]
      ],
      "groupName": "sector_3",
      "team": 2,
      "respawnBaseGroup": 6,
      "active": false
    }
  },
  {
    "entity": {
      "_template": "respawnBaseWithGroupOnCapturePoint",
      "transform": [
        [1.0,0.0,0.0],
        [0.0,1.0,0.0],
        [0.0,0.0,1.0],
        [-441.261,3.19951,687.524]
      ],
      "groupName": "sector_3",
      "team": 2,
      "respawnBaseGroup": 6,
      "active": false
    }
  },
  {
    "entity": {
      "_template": "resupply_for_ground_vehicle_zone",
      "transform": [
        [-0.017264,0.0,-0.999851],
        [0.0,1.0,0.0],
        [0.999851,0.0,-0.017264],
        [-265.924,4.24104,966.416]
      ],
      "resupply_zone__team": 1,
      "groupName": "sector_1",
      "active": false
    }
  },
  {
    "entity": {
      "_template": "resupply_for_ground_vehicle_zone",
      "transform": [
        [0.486085,0.0,0.873913],
        [0.0,1.0,0.0],
        [-0.873913,0.0,0.486085],
        [-390.925,4.3436,676.633]
      ],
      "resupply_zone__team": 2,
      "groupName": "sector_1",
      "active": false
    }
  },
  {
    "entity": {
      "_template": "resupply_for_ground_vehicle_zone",
      "transform": [
        [-0.239708,0.0,-0.970845],
        [0.0,1.0,0.0],
        [0.970845,0.0,-0.239708],
        [-306.471,3.73131,892.115]
      ],
      "resupply_zone__team": 1,
      "groupName": "sector_3",
      "active": false
    }
  },
  {
    "entity": {
      "_template": "resupply_for_ground_vehicle_zone",
      "transform": [
        [0.813599,0.0,0.581426],
        [0.0,1.0,0.0],
        [-0.581426,0.0,0.813599],
        [-556.612,3.88339,511.698]
      ],
      "resupply_zone__team": 2,
      "groupName": "sector_3",
      "active": false
    }
  },
  {
    "entity": {
      "_template": "resupply_for_ground_vehicle_zone",
      "transform": [
        [0.915901,0.0,-0.401405],
        [0.0,1.0,0.0],
        [0.401405,0.0,0.915901],
        [-364.662,3.85148,987.691]
      ],
      "resupply_zone__team": 1,
      "groupName": "sector_2",
      "active": false
    }
  },
  {
    "entity": {
      "_template": "resupply_for_ground_vehicle_zone",
      "transform": [
        [1.0,0.0,0.0],
        [0.0,1.0,0.0],
        [0.0,0.0,1.0],
        [-559.002,4.63076,634.318]
      ],
      "resupply_zone__team": 2,
      "groupName": "sector_2",
      "active": false
    }
  }
]