[
  {
    "import": {
      "scene": "content/enlisted/gamedata/scenes/_berlin_opera_gpu_objects.blk"
    }
  },
  {
    "import": {
      "scene": "content/enlisted/gamedata/scenes/_berlin_opera_biom_fx.blk"
    }
  },
  {
    "import": {
      "scene": "content/enlisted/gamedata/scenes/_berlin_opera_background_fx.blk"
    }
  },
  {
    "import": {
      "scene": "content/enlisted/gamedata/scenes/_berlin_opera_projectors.blk"
    }
  },
  {
    "import": {
      "scene": "content/enlisted/gamedata/scenes/_berlin_opera_tracers.blk"
    }
  },
  {
    "import": {
      "scene": "content/enlisted/gamedata/scenes/_berlin_level.blk"
    }
  },
  {
    "entity": {
      "_template": "battle_area_polygon_point",
      "transform": [
        [1.0,0.0,0.0],
        [0.0,1.0,0.0],
        [0.0,0.0,1.0],
        [77.1835,-2.922,-306.565]
      ],
      "battle_area_polygon_point__id": "point1",
      "battle_area_polygon_point__nextId": "point2",
      "battle_area_polygon_point__forBattleAreaId": "1_area1"
    }
  },
  {
    "entity": {
      "_template": "battle_area_polygon_point",
      "transform": [
        [1.0,0.0,0.0],
        [0.0,1.0,0.0],
        [0.0,0.0,1.0],
        [219.957,-2.922,-329.027]
      ],
      "battle_area_polygon_point__id": "point2",
      "battle_area_polygon_point__nextId": "point3",
      "battle_area_polygon_point__forBattleAreaId": "1_area1"
    }
  },
  {
    "entity": {
      "_template": "battle_area_polygon_point",
      "transform": [
        [1.0,0.0,0.0],
        [0.0,1.0,0.0],
        [0.0,0.0,1.0],
        [425.228,-2.922,-276.243]
      ],
      "battle_area_polygon_point__id": "point3",
      "battle_area_polygon_point__nextId": "point4",
      "battle_area_polygon_point__forBattleAreaId": "1_area1"
    }
  },
  {
    "entity": {
      "_template": "battle_area_polygon_point",
      "transform": [
        [1.0,0.0,0.0],
        [0.0,1.0,0.0],
        [0.0,0.0,1.0],
        [394.02,-2.922,-45.6448]
      ],
      "battle_area_polygon_point__id": "point4",
      "battle_area_polygon_point__nextId": "point5",
      "battle_area_polygon_point__forBattleAreaId": "1_area1"
    }
  },
  {
    "entity": {
      "_template": "battle_area_polygon_point",
      "transform": [
        [1.0,0.0,0.0],
        [0.0,1.0,0.0],
        [0.0,0.0,1.0],
        [86.1019,-2.922,-71.6234]
      ],
      "battle_area_polygon_point__id": "point5",
      "battle_area_polygon_point__nextId": "point1",
      "battle_area_polygon_point__forBattleAreaId": "1_area1"
    }
  },
  {
    "entity": {
      "_template": "battle_area_polygon_point",
      "transform": [
        [1.0,0.0,0.0],
        [0.0,1.0,0.0],
        [0.0,0.0,1.0],
        [466.252,-2.922,-469.721]
      ],
      "battle_area_polygon_point__id": "point1",
      "battle_area_polygon_point__nextId": "point2",
      "battle_area_polygon_point__forBattleAreaId": "1_area2"
    }
  },
  {
    "entity": {
      "_template": "battle_area_polygon_point",
      "transform": [
        [1.0,0.0,0.0],
        [0.0,1.0,0.0],
        [0.0,0.0,1.0],
        [433.307,-2.922,-324.489]
      ],
      "battle_area_polygon_point__id": "point2",
      "battle_area_polygon_point__nextId": "point3",
      "battle_area_polygon_point__forBattleAreaId": "1_area2"
    }
  },
  {
    "entity": {
      "_template": "battle_area_polygon_point",
      "transform": [
        [1.0,0.0,0.0],
        [0.0,1.0,0.0],
        [0.0,0.0,1.0],
        [404.79,-2.922,-215.057]
      ],
      "battle_area_polygon_point__id": "point3",
      "battle_area_polygon_point__nextId": "point4",
      "battle_area_polygon_point__forBattleAreaId": "1_area2"
    }
  },
  {
    "entity": {
      "_template": "battle_area_polygon_point",
      "transform": [
        [1.0,0.0,0.0],
        [0.0,1.0,0.0],
        [0.0,0.0,1.0],
        [262.577,-2.922,-227.866]
      ],
      "battle_area_polygon_point__id": "point4",
      "battle_area_polygon_point__nextId": "point5",
      "battle_area_polygon_point__forBattleAreaId": "1_area2"
    }
  },
  {
    "entity": {
      "_template": "battle_area_polygon_point",
      "transform": [
        [1.0,0.0,0.0],
        [0.0,1.0,0.0],
        [0.0,0.0,1.0],
        [84.5389,-2.922,-237.744]
      ],
      "battle_area_polygon_point__id": "point5",
      "battle_area_polygon_point__nextId": "point6",
      "battle_area_polygon_point__forBattleAreaId": "1_area2"
    }
  },
  {
    "entity": {
      "_template": "battle_area_polygon_point",
      "transform": [
        [1.0,0.0,0.0],
        [0.0,1.0,0.0],
        [0.0,0.0,1.0],
        [83.3009,-2.922,-329.21]
      ],
      "battle_area_polygon_point__id": "point6",
      "battle_area_polygon_point__nextId": "point7",
      "battle_area_polygon_point__forBattleAreaId": "1_area2"
    }
  },
  {
    "entity": {
      "_template": "battle_area_polygon_point",
      "transform": [
        [1.0,0.0,0.0],
        [0.0,1.0,0.0],
        [0.0,0.0,1.0],
        [77.1479,-2.922,-490.846]
      ],
      "battle_area_polygon_point__id": "point7",
      "battle_area_polygon_point__nextId": "point8",
      "battle_area_polygon_point__forBattleAreaId": "1_area2"
    }
  },
  {
    "entity": {
      "_template": "battle_area_polygon_point",
      "transform": [
        [1.0,0.0,0.0],
        [0.0,1.0,0.0],
        [0.0,0.0,1.0],
        [273.445,-2.922,-502.69]
      ],
      "battle_area_polygon_point__id": "point8",
      "battle_area_polygon_point__nextId": "point1",
      "battle_area_polygon_point__forBattleAreaId": "1_area2"
    }
  },
  {
    "entity": {
      "_template": "battle_area_polygon_point",
      "transform": [
        [1.0,0.0,0.0],
        [0.0,1.0,0.0],
        [0.0,0.0,1.0],
        [355.061,4.74114,-378.085]
      ],
      "battle_area_polygon_point__forBattleAreaId": "2_area1",
      "battle_area_polygon_point__id": "point1",
      "battle_area_polygon_point__nextId": "point2"
    }
  },
  {
    "entity": {
      "_template": "battle_area_polygon_point",
      "transform": [
        [1.0,0.0,0.0],
        [0.0,1.0,0.0],
        [0.0,0.0,1.0],
        [440.964,-2.922,-344.968]
      ],
      "battle_area_polygon_point__id": "point2",
      "battle_area_polygon_point__nextId": "point3",
      "battle_area_polygon_point__forBattleAreaId": "2_area1"
    }
  },
  {
    "entity": {
      "_template": "battle_area_polygon_point",
      "transform": [
        [1.0,0.0,0.0],
        [0.0,1.0,0.0],
        [0.0,0.0,1.0],
        [399.402,-2.922,-154.119]
      ],
      "battle_area_polygon_point__id": "point3",
      "battle_area_polygon_point__nextId": "point4",
      "battle_area_polygon_point__forBattleAreaId": "2_area1"
    }
  },
  {
    "entity": {
      "_template": "battle_area_polygon_point",
      "transform": [
        [1.0,0.0,0.0],
        [0.0,1.0,0.0],
        [0.0,0.0,1.0],
        [74.4658,-2.922,-160.0]
      ],
      "battle_area_polygon_point__id": "point4",
      "battle_area_polygon_point__nextId": "point5",
      "battle_area_polygon_point__forBattleAreaId": "2_area1"
    }
  },
  {
    "entity": {
      "_template": "battle_area_polygon_point",
      "transform": [
        [0.999375,0.0,-0.0353617],
        [0.0,1.0,0.0],
        [0.0353617,-0.0,0.999375],
        [63.7635,-2.922,-412.778]
      ],
      "battle_area_polygon_point__id": "point5",
      "battle_area_polygon_point__nextId": "point6",
      "battle_area_polygon_point__forBattleAreaId": "2_area1"
    }
  },
  {
    "entity": {
      "_template": "battle_area_polygon_point",
      "transform": [
        [1.0,0.0,0.0],
        [0.0,1.0,0.0],
        [0.0,0.0,1.0],
        [215.476,-2.922,-418.969]
      ],
      "battle_area_polygon_point__id": "point6",
      "battle_area_polygon_point__nextId": "point1",
      "battle_area_polygon_point__forBattleAreaId": "2_area1"
    }
  },
  {
    "entity": {
      "_template": "battle_area_polygon_point",
      "transform": [
        [0.995416,0.0,-0.0956446],
        [0.0,1.0,0.0],
        [0.0956446,-0.0,0.995416],
        [52.5309,-2.922,-517.142]
      ],
      "battle_area_polygon_point__id": "point1",
      "battle_area_polygon_point__nextId": "point2",
      "battle_area_polygon_point__forBattleAreaId": "2_area2"
    }
  },
  {
    "entity": {
      "_template": "battle_area_polygon_point",
      "transform": [
        [1.0,0.0,0.0],
        [0.0,1.0,0.0],
        [0.0,0.0,1.0],
        [264.634,-2.922,-536.484]
      ],
      "battle_area_polygon_point__id": "point2",
      "battle_area_polygon_point__nextId": "point3",
      "battle_area_polygon_point__forBattleAreaId": "2_area2"
    }
  },
  {
    "entity": {
      "_template": "battle_area_polygon_point",
      "transform": [
        [0.946375,0.0,0.32307],
        [0.0,1.0,-0.0],
        [-0.32307,0.0,0.946375],
        [493.451,-2.922,-488.18]
      ],
      "battle_area_polygon_point__id": "point3",
      "battle_area_polygon_point__nextId": "point4",
      "battle_area_polygon_point__forBattleAreaId": "2_area2"
    }
  },
  {
    "entity": {
      "_template": "battle_area_polygon_point",
      "transform": [
        [1.0,0.0,0.0],
        [0.0,1.0,0.0],
        [0.0,0.0,1.0],
        [434.106,-2.922,-326.69]
      ],
      "battle_area_polygon_point__id": "point4",
      "battle_area_polygon_point__nextId": "point5",
      "battle_area_polygon_point__forBattleAreaId": "2_area2"
    }
  },
  {
    "entity": {
      "_template": "battle_area_polygon_point",
      "transform": [
        [1.0,0.0,0.0],
        [0.0,1.0,0.0],
        [0.0,0.0,1.0],
        [419.413,-2.922,-274.977]
      ],
      "battle_area_polygon_point__id": "point5",
      "battle_area_polygon_point__nextId": "point6",
      "battle_area_polygon_point__forBattleAreaId": "2_area2"
    }
  },
  {
    "entity": {
      "_template": "battle_area_polygon_point",
      "transform": [
        [0.994847,0.0,0.101387],
        [0.0,1.0,-0.0],
        [-0.101387,0.0,0.994847],
        [223.265,-2.922,-294.19]
      ],
      "battle_area_polygon_point__id": "point6",
      "battle_area_polygon_point__nextId": "point7",
      "battle_area_polygon_point__forBattleAreaId": "2_area2"
    }
  },
  {
    "entity": {
      "_template": "battle_area_polygon_point",
      "transform": [
        [1.0,0.0,0.0],
        [0.0,1.0,0.0],
        [0.0,0.0,1.0],
        [162.12,-2.922,-362.278]
      ],
      "battle_area_polygon_point__id": "point7",
      "battle_area_polygon_point__nextId": "point8",
      "battle_area_polygon_point__forBattleAreaId": "2_area2"
    }
  },
  {
    "entity": {
      "_template": "battle_area_polygon_point",
      "transform": [
        [0.997055,0.0,-0.0766913],
        [0.0,1.0,0.0],
        [0.0766913,-0.0,0.997055],
        [67.9232,-2.922,-395.399]
      ],
      "battle_area_polygon_point__id": "point8",
      "battle_area_polygon_point__nextId": "point1",
      "battle_area_polygon_point__forBattleAreaId": "2_area2"
    }
  },
  {
    "entity": {
      "_template": "battle_area_polygon_point",
      "transform": [
        [1.0,0.0,0.0],
        [0.0,1.0,0.0],
        [0.0,0.0,1.0],
        [240.366,-2.922,-495.812]
      ],
      "battle_area_polygon_point__id": "point1",
      "battle_area_polygon_point__nextId": "point2",
      "battle_area_polygon_point__forBattleAreaId": "3_area1"
    }
  },
  {
    "entity": {
      "_template": "battle_area_polygon_point",
      "transform": [
        [1.0,0.0,0.0],
        [0.0,1.0,0.0],
        [0.0,0.0,1.0],
        [266.421,-2.922,-518.902]
      ],
      "battle_area_polygon_point__id": "point2",
      "battle_area_polygon_point__nextId": "point3",
      "battle_area_polygon_point__forBattleAreaId": "3_area1"
    }
  },
  {
    "entity": {
      "_template": "battle_area_polygon_point",
      "transform": [
        [1.0,0.0,0.0],
        [0.0,1.0,0.0],
        [0.0,0.0,1.0],
        [433.119,-2.92205,-490.01]
      ],
      "battle_area_polygon_point__id": "point3",
      "battle_area_polygon_point__nextId": "point4",
      "battle_area_polygon_point__forBattleAreaId": "3_area1"
    }
  },
  {
    "entity": {
      "_template": "battle_area_polygon_point",
      "transform": [
        [1.0,0.0,0.0],
        [0.0,1.0,0.0],
        [0.0,0.0,1.0],
        [474.628,-2.92205,-443.302]
      ],
      "battle_area_polygon_point__id": "point4",
      "battle_area_polygon_point__nextId": "point5",
      "battle_area_polygon_point__forBattleAreaId": "3_area1"
    }
  },
  {
    "entity": {
      "_template": "battle_area_polygon_point",
      "transform": [
        [1.0,0.0,0.0],
        [0.0,1.0,0.0],
        [0.0,0.0,1.0],
        [430.145,-2.922,-324.486]
      ],
      "battle_area_polygon_point__id": "point5",
      "battle_area_polygon_point__nextId": "point6",
      "battle_area_polygon_point__forBattleAreaId": "3_area1"
    }
  },
  {
    "entity": {
      "_template": "battle_area_polygon_point",
      "transform": [
        [1.0,0.0,0.0],
        [0.0,1.0,0.0],
        [0.0,0.0,1.0],
        [419.172,-2.922,-274.541]
      ],
      "battle_area_polygon_point__id": "point6",
      "battle_area_polygon_point__nextId": "point7",
      "battle_area_polygon_point__forBattleAreaId": "3_area1"
    }
  },
  {
    "entity": {
      "_template": "battle_area_polygon_point",
      "transform": [
        [1.0,0.0,0.0],
        [0.0,1.0,0.0],
        [0.0,0.0,1.0],
        [284.366,-2.922,-286.009]
      ],
      "battle_area_polygon_point__id": "point7",
      "battle_area_polygon_point__nextId": "point8",
      "battle_area_polygon_point__forBattleAreaId": "3_area1"
    }
  },
  {
    "entity": {
      "_template": "battle_area_polygon_point",
      "transform": [
        [1.0,0.0,0.0],
        [0.0,1.0,0.0],
        [0.0,0.0,1.0],
        [109.455,-2.922,-287.466]
      ],
      "battle_area_polygon_point__id": "point8",
      "battle_area_polygon_point__nextId": "point9",
      "battle_area_polygon_point__forBattleAreaId": "3_area1"
    }
  },
  {
    "entity": {
      "_template": "battle_area_polygon_point",
      "transform": [
        [1.0,0.0,0.0],
        [0.0,1.0,0.0],
        [0.0,0.0,1.0],
        [98.8261,-2.922,-486.474]
      ],
      "battle_area_polygon_point__id": "point9",
      "battle_area_polygon_point__nextId": "point1",
      "battle_area_polygon_point__forBattleAreaId": "3_area1"
    }
  },
  {
    "entity": {
      "_template": "battle_area_polygon_point",
      "transform": [
        [1.0,0.0,0.0],
        [0.0,1.0,0.0],
        [0.0,0.0,1.0],
        [472.065,-2.922,-590.231]
      ],
      "battle_area_polygon_point__id": "point1",
      "battle_area_polygon_point__nextId": "point2",
      "battle_area_polygon_point__forBattleAreaId": "3_area2"
    }
  },
  {
    "entity": {
      "_template": "battle_area_polygon_point",
      "transform": [
        [1.0,0.0,0.0],
        [0.0,1.0,0.0],
        [0.0,0.0,1.0],
        [524.225,-2.922,-577.304]
      ],
      "battle_area_polygon_point__id": "point2",
      "battle_area_polygon_point__nextId": "point3",
      "battle_area_polygon_point__forBattleAreaId": "3_area2"
    }
  },
  {
    "entity": {
      "_template": "battle_area_polygon_point",
      "transform": [
        [1.0,0.0,0.0],
        [0.0,1.0,0.0],
        [0.0,0.0,1.0],
        [484.432,-2.922,-468.663]
      ],
      "battle_area_polygon_point__id": "point3",
      "battle_area_polygon_point__nextId": "point4",
      "battle_area_polygon_point__forBattleAreaId": "3_area2"
    }
  },
  {
    "entity": {
      "_template": "battle_area_polygon_point",
      "transform": [
        [1.0,0.0,0.0],
        [0.0,1.0,0.0],
        [0.0,0.0,1.0],
        [456.91,-2.922,-392.633]
      ],
      "battle_area_polygon_point__id": "point4",
      "battle_area_polygon_point__nextId": "point5",
      "battle_area_polygon_point__forBattleAreaId": "3_area2"
    }
  },
  {
    "entity": {
      "_template": "battle_area_polygon_point",
      "transform": [
        [1.0,0.0,0.0],
        [0.0,1.0,0.0],
        [0.0,0.0,1.0],
        [275.013,-2.922,-453.176]
      ],
      "battle_area_polygon_point__id": "point5",
      "battle_area_polygon_point__nextId": "point6",
      "battle_area_polygon_point__forBattleAreaId": "3_area2"
    }
  },
  {
    "entity": {
      "_template": "battle_area_polygon_point",
      "transform": [
        [1.0,0.0,0.0],
        [0.0,1.0,0.0],
        [0.0,0.0,1.0],
        [101.611,-2.922,-437.817]
      ],
      "battle_area_polygon_point__id": "point6",
      "battle_area_polygon_point__nextId": "point7",
      "battle_area_polygon_point__forBattleAreaId": "3_area2"
    }
  },
  {
    "entity": {
      "_template": "battle_area_polygon_point",
      "transform": [
        [1.0,0.0,0.0],
        [0.0,1.0,0.0],
        [0.0,0.0,1.0],
        [130.4,-2.922,-614.002]
      ],
      "battle_area_polygon_point__id": "point7",
      "battle_area_polygon_point__nextId": "point8",
      "battle_area_polygon_point__forBattleAreaId": "3_area2"
    }
  },
  {
    "entity": {
      "_template": "battle_area_polygon_point",
      "transform": [
        [1.0,0.0,0.0],
        [0.0,1.0,0.0],
        [0.0,0.0,1.0],
        [264.303,-2.922,-624.912]
      ],
      "battle_area_polygon_point__id": "point8",
      "battle_area_polygon_point__nextId": "point1",
      "battle_area_polygon_point__forBattleAreaId": "3_area2"
    }
  },
  {
    "entity": {
      "_template": "poly_battle_area",
      "transform": [
        [1.0,0.0,0.0],
        [0.0,1.0,0.0],
        [0.0,0.0,1.0],
        [0.0,0.0,0.0]
      ],
      "groupName": "sector_1",
      "active": false,
      "battle_area__team": 1,
      "battleAreaId": "1_area1"
    }
  },
  {
    "entity": {
      "_template": "poly_battle_area",
      "transform": [
        [1.0,0.0,0.0],
        [0.0,1.0,0.0],
        [0.0,0.0,1.0],
        [0.0,0.0,0.0]
      ],
      "groupName": "sector_1",
      "active": false,
      "battle_area__team": 2,
      "battleAreaId": "1_area2"
    }
  },
  {
    "entity": {
      "_template": "poly_battle_area",
      "transform": [
        [1.0,0.0,0.0],
        [0.0,1.0,0.0],
        [0.0,0.0,1.0],
        [0.0,0.0,0.0]
      ],
      "groupName": "sector_2",
      "active": false,
      "battle_area__team": 1,
      "battleAreaId": "2_area1"
    }
  },
  {
    "entity": {
      "_template": "poly_battle_area",
      "transform": [
        [1.0,0.0,0.0],
        [0.0,1.0,0.0],
        [0.0,0.0,1.0],
        [0.0,0.0,0.0]
      ],
      "groupName": "sector_2",
      "active": false,
      "battle_area__team": 2,
      "battleAreaId": "2_area2"
    }
  },
  {
    "entity": {
      "_template": "poly_battle_area",
      "transform": [
        [1.0,0.0,0.0],
        [0.0,1.0,0.0],
        [0.0,0.0,1.0],
        [0.0,0.0,0.0]
      ],
      "groupName": "sector_3",
      "active": false,
      "battle_area__team": 1,
      "battleAreaId": "3_area1"
    }
  },
  {
    "entity": {
      "_template": "poly_battle_area",
      "transform": [
        [1.0,0.0,0.0],
        [0.0,1.0,0.0],
        [0.0,0.0,1.0],
        [0.0,0.0,0.0]
      ],
      "groupName": "sector_3",
      "active": false,
      "battle_area__team": 2,
      "battleAreaId": "3_area2"
    }
  },
  {
    "entity": {
      "_template": "aircraft_box_battle_area",
      "transform": [
        [5949.23,0.0,1120.28],
        [0.0,3713.36,0.0],
        [-1369.17,0.0,7270.99],
        [195.281,240.916,-304.864]
      ],
      "battle_area__team": -1
    }
  },
  {
    "entity": {
      "_template": "enemy_attack_marker"
    }
  },
  {
    "entity": {
      "_template": "static_cam",
      "camera__active": true,
      "transform": [
        [0.698402,0.0,0.715705],
        [0.0078808,0.999939,-0.00769027],
        [-0.715662,0.0110112,0.69836],
        [360.893,12.9123,-351.958]
      ]
    }
  },
  {
    "entity": {
      "_template": "group_activator",
      "activator__activateChoice:object": {
        "sector_1": 1.0
      }
    }
  },
  {
    "entity": {
      "_template": "briefing_destruction",
      "mission_name": "berlin_garden_assault",
      "loading_images:list<t>": [
        {
          "item": "ui/berlin_garden_inv_01.avif"
        },
        {
          "item": "ui/berlin_garden_inv_02.avif"
        },
        {
          "item": "ui/berlin_garden_inv_03.avif"
        }
      ]
    }
  },
  {
    "entity": {
      "_template": "team_ussr_berlin+team_narrator_destruction_attack+respawn_creators_team",
      "team__memberCount": 0.0,
      "team__scoreCap": 2000.0,
      "team__score": 2000.0,
      "team__squadSpawnCost": 250,
      "team__firstSpawnCostMul": 0.0,
      "team__zeroScoreFailTimer": 60.0,
      "team__id": 1,
      "team__briefing": "destruction/attackers_goals",
      "team__winSubtitle": "debriefing/won_invasion_destruction",
      "team__loseSubtitle": "debriefing/lost_invasion_destruction",
      "team__winTitle": "debriefing/britain_won_destruction_attack_title",
      "team__allowRebalance": false,
      "team__spawnBotArmy": "moscow_allies"
    }
  },
  {
    "entity": {
      "_template": "team_germany_berlin+team_narrator_destruction_defence+respawn_creators_team",
      "team__countAdd": 0.5,
      "team__memberCount": 0.5,
      "team__scoreCap": 3000.0,
      "team__capturePenalty": 1001.0,
      "team__score": 3000.0,
      "team__id": 2,
      "team__briefing": "destruction/defenders_goals",
      "team__winSubtitle": "debriefing/won_defence_destruction",
      "team__loseSubtitle": "debriefing/lost_defence_destruction",
      "team__winTitle": "debriefing/axis_won_destruction_defence_title",
      "team__allowRebalance": false,
      "team__spawnBotArmy": "moscow_axis"
    }
  },
  {
    "entity": {
      "_template": "bomb_site_zone_chained_box+defend_zone_respawnbase",
      "transform": [
        [19.6073,0.0,1.22504],
        [0.0,5.33543,0.0],
        [-1.56081,0.0,18.7108],
        [273.522,6.42348,-267.836]
      ],
      "capzone__capRewardPartCap": 1.8,
      "capzone__mustBeCapturedByTeam": 1,
      "groupName": "sector_1",
      "active": false,
      "ui_order": 0,
      "capzone__capReward": 500.0,
      "capzone__caption": "capzone/goebbels_villa",
      "capzone__checkAllZonesInGroup": true,
      "capzone__deactivateAfterTimeout": 0.0,
      "capzone__spawnAtZoneTimeout": 35.0,
      "capzone__createRespawnBaseForTeam": 2,
      "capzone__createdRespawnBaseGroup": 3,
      "capzone__createRespawnBase": "respawnBaseGroupActivator",
      "capzone__plantingTeam": 1,
      "capzone__bombTemplate": "bomb_site+bomb_site_radar_hardware_animchar_01",
      "capzone__bombTransformLocalPos": [
        [-0.0748012,0.0,0.997198],
        [0.0,1.0,0.0],
        [-0.997198,0.0,-0.0748012],
        [-0.0750732,-1.97733,0.0481873]
      ],
      "capzone__activateChoice:object": {
        "sector_2": 1.0
      }
    }
  },
  {
    "entity": {
      "_template": "respawnChooser+respTeam1",
      "transform": [
        [-0.788976,0.0,-0.614423],
        [0.0,1.0,0.0],
        [0.614423,0.0,-0.788976],
        [326.352,4.02632,-160.78]
      ],
      "groupName": "sector_1",
      "respawnBaseGroup": 2,
      "active": false
    }
  },
  {
    "entity": {
      "_template": "respawnChooser+respTeam1",
      "transform": [
        [0.973644,0.0,-0.228067],
        [0.0,1.0,0.0],
        [0.228067,0.0,0.973644],
        [158.754,4.09964,-190.459]
      ],
      "groupName": "sector_1",
      "respawnBaseGroup": 1,
      "active": false
    }
  },
  {
    "entity": {
      "_template": "respawnChooser+respTeam1",
      "transform": [
        [0.196306,0.0,-0.980542],
        [0.0,1.0,0.0],
        [0.980542,0.0,0.196306],
        [257.186,5.49175,-165.543]
      ],
      "groupName": "sector_1",
      "respawnBaseGroup": 2,
      "active": false
    }
  },
  {
    "entity": {
      "_template": "respawnChooser+respTeam2",
      "transform": [
        [-0.159336,0.0,0.987225],
        [0.0,1.0,0.0],
        [-0.987225,0.0,-0.159336],
        [338.337,4.02633,-335.023]
      ],
      "groupName": "sector_1",
      "respawnBaseGroup": 2,
      "active": false
    }
  },
  {
    "entity": {
      "_template": "respawnChooser+respVehicle",
      "transform": [
        [0.216444,0.0,0.976296],
        [0.0,1.0,0.0],
        [-0.976296,0.0,0.216444],
        [196.494,3.83758,-470.615]
      ],
      "groupName": "sector_1",
      "respawnBaseGroup": 1,
      "team": 2,
      "respTime": 150,
      "maxVehicleOnSpawn": 2,
      "active": false
    }
  },
  {
    "entity": {
      "_template": "bomb_site_zone_chained_sphere+defend_zone_respawnbase",
      "transform": [
        [0.0591421,0.0,0.99825],
        [0.0,1.0,0.0],
        [-0.99825,0.0,0.0591421],
        [217.651,5.01724,-279.295]
      ],
      "groupName": "sector_1",
      "capzone__capRewardPartCap": 1.8,
      "capzone__mustBeCapturedByTeam": 1,
      "capzone__caption": "capzone/goering_strasse",
      "active": false,
      "ui_order": 2,
      "capzone__owningTeam": 2,
      "capzone__capReward": 500.0,
      "capzone__checkAllZonesInGroup": true,
      "capzone__deactivateAfterTimeout": 0.0,
      "capzone__spawnAtZoneTimeout": 35.0,
      "capzone__createRespawnBaseForTeam": 2,
      "sphere_zone__radius": 10.0,
      "capzone__createdRespawnBaseGroup": 4,
      "capzone__createRespawnBase": "respawnBaseGroupActivator",
      "capzone__plantingTeam": 1,
      "capzone__bombTemplate": "bomb_site+bomb_site_radar_hardware_animchar_03",
      "capzone__bombTransformLocalPos": [
        [0.9988,0.0,0.0489925],
        [0.0,1.0,-0.0],
        [-0.0489925,0.0,0.9988],
        [0.0873413,-1.74395,-0.0110779]
      ],
      "capzone__activateChoice:object": {
        "sector_2": 1.0
      }
    }
  },
  {
    "entity": {
      "_template": "bomb_site_zone_chained_sphere+defend_zone_respawnbase",
      "transform": [
        [1.14964,0.0,-0.354027],
        [0.0,1.0,0.0],
        [0.281586,0.0,0.918043],
        [334.634,4.69614,-324.455]
      ],
      "groupName": "sector_2",
      "capzone__capRewardPartCap": 1.8,
      "capzone__mustBeCapturedByTeam": 1,
      "capzone__caption": "capzone/ministry_gardens",
      "active": false,
      "ui_order": 2,
      "capzone__owningTeam": 2,
      "capzone__capReward": 500.0,
      "capzone__checkAllZonesInGroup": true,
      "capzone__deactivateAfterTimeout": 0.0,
      "capzone__spawnAtZoneTimeout": 20.0,
      "capzone__createRespawnBaseForTeam": 2,
      "sphere_zone__radius": 15.5,
      "capzone__createdRespawnBaseGroup": 5,
      "capzone__createRespawnBase": "respawnBaseGroupActivator",
      "capzone__plantingTeam": 1,
      "capzone__bombTemplate": "bomb_site+bomb_site_radar_hardware_animchar_03",
      "capzone__bombTransformLocalPos": [
        [-0.490552,0.0,0.871412],
        [0.0,1.0,0.0],
        [-0.871412,0.0,-0.490552],
        [-0.0707703,-1.46818,0.00317383]
      ],
      "capzone__activateChoice:object": {
        "sector_3": 1.0
      }
    }
  },
  {
    "entity": {
      "_template": "respawnChooser+respTeam1",
      "transform": [
        [0.053862,0.0,-0.998549],
        [0.0,1.0,0.0],
        [0.998548,-0.0,0.053862],
        [287.438,3.24981,-231.458]
      ],
      "groupName": "sector_2",
      "respawnBaseGroup": 2,
      "active": false
    }
  },
  {
    "entity": {
      "_template": "respawnChooser+respTeam2",
      "transform": [
        [-0.416641,0.0,0.909072],
        [0.0,1.0,0.0],
        [-0.909072,0.0,-0.416641],
        [223.9,3.44085,-456.518]
      ],
      "groupName": "sector_2",
      "respawnBaseGroup": 1,
      "active": false,
      "lastSpawnOnTime": -11.0
    }
  },
  {
    "entity": {
      "_template": "respawnChooser+respTeam2",
      "transform": [
        [-0.446408,0.0,0.894829],
        [0.0,1.0,0.0],
        [-0.894829,0.0,-0.446408],
        [379.213,6.6556,-408.219]
      ],
      "groupName": "sector_2",
      "respawnBaseGroup": 2,
      "active": false
    }
  },
  {
    "entity": {
      "_template": "respawnChooser+respTeam2",
      "transform": [
        [-0.515033,0.0,0.857171],
        [0.0,1.0,0.0],
        [-0.857171,0.0,-0.515033],
        [387.866,6.45146,-401.927]
      ],
      "groupName": "sector_2",
      "respawnBaseGroup": 2,
      "active": false
    }
  },
  {
    "entity": {
      "_template": "bomb_site_zone_chained_sphere+defend_zone_respawnbase",
      "transform": [
        [-0.345353,0.0118334,0.887479],
        [-0.00408257,0.999882,-0.0144935],
        [-0.937001,-0.00907765,-0.344144],
        [241.675,4.71847,-371.762]
      ],
      "groupName": "sector_2",
      "capzone__capRewardPartCap": 1.8,
      "capzone__mustBeCapturedByTeam": 1,
      "capzone__caption": "capzone/warehouse",
      "active": false,
      "ui_order": 2,
      "capzone__owningTeam": 2,
      "capzone__capReward": 500.0,
      "capzone__checkAllZonesInGroup": true,
      "capzone__deactivateAfterTimeout": 0.0,
      "capzone__spawnAtZoneTimeout": 20.0,
      "capzone__createRespawnBaseForTeam": 2,
      "sphere_zone__radius": 17.5,
      "capzone__createdRespawnBaseGroup": 6,
      "capzone__createRespawnBase": "respawnBaseGroupActivator",
      "capzone__plantingTeam": 1,
      "capzone__bombTemplate": "bomb_site+bomb_site_radar_hardware_animchar_04_without_antenna",
      "capzone__bombTransformLocalPos": [
        [-0.520053,0.0,0.854135],
        [0.0,1.0,0.0],
        [-0.854135,0.0,-0.520053],
        [-0.00326538,-1.53477,-0.16272]
      ],
      "capzone__activateChoice:object": {
        "sector_3": 1.0
      }
    }
  },
  {
    "entity": {
      "_template": "respawnChooser+respTeam1",
      "transform": [
        [-0.0684108,0.0,-0.997657],
        [0.0,1.0,0.0],
        [0.997657,0.0,-0.0684108],
        [186.919,3.95463,-278.016]
      ],
      "groupName": "sector_2",
      "respawnBaseGroup": 1,
      "active": false
    }
  },
  {
    "entity": {
      "_template": "respawnChooser+respTeam1",
      "transform": [
        [-0.0684108,0.0,-0.997657],
        [0.0,1.0,0.0],
        [0.997657,0.0,-0.0684108],
        [190.967,3.95463,-277.994]
      ],
      "groupName": "sector_2",
      "respawnBaseGroup": 1,
      "active": false
    }
  },
  {
    "entity": {
      "_template": "respawnChooser+respVehicle",
      "transform": [
        [-0.02387,0.0,-0.999716],
        [0.0,1.0,0.0],
        [0.999716,0.0,-0.02387],
        [217.251,4.24985,-216.035]
      ],
      "groupName": "sector_2",
      "respawnBaseGroup": 1,
      "team": 1,
      "respTime": 150,
      "maxVehicleOnSpawn": 2,
      "active": false
    }
  },
  {
    "entity": {
      "_template": "respawnChooser+respTeam2",
      "transform": [
        [0.852017,0.0,0.523516],
        [0.0,1.0,0.0],
        [-0.523516,0.0,0.852017],
        [229.18,3.79003,-456.115]
      ],
      "groupName": "sector_2",
      "respawnBaseGroup": 1,
      "active": false
    }
  },
  {
    "entity": {
      "_template": "respawnChooser+respVehicle",
      "transform": [
        [-0.170982,0.0,0.985275],
        [0.0,1.0,0.0],
        [-0.985275,0.0,-0.170982],
        [357.555,4.28092,-452.154]
      ],
      "groupName": "sector_2",
      "respawnBaseGroup": 1,
      "team": 2,
      "respTime": 150,
      "maxVehicleOnSpawn": 2,
      "active": false
    }
  },
  {
    "entity": {
      "_template": "respawnChooser+respTeam1",
      "transform": [
        [0.691119,0.0,-0.72274],
        [0.0,1.0,0.0],
        [0.722739,-0.0,0.691119],
        [157.087,4.33202,-192.641]
      ],
      "groupName": "sector_1",
      "respawnBaseGroup": 1,
      "active": false
    }
  },
  {
    "entity": {
      "_template": "respawnChooser+respTeam1",
      "transform": [
        [0.0404655,0.0,-0.99918],
        [0.0,1.0,0.0],
        [0.99918,0.0,0.0404655],
        [243.563,5.49175,-165.21]
      ],
      "groupName": "sector_1",
      "respawnBaseGroup": 1,
      "active": false
    }
  },
  {
    "entity": {
      "_template": "respawnChooser+respTeam1",
      "transform": [
        [0.216739,0.0,-0.976229],
        [0.0,1.0,0.0],
        [0.976229,0.0,0.216739],
        [298.513,4.38133,-169.356]
      ],
      "groupName": "sector_1",
      "respawnBaseGroup": 2,
      "active": false
    }
  },
  {
    "entity": {
      "_template": "respawnChooser+respTeam2",
      "transform": [
        [0.877857,0.0,0.478924],
        [0.0,1.0,0.0],
        [-0.478924,0.0,0.877857],
        [209.753,4.02633,-370.263]
      ],
      "groupName": "sector_1",
      "respawnBaseGroup": 1,
      "active": false
    }
  },
  {
    "entity": {
      "_template": "respawnChooser+respTeam2",
      "transform": [
        [-0.106837,0.0,0.994278],
        [0.0,1.0,0.0],
        [-0.994278,0.0,-0.106837],
        [332.047,3.63432,-334.738]
      ],
      "groupName": "sector_1",
      "respawnBaseGroup": 2,
      "active": false
    }
  },
  {
    "entity": {
      "_template": "respawnChooser+respVehicle",
      "transform": [
        [0.779655,0.0,-0.626208],
        [0.0,1.0,0.0],
        [0.626208,0.0,0.779655],
        [183.532,4.02632,-98.2938]
      ],
      "groupName": "sector_1",
      "respawnBaseGroup": 1,
      "team": 1,
      "maxVehicleOnSpawn": 2,
      "respTime": 150,
      "active": false
    }
  },
  {
    "entity": {
      "_template": "bomb_site_zone_chained_box+defend_zone_respawnbase",
      "transform": [
        [-1.57047,0.0,9.15368],
        [0.0,5.44451,0.0],
        [30.4878,0.0,6.6437],
        [348.433,5.53519,-474.155]
      ],
      "capzone__capRewardPartCap": 1.8,
      "capzone__mustBeCapturedByTeam": 1,
      "groupName": "sector_3",
      "active": false,
      "ui_order": 3,
      "capzone__capReward": 500.0,
      "capzone__caption": "capzone/greenhouse",
      "capzone__checkAllZonesInGroup": true,
      "capzone__deactivateAfterTimeout": 0.0,
      "capzone__spawnAtZoneTimeout": 20.0,
      "capzone__createRespawnBaseForTeam": 2,
      "capzone__createdRespawnBaseGroup": 7,
      "capzone__createRespawnBase": "respawnBaseGroupActivator",
      "capzone__plantingTeam": 1,
      "capzone__bombTemplate": "bomb_site+bomb_site_radar_hardware_animchar_01",
      "capzone__bombTransformLocalPos": [
        [-0.222874,0.0,0.974847],
        [0.0,1.0,0.0],
        [-0.974847,0.0,-0.222874],
        [-0.00610352,-2.10453,-0.68631]
      ]
    }
  },
  {
    "entity": {
      "_template": "respawnChooser+respTeam1",
      "transform": [
        [0.535119,0.0,-0.844778],
        [0.0,1.0,0.0],
        [0.844778,0.0,0.535119],
        [314.336,3.33987,-345.251]
      ],
      "groupName": "sector_3",
      "respawnBaseGroup": 2,
      "active": false
    }
  },
  {
    "entity": {
      "_template": "respawnChooser+respTeam1",
      "transform": [
        [-0.648908,0.0,-0.760866],
        [0.0,1.0,0.0],
        [0.760866,0.0,-0.648908],
        [368.118,3.51839,-318.889]
      ],
      "groupName": "sector_3",
      "respawnBaseGroup": 2,
      "active": false
    }
  },
  {
    "entity": {
      "_template": "respawnChooser+respTeam1",
      "transform": [
        [0.270935,0.0,-0.962597],
        [0.0,1.0,0.0],
        [0.962597,0.0,0.270935],
        [233.968,4.3635,-375.949]
      ],
      "groupName": "sector_3",
      "respawnBaseGroup": 1,
      "active": false
    }
  },
  {
    "entity": {
      "_template": "respawnChooser+respVehicle",
      "transform": [
        [0.246562,0.0,-0.969127],
        [0.0,1.0,0.0],
        [0.969127,0.0,0.246562],
        [261.428,4.3635,-303.147]
      ],
      "groupName": "sector_3",
      "respawnBaseGroup": 1,
      "team": 1,
      "respTime": 150,
      "maxVehicleOnSpawn": 2,
      "active": false
    }
  },
  {
    "entity": {
      "_template": "respawnChooser+respTeam2",
      "transform": [
        [0.996062,0.0,-0.0886668],
        [0.0,1.0,0.0],
        [0.0886668,0.0,0.996062],
        [230.388,4.69465,-551.792]
      ],
      "groupName": "sector_3",
      "respawnBaseGroup": 1,
      "active": false
    }
  },
  {
    "entity": {
      "_template": "respawnChooser+respTeam2",
      "transform": [
        [-0.842062,0.0,-0.53938],
        [0.0,1.0,0.0],
        [0.53938,0.0,-0.842062],
        [448.376,4.84419,-487.981]
      ],
      "groupName": "sector_3",
      "respawnBaseGroup": 2,
      "active": false
    }
  },
  {
    "entity": {
      "_template": "respawnChooser+respTeam2",
      "transform": [
        [-0.907352,0.0,-0.420376],
        [0.0,1.0,0.0],
        [0.420376,0.0,-0.907352],
        [456.875,4.08246,-497.774]
      ],
      "groupName": "sector_3",
      "respawnBaseGroup": 2,
      "active": false
    }
  },
  {
    "entity": {
      "_template": "respawnChooser+respVehicle",
      "transform": [
        [-0.62114,0.0,0.783699],
        [0.0,1.0,0.0],
        [-0.783699,0.0,-0.62114],
        [482.985,3.89425,-572.786]
      ],
      "groupName": "sector_3",
      "respawnBaseGroup": 1,
      "team": 2,
      "respTime": 150,
      "maxVehicleOnSpawn": 2,
      "active": false
    }
  },
  {
    "entity": {
      "_template": "respawn_camera",
      "respawnCameraForTeam": 1,
      "transform": [
        [1.0,0.0,0.0],
        [0.0,1.0,0.0],
        [0.0,0.0,1.0],
        [197.398,302.733,58.8192]
      ]
    }
  },
  {
    "entity": {
      "_template": "respawn_camera",
      "respawnCameraForTeam": 2,
      "transform": [
        [1.0,0.0,0.0],
        [0.0,1.0,0.0],
        [0.0,0.0,1.0],
        [262.536,300.809,-504.337]
      ]
    }
  },
  {
    "entity": {
      "_template": "respawnChooser+respTeam1",
      "transform": [
        [0.673824,0.0,-0.738891],
        [0.0,1.0,0.0],
        [0.738891,0.0,0.673824],
        [240.113,3.90803,-371.801]
      ],
      "groupName": "sector_3",
      "respawnBaseGroup": 1,
      "active": false
    }
  },
  {
    "entity": {
      "_template": "respawnChooser+respTeam2",
      "transform": [
        [0.170836,0.0,0.9853],
        [0.0,1.0,0.0],
        [-0.9853,0.0,0.170836],
        [231.275,4.52557,-535.91]
      ],
      "groupName": "sector_3",
      "respawnBaseGroup": 1,
      "active": false
    }
  },
  {
    "entity": {
      "_template": "resupply_in_air_zone",
      "transform": [
        [-0.999999,0.0,-0.000445871],
        [0.0,1.0,0.0],
        [0.000445871,0.0,-0.999999],
        [1930.38,1000.0,2389.42]
      ],
      "resupply_zone__team": 1
    }
  },
  {
    "entity": {
      "_template": "respAircraftInAir",
      "respawnbaseType": "aircraft_fighter",
      "transform": [
        [-0.454893,0.0,0.890547],
        [0.0,1.0,0.0],
        [-0.890547,0.0,-0.454893],
        [1427.25,1023.92,-2469.19]
      ],
      "team": 2,
      "maxVehicleOnSpawn": 1,
      "respTime": 120
    }
  },
  {
    "entity": {
      "_template": "respAircraftInAir",
      "respawnbaseType": "aircraft_assault",
      "transform": [
        [-0.539605,0.0,0.841919],
        [0.0,1.0,0.0],
        [-0.841919,0.0,-0.539605],
        [1271.97,823.92,-2554.61]
      ],
      "team": 2,
      "maxVehicleOnSpawn": 1,
      "respTime": 120
    }
  },
  {
    "entity": {
      "_template": "respAircraftInAir",
      "respawnbaseType": "aircraft_fighter",
      "transform": [
        [-0.493052,0.0,0.870001],
        [0.0,1.0,0.0],
        [-0.870001,0.0,-0.493052],
        [1286.55,1023.92,-2538.0]
      ],
      "team": 2,
      "maxVehicleOnSpawn": 1,
      "respTime": 120
    }
  },
  {
    "entity": {
      "_template": "respAircraftInAir",
      "respawnbaseType": "aircraft_assault",
      "transform": [
        [-0.484346,0.0,0.874877],
        [0.0,1.0,0.0],
        [-0.874877,0.0,-0.484346],
        [1427.25,823.92,-2469.19]
      ],
      "team": 2,
      "maxVehicleOnSpawn": 1,
      "respTime": 120
    }
  },
  {
    "entity": {
      "_template": "resupply_in_air_zone",
      "transform": [
        [0.327869,0.0,-0.944724],
        [0.0,1.0,0.0],
        [0.944724,0.0,0.327869],
        [-1676.01,1023.92,-2633.78]
      ],
      "resupply_zone__team": 2
    }
  },
  {
    "entity": {
      "_template": "respAircraftInAir",
