[
  {
    "import": {
      "scene": "content/enlisted/gamedata/scenes/_berlin_opera_gpu_objects.blk"
    }
  },
  {
    "import": {
      "scene": "content/enlisted/gamedata/scenes/_berlin_opera_biom_fx.blk"
    }
  },
  {
    "import": {
      "scene": "content/enlisted/gamedata/scenes/_berlin_opera_background_fx.blk"
    }
  },
  {
    "import": {
      "scene": "content/enlisted/gamedata/scenes/_berlin_opera_projectors.blk"
    }
  },
  {
    "import": {
      "scene": "content/enlisted/gamedata/scenes/_berlin_opera_tracers.blk"
    }
  },
  {
    "import": {
      "scene": "content/enlisted/gamedata/scenes/_berlin_level.blk"
    }
  },
  {
    "entity": {
      "_template": "battle_area_polygon_point",
      "transform": [
        [0.966387,0.0,0.257091],
        [0.0,1.0,-0.0],
        [-0.257091,0.0,0.966387],
        [473.481,-2.922,-590.598]
      ],
      "battle_area_polygon_point__id": "point1",
      "battle_area_polygon_point__nextId": "point2",
      "battle_area_polygon_point__forBattleAreaId": "1a_area1"
    }
  },
  {
    "entity": {
      "_template": "battle_area_polygon_point",
      "transform": [
        [0.946907,0.0,0.321507],
        [0.0,1.0,-0.0],
        [-0.321507,0.0,0.946907],
        [525.554,-2.922,-575.471]
      ],
      "battle_area_polygon_point__id": "point2",
      "battle_area_polygon_point__nextId": "point3",
      "battle_area_polygon_point__forBattleAreaId": "1a_area1"
    }
  },
  {
    "entity": {
      "_template": "battle_area_polygon_point",
      "transform": [
        [0.947209,0.0,0.320616],
        [0.0,1.0,-0.0],
        [-0.320616,0.0,0.947209],
        [528.193,-2.92205,-521.322]
      ],
      "battle_area_polygon_point__id": "point3",
      "battle_area_polygon_point__nextId": "point4",
      "battle_area_polygon_point__forBattleAreaId": "1a_area1"
    }
  },
  {
    "entity": {
      "_template": "battle_area_polygon_point",
      "transform": [
        [0.940181,0.0,0.340675],
        [0.0,1.0,-0.0],
        [-0.340675,0.0,0.940181],
        [508.565,-2.92205,-467.057]
      ],
      "battle_area_polygon_point__id": "point4",
      "battle_area_polygon_point__nextId": "point5",
      "battle_area_polygon_point__forBattleAreaId": "1a_area1"
    }
  },
  {
    "entity": {
      "_template": "battle_area_polygon_point",
      "transform": [
        [1.0,0.0,0.0],
        [0.0,1.0,0.0],
        [0.0,0.0,1.0],
        [486.449,-2.92205,-474.536]
      ],
      "battle_area_polygon_point__id": "point5",
      "battle_area_polygon_point__nextId": "point6",
      "battle_area_polygon_point__forBattleAreaId": "1a_area1"
    }
  },
  {
    "entity": {
      "_template": "battle_area_polygon_point",
      "transform": [
        [1.0,0.0,0.0],
        [0.0,1.0,0.0],
        [0.0,0.0,1.0],
        [459.596,-2.922,-400.368]
      ],
      "battle_area_polygon_point__id": "point6",
      "battle_area_polygon_point__nextId": "point7",
      "battle_area_polygon_point__forBattleAreaId": "1a_area1"
    }
  },
  {
    "entity": {
      "_template": "battle_area_polygon_point",
      "transform": [
        [1.0,0.0,0.0],
        [0.0,1.0,0.0],
        [0.0,0.0,1.0],
        [433.285,-2.922,-324.591]
      ],
      "battle_area_polygon_point__id": "point7",
      "battle_area_polygon_point__nextId": "point8",
      "battle_area_polygon_point__forBattleAreaId": "1a_area1"
    }
  },
  {
    "entity": {
      "_template": "battle_area_polygon_point",
      "transform": [
        [1.0,0.0,0.0],
        [0.0,1.0,0.0],
        [0.0,0.0,1.0],
        [209.625,-2.922,-397.54]
      ],
      "battle_area_polygon_point__id": "point8",
      "battle_area_polygon_point__nextId": "point9",
      "battle_area_polygon_point__forBattleAreaId": "1a_area1"
    }
  },
  {
    "entity": {
      "_template": "battle_area_polygon_point",
      "transform": [
        [1.0,0.0,0.0],
        [0.0,1.0,0.0],
        [0.0,0.0,1.0],
        [194.318,-2.922,-573.412]
      ],
      "battle_area_polygon_point__id": "point9",
      "battle_area_polygon_point__nextId": "point10",
      "battle_area_polygon_point__forBattleAreaId": "1a_area1"
    }
  },
  {
    "entity": {
      "_template": "battle_area_polygon_point",
      "transform": [
        [0.996349,0.0,-0.0853697],
        [0.0,1.0,0.0],
        [0.0853697,-0.0,0.996349],
        [178.883,-2.922,-724.539]
      ],
      "battle_area_polygon_point__id": "point10",
      "battle_area_polygon_point__nextId": "point11",
      "battle_area_polygon_point__forBattleAreaId": "1a_area1"
    }
  },
  {
    "entity": {
      "_template": "battle_area_polygon_point",
      "transform": [
        [0.987681,0.0,0.156484],
        [0.0,1.0,-0.0],
        [-0.156484,0.0,0.987681],
        [421.292,-2.922,-643.798]
      ],
      "battle_area_polygon_point__id": "point1",
      "battle_area_polygon_point__nextId": "point2",
      "battle_area_polygon_point__forBattleAreaId": "1a_area2"
    }
  },
  {
    "entity": {
      "_template": "battle_area_polygon_point",
      "transform": [
        [0.989792,0.0,0.14252],
        [0.0,1.0,-0.0],
        [-0.14252,0.0,0.989792],
        [428.498,-2.922,-690.649]
      ],
      "battle_area_polygon_point__id": "point2",
      "battle_area_polygon_point__nextId": "point3",
      "battle_area_polygon_point__forBattleAreaId": "1a_area2"
    }
  },
  {
    "entity": {
      "_template": "battle_area_polygon_point",
      "transform": [
        [1.0,0.0,0.0],
        [0.0,1.0,0.0],
        [0.0,0.0,1.0],
        [704.289,-2.922,-640.638]
      ],
      "battle_area_polygon_point__id": "point3",
      "battle_area_polygon_point__nextId": "point4",
      "battle_area_polygon_point__forBattleAreaId": "1a_area2"
    }
  },
  {
    "entity": {
      "_template": "battle_area_polygon_point",
      "transform": [
        [1.0,0.0,0.0],
        [0.0,1.0,0.0],
        [0.0,0.0,1.0],
        [662.635,-2.922,-524.46]
      ],
      "battle_area_polygon_point__id": "point4",
      "battle_area_polygon_point__nextId": "point5",
      "battle_area_polygon_point__forBattleAreaId": "1a_area2"
    }
  },
  {
    "entity": {
      "_template": "battle_area_polygon_point",
      "transform": [
        [0.951735,0.0,0.306922],
        [0.0,1.0,0.0],
        [-0.306922,0.0,0.951735],
        [615.255,-2.922,-393.422]
      ],
      "battle_area_polygon_point__id": "point5",
      "battle_area_polygon_point__nextId": "point6",
      "battle_area_polygon_point__forBattleAreaId": "1a_area2"
    }
  },
  {
    "entity": {
      "_template": "battle_area_polygon_point",
      "transform": [
        [1.0,0.0,0.0],
        [0.0,1.0,0.0],
        [0.0,0.0,1.0],
        [418.734,-2.922,-462.409]
      ],
      "battle_area_polygon_point__id": "point6",
      "battle_area_polygon_point__nextId": "point7",
      "battle_area_polygon_point__forBattleAreaId": "1a_area2"
    }
  },
  {
    "entity": {
      "_template": "battle_area_polygon_point",
      "transform": [
        [1.0,0.0,0.0],
        [0.0,1.0,0.0],
        [0.0,0.0,1.0],
        [421.559,-2.922,-470.326]
      ],
      "battle_area_polygon_point__id": "point7",
      "battle_area_polygon_point__nextId": "point8",
      "battle_area_polygon_point__forBattleAreaId": "1a_area2"
    }
  },
  {
    "entity": {
      "_template": "battle_area_polygon_point",
      "transform": [
        [0.989462,0.0,0.144796],
        [0.0,1.0,-0.0],
        [-0.144796,0.0,0.989462],
        [394.53,-2.922,-476.132]
      ],
      "battle_area_polygon_point__id": "point8",
      "battle_area_polygon_point__nextId": "point9",
      "battle_area_polygon_point__forBattleAreaId": "1a_area2"
    }
  },
  {
    "entity": {
      "_template": "battle_area_polygon_point",
      "transform": [
        [0.977592,0.0,0.21051],
        [0.0,1.0,-0.0],
        [-0.21051,0.0,0.977592],
        [409.177,-2.922,-560.989]
      ],
      "battle_area_polygon_point__id": "point9",
      "battle_area_polygon_point__nextId": "point1",
      "battle_area_polygon_point__forBattleAreaId": "1a_area2"
    }
  },
  {
    "entity": {
      "_template": "battle_area_polygon_point",
      "transform": [
        [1.0,0.0,0.0],
        [0.0,1.0,0.0],
        [0.0,0.0,1.0],
        [458.061,-2.922,-545.586]
      ],
      "battle_area_polygon_point__id": "point1",
      "battle_area_polygon_point__nextId": "point2",
      "battle_area_polygon_point__forBattleAreaId": "1b_area1"
    }
  },
  {
    "entity": {
      "_template": "battle_area_polygon_point",
      "transform": [
        [1.0,0.0,0.0],
        [0.0,1.0,0.0],
        [0.0,0.0,1.0],
        [475.234,-2.922,-537.824]
      ],
      "battle_area_polygon_point__id": "point2",
      "battle_area_polygon_point__nextId": "point3",
      "battle_area_polygon_point__forBattleAreaId": "1b_area1"
    }
  },
  {
    "entity": {
      "_template": "battle_area_polygon_point",
      "transform": [
        [1.0,0.0,0.0],
        [0.0,1.0,0.0],
        [0.0,0.0,1.0],
        [486.706,-2.92205,-519.903]
      ],
      "battle_area_polygon_point__id": "point3",
      "battle_area_polygon_point__nextId": "point4",
      "battle_area_polygon_point__forBattleAreaId": "1b_area1"
    }
  },
  {
    "entity": {
      "_template": "battle_area_polygon_point",
      "transform": [
        [0.937582,0.0,0.347764],
        [0.0,1.0,0.0],
        [-0.347764,0.0,0.937582],
        [482.094,-2.92205,-508.523]
      ],
      "battle_area_polygon_point__id": "point4",
      "battle_area_polygon_point__nextId": "point5",
      "battle_area_polygon_point__forBattleAreaId": "1b_area1"
    }
  },
  {
    "entity": {
      "_template": "battle_area_polygon_point",
      "transform": [
        [0.968242,0.0,0.250016],
        [0.0,1.0,0.0],
        [-0.250016,0.0,0.968242],
        [534.936,-2.92205,-486.505]
      ],
      "battle_area_polygon_point__id": "point5",
      "battle_area_polygon_point__nextId": "point6",
      "battle_area_polygon_point__forBattleAreaId": "1b_area1"
    }
  },
  {
    "entity": {
      "_template": "battle_area_polygon_point",
      "transform": [
        [0.918462,0.0,0.39551],
        [0.0,1.0,0.0],
        [-0.39551,0.0,0.918462],
        [507.655,-2.922,-379.783]
      ],
      "battle_area_polygon_point__id": "point6",
      "battle_area_polygon_point__nextId": "point7",
      "battle_area_polygon_point__forBattleAreaId": "1b_area1"
    }
  },
  {
    "entity": {
      "_template": "battle_area_polygon_point",
      "transform": [
        [0.942589,0.0,0.333954],
        [0.0,1.0,-0.0],
        [-0.333954,0.0,0.942589],
        [470.92,-2.922,-276.648]
      ],
      "battle_area_polygon_point__id": "point7",
      "battle_area_polygon_point__nextId": "point8",
      "battle_area_polygon_point__forBattleAreaId": "1b_area1"
    }
  },
  {
    "entity": {
      "_template": "battle_area_polygon_point",
      "transform": [
        [1.0,0.0,0.0],
        [0.0,1.0,0.0],
        [0.0,0.0,1.0],
        [205.482,-2.922,-366.487]
      ],
      "battle_area_polygon_point__id": "point8",
      "battle_area_polygon_point__nextId": "point9",
      "battle_area_polygon_point__forBattleAreaId": "1b_area1"
    }
  },
  {
    "entity": {
      "_template": "battle_area_polygon_point",
      "transform": [
        [1.0,0.0,0.0],
        [0.0,1.0,0.0],
        [0.0,0.0,1.0],
        [194.318,-2.922,-573.412]
      ],
      "battle_area_polygon_point__id": "point9",
      "battle_area_polygon_point__nextId": "point10",
      "battle_area_polygon_point__forBattleAreaId": "1b_area1"
    }
  },
  {
    "entity": {
      "_template": "battle_area_polygon_point",
      "transform": [
        [1.0,0.0,0.0],
        [0.0,1.0,0.0],
        [0.0,0.0,1.0],
        [260.774,-2.922,-578.081]
      ],
      "battle_area_polygon_point__id": "point10",
      "battle_area_polygon_point__nextId": "point1",
      "battle_area_polygon_point__forBattleAreaId": "1b_area1"
    }
  },
  {
    "entity": {
      "_template": "battle_area_polygon_point",
      "transform": [
        [1.0,0.0,0.0],
        [0.0,1.0,0.0],
        [0.0,0.0,1.0],
        [396.199,-2.922,-647.773]
      ],
      "battle_area_polygon_point__id": "point1",
      "battle_area_polygon_point__nextId": "point2",
      "battle_area_polygon_point__forBattleAreaId": "1b_area2"
    }
  },
  {
    "entity": {
      "_template": "battle_area_polygon_point",
      "transform": [
        [0.985752,0.0,0.168203],
        [0.0,1.0,0.0],
        [-0.168203,0.0,0.985752],
        [406.004,-2.922,-699.781]
      ],
      "battle_area_polygon_point__id": "point2",
      "battle_area_polygon_point__nextId": "point3",
      "battle_area_polygon_point__forBattleAreaId": "1b_area2"
    }
  },
  {
    "entity": {
      "_template": "battle_area_polygon_point",
      "transform": [
        [0.94361,0.0,0.33106],
        [0.0,1.0,0.0],
        [-0.33106,0.0,0.94361],
        [717.864,-2.922,-630.99]
      ],
      "battle_area_polygon_point__id": "point3",
      "battle_area_polygon_point__nextId": "point4",
      "battle_area_polygon_point__forBattleAreaId": "1b_area2"
    }
  },
  {
    "entity": {
      "_template": "battle_area_polygon_point",
      "transform": [
        [1.0,0.0,0.0],
        [0.0,1.0,0.0],
        [0.0,0.0,1.0],
        [676.66,-2.922,-518.797]
      ],
      "battle_area_polygon_point__id": "point4",
      "battle_area_polygon_point__nextId": "point5",
      "battle_area_polygon_point__forBattleAreaId": "1b_area2"
    }
  },
  {
    "entity": {
      "_template": "battle_area_polygon_point",
      "transform": [
        [0.951156,0.0,0.30871],
        [0.0,1.0,0.0],
        [-0.30871,0.0,0.951156],
        [624.145,-2.922,-366.823]
      ],
      "battle_area_polygon_point__id": "point5",
      "battle_area_polygon_point__nextId": "point6",
      "battle_area_polygon_point__forBattleAreaId": "1b_area2"
    }
  },
  {
    "entity": {
      "_template": "battle_area_polygon_point",
      "transform": [
        [0.916521,0.0,0.399987],
        [0.0,1.0,0.0],
        [-0.399987,0.0,0.916521],
        [436.289,-2.922,-433.141]
      ],
      "battle_area_polygon_point__id": "point6",
      "battle_area_polygon_point__nextId": "point7",
      "battle_area_polygon_point__forBattleAreaId": "1b_area2"
    }
  },
  {
    "entity": {
      "_template": "battle_area_polygon_point",
      "transform": [
        [1.0,0.0,0.0],
        [0.0,1.0,0.0],
        [0.0,0.0,1.0],
        [421.559,-2.922,-470.326]
      ],
      "battle_area_polygon_point__id": "point7",
      "battle_area_polygon_point__nextId": "point8",
      "battle_area_polygon_point__forBattleAreaId": "1b_area2"
    }
  },
  {
    "entity": {
      "_template": "battle_area_polygon_point",
      "transform": [
        [1.0,0.0,0.0],
        [0.0,1.0,0.0],
        [0.0,0.0,1.0],
        [393.753,-2.922,-508.237]
      ],
      "battle_area_polygon_point__id": "point8",
      "battle_area_polygon_point__nextId": "point9",
      "battle_area_polygon_point__forBattleAreaId": "1b_area2"
    }
  },
  {
    "entity": {
      "_template": "battle_area_polygon_point",
      "transform": [
        [1.0,0.0,0.0],
        [0.0,1.0,0.0],
        [0.0,0.0,1.0],
        [382.121,-2.922,-566.338]
      ],
      "battle_area_polygon_point__id": "point9",
      "battle_area_polygon_point__nextId": "point1",
      "battle_area_polygon_point__forBattleAreaId": "1b_area2"
    }
  },
  {
    "entity": {
      "_template": "battle_area_polygon_point",
      "transform": [
        [0.997334,0.0,-0.0729684],
        [0.0,1.0,0.0],
        [0.0729684,0.0,0.997334],
        [173.488,-2.922,-510.324]
      ],
      "battle_area_polygon_point__id": "point1",
      "battle_area_polygon_point__nextId": "point2",
      "battle_area_polygon_point__forBattleAreaId": "2_area1"
    }
  },
  {
    "entity": {
      "_template": "battle_area_polygon_point",
      "transform": [
        [1.0,0.0,0.0],
        [0.0,1.0,0.0],
        [0.0,0.0,1.0],
        [267.532,-2.922,-518.634]
      ],
      "battle_area_polygon_point__id": "point2",
      "battle_area_polygon_point__nextId": "point3",
      "battle_area_polygon_point__forBattleAreaId": "2_area1"
    }
  },
  {
    "entity": {
      "_template": "battle_area_polygon_point",
      "transform": [
        [1.0,0.0,0.0],
        [0.0,1.0,0.0],
        [0.0,0.0,1.0],
        [432.764,-2.92205,-489.059]
      ],
      "battle_area_polygon_point__id": "point3",
      "battle_area_polygon_point__nextId": "point4",
      "battle_area_polygon_point__forBattleAreaId": "2_area1"
    }
  },
  {
    "entity": {
      "_template": "battle_area_polygon_point",
      "transform": [
        [0.94925,0.0,0.314523],
        [0.0,1.0,-0.0],
        [-0.314523,0.0,0.94925],
        [524.26,-2.92205,-455.843]
      ],
      "battle_area_polygon_point__id": "point4",
      "battle_area_polygon_point__nextId": "point5",
      "battle_area_polygon_point__forBattleAreaId": "2_area1"
    }
  },
  {
    "entity": {
      "_template": "battle_area_polygon_point",
      "transform": [
        [1.0,0.0,0.0],
        [0.0,1.0,0.0],
        [0.0,0.0,1.0],
        [472.88,-2.922,-311.71]
      ],
      "battle_area_polygon_point__id": "point5",
      "battle_area_polygon_point__nextId": "point6",
      "battle_area_polygon_point__forBattleAreaId": "2_area1"
    }
  },
  {
    "entity": {
      "_template": "battle_area_polygon_point",
      "transform": [
        [1.0,0.0,0.0],
        [0.0,1.0,0.0],
        [0.0,0.0,1.0],
        [450.639,-2.922,-219.333]
      ],
      "battle_area_polygon_point__id": "point6",
      "battle_area_polygon_point__nextId": "point7",
      "battle_area_polygon_point__forBattleAreaId": "2_area1"
    }
  },
  {
    "entity": {
      "_template": "battle_area_polygon_point",
      "transform": [
        [1.0,0.0,0.0],
        [0.0,1.0,0.0],
        [0.0,0.0,1.0],
        [277.648,-2.922,-236.083]
      ],
      "battle_area_polygon_point__id": "point7",
      "battle_area_polygon_point__nextId": "point8",
      "battle_area_polygon_point__forBattleAreaId": "2_area1"
    }
  },
  {
    "entity": {
      "_template": "battle_area_polygon_point",
      "transform": [
        [0.997993,0.0,-0.0633201],
        [0.0,1.0,0.0],
        [0.0633201,-0.0,0.997993],
        [195.073,-2.922,-231.062]
      ],
      "battle_area_polygon_point__id": "point8",
      "battle_area_polygon_point__nextId": "point9",
      "battle_area_polygon_point__forBattleAreaId": "2_area1"
    }
  },
  {
    "entity": {
      "_template": "battle_area_polygon_point",
      "transform": [
        [1.0,0.0,0.0],
        [0.0,1.0,0.0],
        [0.0,0.0,1.0],
        [183.616,-2.922,-384.981]
      ],
      "battle_area_polygon_point__id": "point9",
      "battle_area_polygon_point__nextId": "point1",
      "battle_area_polygon_point__forBattleAreaId": "2_area1"
    }
  },
  {
    "entity": {
      "_template": "battle_area_polygon_point",
      "transform": [
        [0.987833,0.0,0.15552],
        [0.0,1.0,-0.0],
        [-0.15552,0.0,0.987833],
        [485.617,-2.922,-678.607]
      ],
      "battle_area_polygon_point__id": "point1",
      "battle_area_polygon_point__nextId": "point2",
      "battle_area_polygon_point__forBattleAreaId": "2_area2"
    }
  },
  {
    "entity": {
      "_template": "battle_area_polygon_point",
      "transform": [
        [0.948995,0.0,0.31529],
        [0.0,1.0,-0.0],
        [-0.31529,0.0,0.948995],
        [660.746,-2.922,-640.874]
      ],
      "battle_area_polygon_point__id": "point2",
      "battle_area_polygon_point__nextId": "point3",
      "battle_area_polygon_point__forBattleAreaId": "2_area2"
    }
  },
  {
    "entity": {
      "_template": "battle_area_polygon_point",
      "transform": [
        [1.0,0.0,0.0],
        [0.0,1.0,0.0],
        [0.0,0.0,1.0],
        [586.712,-2.922,-433.322]
      ],
      "battle_area_polygon_point__id": "point3",
      "battle_area_polygon_point__nextId": "point4",
      "battle_area_polygon_point__forBattleAreaId": "2_area2"
    }
  },
  {
    "entity": {
      "_template": "battle_area_polygon_point",
      "transform": [
        [1.0,0.0,0.0],
        [0.0,1.0,0.0],
        [0.0,0.0,1.0],
        [559.175,-2.922,-365.233]
      ],
      "battle_area_polygon_point__id": "point4",
      "battle_area_polygon_point__nextId": "point5",
      "battle_area_polygon_point__forBattleAreaId": "2_area2"
    }
  },
  {
    "entity": {
      "_template": "battle_area_polygon_point",
      "transform": [
        [1.0,0.0,0.0],
        [0.0,1.0,0.0],
        [0.0,0.0,1.0],
        [492.92,-2.922,-387.353]
      ],
      "battle_area_polygon_point__id": "point5",
      "battle_area_polygon_point__nextId": "point6",
      "battle_area_polygon_point__forBattleAreaId": "2_area2"
    }
  },
  {
    "entity": {
      "_template": "battle_area_polygon_point",
      "transform": [
        [1.0,0.0,0.0],
        [0.0,1.0,0.0],
        [0.0,0.0,1.0],
        [274.174,-2.922,-455.989]
      ],
      "battle_area_polygon_point__id": "point6",
      "battle_area_polygon_point__nextId": "point7",
      "battle_area_polygon_point__forBattleAreaId": "2_area2"
    }
  },
  {
    "entity": {
      "_template": "battle_area_polygon_point",
      "transform": [
        [1.0,0.0,0.0],
        [0.0,1.0,0.0],
        [0.0,0.0,1.0],
        [260.947,-2.922,-585.506]
      ],
      "battle_area_polygon_point__id": "point7",
      "battle_area_polygon_point__nextId": "point8",
      "battle_area_polygon_point__forBattleAreaId": "2_area2"
    }
  },
  {
    "entity": {
      "_template": "battle_area_polygon_point",
      "transform": [
        [0.977709,0.0,0.209964],
        [0.0,1.0,-0.0],
        [-0.209964,0.0,0.977709],
        [282.527,-2.922,-706.733]
      ],
      "battle_area_polygon_point__id": "point8",
      "battle_area_polygon_point__nextId": "point1",
      "battle_area_polygon_point__forBattleAreaId": "2_area2"
    }
  },
  {
    "entity": {
      "_template": "battle_area_polygon_point",
      "transform": [
        [0.937406,0.0,0.348238],
        [0.0,1.0,0.0],
        [-0.348238,0.0,0.937406],
        [299.869,-2.922,-377.491]
      ],
      "battle_area_polygon_point__id": "point1",
      "battle_area_polygon_point__nextId": "point2",
      "battle_area_polygon_point__forBattleAreaId": "3a_area1"
    }
  },
  {
    "entity": {
      "_template": "battle_area_polygon_point",
      "transform": [
        [0.952101,0.0,0.305784],
        [0.0,1.0,0.0],
        [-0.305784,0.0,0.952101],
        [440.307,-2.922,-336.971]
      ],
      "battle_area_polygon_point__id": "point2",
      "battle_area_polygon_point__nextId": "point3",
      "battle_area_polygon_point__forBattleAreaId": "3a_area1"
    }
  },
  {
    "entity": {
      "_template": "battle_area_polygon_point",
      "transform": [
        [1.0,0.0,0.0],
        [0.0,1.0,0.0],
        [0.0,0.0,1.0],
        [410.803,-2.922,-244.135]
      ],
      "battle_area_polygon_point__id": "point3",
      "battle_area_polygon_point__nextId": "point4",
      "battle_area_polygon_point__forBattleAreaId": "3a_area1"
    }
  },
  {
    "entity": {
      "_template": "battle_area_polygon_point",
      "transform": [
        [1.0,0.0,0.0],
        [0.0,1.0,0.0],
        [0.0,0.0,1.0],
        [404.482,-2.922,-155.619]
      ],
      "battle_area_polygon_point__id": "point4",
      "battle_area_polygon_point__nextId": "point5",
      "battle_area_polygon_point__forBattleAreaId": "3a_area1"
    }
  },
  {
    "entity": {
      "_template": "battle_area_polygon_point",
      "transform": [
        [1.0,0.0,0.0],
        [0.0,1.0,0.0],
        [0.0,0.0,1.0],
        [260.086,-2.922,-166.892]
      ],
      "battle_area_polygon_point__id": "point5",
      "battle_area_polygon_point__nextId": "point6",
      "battle_area_polygon_point__forBattleAreaId": "3a_area1"
    }
  },
  {
    "entity": {
      "_template": "battle_area_polygon_point",
      "transform": [
        [1.0,0.0,0.0],
        [0.0,1.0,0.0],
        [0.0,0.0,1.0],
        [136.754,-2.922,-161.485]
      ],
      "battle_area_polygon_point__id": "point6",
      "battle_area_polygon_point__nextId": "point7",
      "battle_area_polygon_point__forBattleAreaId": "3a_area1"
    }
  },
  {
    "entity": {
      "_template": "battle_area_polygon_point",
      "transform": [
        [1.0,0.0,0.0],
        [0.0,1.0,0.0],
        [0.0,0.0,1.0],
        [127.771,-2.922,-284.108]
      ],
      "battle_area_polygon_point__id": "point7",
      "battle_area_polygon_point__nextId": "point8",
      "battle_area_polygon_point__forBattleAreaId": "3a_area1"
    }
  },
  {
    "entity": {
      "_template": "battle_area_polygon_point",
      "transform": [
        [1.0,0.0,0.0],
        [0.0,1.0,0.0],
        [0.0,0.0,1.0],
        [123.011,-2.922,-358.674]
      ],
      "battle_area_polygon_point__id": "point8",
      "battle_area_polygon_point__nextId": "point1",
      "battle_area_polygon_point__forBattleAreaId": "3a_area1"
    }
  },
  {
    "entity": {
      "_template": "battle_area_polygon_point",
      "transform": [
        [0.99037,0.0,-0.138447],
        [0.0,1.0,0.0],
        [0.138447,-0.0,0.99037],
        [173.601,-2.922,-588.57]
      ],
      "battle_area_polygon_point__id": "point1",
      "battle_area_polygon_point__nextId": "point2",
      "battle_area_polygon_point__forBattleAreaId": "3a_area2"
    }
  },
  {
    "entity": {
      "_template": "battle_area_polygon_point",
      "transform": [
        [1.0,0.0,0.0],
        [0.0,1.0,0.0],
        [0.0,0.0,1.0],
        [278.734,-2.922,-601.825]
      ],
      "battle_area_polygon_point__id": "point2",
      "battle_area_polygon_point__nextId": "point3",
      "battle_area_polygon_point__forBattleAreaId": "3a_area2"
    }
  },
  {
    "entity": {
      "_template": "battle_area_polygon_point",
      "transform": [
        [0.981514,0.0,0.191393],
        [0.0,1.0,-0.0],
        [-0.191393,0.0,0.981514],
        [444.836,-2.922,-576.901]
      ],
      "battle_area_polygon_point__id": "point3",
      "battle_area_polygon_point__nextId": "point4",
      "battle_area_polygon_point__forBattleAreaId": "3a_area2"
    }
  },
  {
    "entity": {
      "_template": "battle_area_polygon_point",
      "transform": [
        [0.957829,0.0,0.287339],
        [0.0,1.0,-0.0],
        [-0.287339,0.0,0.957829],
        [570.269,-2.922,-537.993]
      ],
      "battle_area_polygon_point__id": "point4",
      "battle_area_polygon_point__nextId": "point5",
      "battle_area_polygon_point__forBattleAreaId": "3a_area2"
    }
  },
  {
    "entity": {
      "_template": "battle_area_polygon_point",
      "transform": [
        [0.937137,0.0,0.348962],
        [0.0,1.0,-0.0],
        [-0.348962,0.0,0.937137],
        [485.796,-2.922,-305.086]
      ],
      "battle_area_polygon_point__id": "point5",
      "battle_area_polygon_point__nextId": "point6",
      "battle_area_polygon_point__forBattleAreaId": "3a_area2"
    }
  },
  {
    "entity": {
      "_template": "battle_area_polygon_point",
      "transform": [
        [0.952358,0.0,0.304982],
        [0.0,1.0,-0.0],
        [-0.304982,0.0,0.952358],
        [471.003,-2.922,-260.319]
      ],
      "battle_area_polygon_point__id": "point6",
      "battle_area_polygon_point__nextId": "point7",
      "battle_area_polygon_point__forBattleAreaId": "3a_area2"
    }
  },
  {
    "entity": {
      "_template": "battle_area_polygon_point",
      "transform": [
        [1.0,0.0,0.0],
        [0.0,1.0,0.0],
        [0.0,0.0,1.0],
        [250.069,-2.922,-293.933]
      ],
      "battle_area_polygon_point__id": "point7",
      "battle_area_polygon_point__nextId": "point8",
      "battle_area_polygon_point__forBattleAreaId": "3a_area2"
    }
  },
  {
    "entity": {
      "_template": "battle_area_polygon_point",
      "transform": [
        [1.0,0.0,0.0],
        [0.0,1.0,0.0],
        [0.0,0.0,1.0],
        [199.65,-2.922,-290.425]
      ],
      "battle_area_polygon_point__id": "point8",
      "battle_area_polygon_point__nextId": "point9",
      "battle_area_polygon_point__forBattleAreaId": "3a_area2"
    }
  },
  {
    "entity": {
      "_template": "battle_area_polygon_point",
      "transform": [
        [1.0,0.0,0.0],
        [0.0,1.0,0.0],
        [0.0,0.0,1.0],
        [198.168,-2.922,-319.273]
      ],
      "battle_area_polygon_point__id": "point9",
      "battle_area_polygon_point__nextId": "point1",
      "battle_area_polygon_point__forBattleAreaId": "3a_area2"
    }
  },
  {
    "entity": {
      "_template": "battle_area_polygon_point",
      "transform": [
        [1.0,0.0,0.0],
        [0.0,1.0,0.0],
        [0.0,0.0,1.0],
        [296.511,-2.922,-394.214]
      ],
      "battle_area_polygon_point__id": "point1",
      "battle_area_polygon_point__nextId": "point2",
      "battle_area_polygon_point__forBattleAreaId": "3b_area1"
    }
  },
  {
    "entity": {
      "_template": "battle_area_polygon_point",
      "transform": [
        [0.927642,0.0,0.373471],
        [0.0,1.0,-0.0],
        [-0.373471,0.0,0.927642],
        [443.271,-2.922,-320.934]
      ],
      "battle_area_polygon_point__id": "point2",
      "battle_area_polygon_point__nextId": "point3",
      "battle_area_polygon_point__forBattleAreaId": "3b_area1"
    }
  },
  {
    "entity": {
      "_template": "battle_area_polygon_point",
      "transform": [
        [0.952722,0.0,0.303844],
        [0.0,1.0,-0.0],
        [-0.303844,0.0,0.952722],
        [417.852,-2.922,-243.109]
      ],
      "battle_area_polygon_point__id": "point3",
      "battle_area_polygon_point__nextId": "point4",
      "battle_area_polygon_point__forBattleAreaId": "3b_area1"
    }
  },
  {
    "entity": {
      "_template": "battle_area_polygon_point",
      "transform": [
        [1.0,0.0,0.0],
        [0.0,1.0,0.0],
        [0.0,0.0,1.0],
        [404.482,-2.922,-155.619]
      ],
      "battle_area_polygon_point__id": "point4",
      "battle_area_polygon_point__nextId": "point5",
      "battle_area_polygon_point__forBattleAreaId": "3b_area1"
    }
  },
  {
    "entity": {
      "_template": "battle_area_polygon_point",
      "transform": [
        [1.0,0.0,0.0],
        [0.0,1.0,0.0],
        [0.0,0.0,1.0],
        [260.086,-2.922,-166.892]
      ],
      "battle_area_polygon_point__id": "point5",
      "battle_area_polygon_point__nextId": "point6",
      "battle_area_polygon_point__forBattleAreaId": "3b_area1"
    }
  },
  {
    "entity": {
      "_template": "battle_area_polygon_point",
      "transform": [
        [1.0,0.0,0.0],
        [0.0,1.0,0.0],
        [0.0,0.0,1.0],
        [154.484,-2.922,-161.485]
      ],
      "battle_area_polygon_point__id": "point6",
      "battle_area_polygon_point__nextId": "point7",
      "battle_area_polygon_point__forBattleAreaId": "3b_area1"
    }
  },
  {
    "entity": {
      "_template": "battle_area_polygon_point",
      "transform": [
        [1.0,0.0,0.0],
        [0.0,1.0,0.0],
        [0.0,0.0,1.0],
        [149.029,-2.922,-287.641]
      ],
      "battle_area_polygon_point__id": "point7",
      "battle_area_polygon_point__nextId": "point8",
      "battle_area_polygon_point__forBattleAreaId": "3b_area1"
    }
  },
  {
    "entity": {
      "_template": "battle_area_polygon_point",
      "transform": [
        [1.0,0.0,0.0],
        [0.0,1.0,0.0],
        [0.0,0.0,1.0],
        [145.325,-2.922,-426.742]
      ],
      "battle_area_polygon_point__id": "point8",
      "battle_area_polygon_point__nextId": "point1",
      "battle_area_polygon_point__forBattleAreaId": "3b_area1"
    }
  },
  {
    "entity": {
      "_template": "battle_area_polygon_point",
      "transform": [
        [0.988631,0.0,-0.150363],
        [0.0,1.0,0.0],
        [0.150363,-0.0,0.988631],
        [172.947,-2.922,-605.94]
      ],
      "battle_area_polygon_point__id": "point1",
      "battle_area_polygon_point__nextId": "point2",
      "battle_area_polygon_point__forBattleAreaId": "3b_area2"
    }
  },
  {
    "entity": {
      "_template": "battle_area_polygon_point",
      "transform": [
        [0.997428,0.0,0.0716711],
        [0.0,1.0,-0.0],
        [-0.0716711,0.0,0.997428],
        [274.681,-2.922,-610.928]
      ],
      "battle_area_polygon_point__id": "point2",
      "battle_area_polygon_point__nextId": "point3",
      "battle_area_polygon_point__forBattleAreaId": "3b_area2"
    }
  },
  {
    "entity": {
      "_template": "battle_area_polygon_point",
      "transform": [
        [0.985708,0.0,0.168467],
        [0.0,1.0,-0.0],
        [-0.168467,0.0,0.985708],
        [445.498,-2.922,-588.098]
      ],
      "battle_area_polygon_point__id": "point3",
      "battle_area_polygon_point__nextId": "point4",
      "battle_area_polygon_point__forBattleAreaId": "3b_area2"
    }
  },
  {
    "entity": {
      "_template": "battle_area_polygon_point",
      "transform": [
        [0.952163,0.0,0.30559],
        [0.0,1.0,-0.0],
        [-0.30559,0.0,0.952163],
        [522.552,-2.922,-569.345]
      ],
      "battle_area_polygon_point__id": "point4",
      "battle_area_polygon_point__nextId": "point5",
      "battle_area_polygon_point__forBattleAreaId": "3b_area2"
    }
  },
  {
    "entity": {
      "_template": "battle_area_polygon_point",
      "transform": [
        [0.94555,0.0,0.325478],
        [0.0,1.0,-0.0],
        [-0.325478,0.0,0.94555],
        [439.032,-2.922,-322.574]
      ],
      "battle_area_polygon_point__id": "point5",
      "battle_area_polygon_point__nextId": "point6",
      "battle_area_polygon_point__forBattleAreaId": "3b_area2"
    }
  },
  {
    "entity": {
      "_template": "battle_area_polygon_point",
      "transform": [
        [0.945611,0.0,0.325301],
        [0.0,1.0,-0.0],
        [-0.325301,0.0,0.945611],
        [425.165,-2.922,-274.693]
      ],
      "battle_area_polygon_point__id": "point6",
      "battle_area_polygon_point__nextId": "point7",
      "battle_area_polygon_point__forBattleAreaId": "3b_area2"
    }
  },
  {
    "entity": {
      "_template": "battle_area_polygon_point",
      "transform": [
        [1.0,0.0,0.0],
        [0.0,1.0,0.0],
        [0.0,0.0,1.0],
        [250.069,-2.922,-293.933]
      ],
      "battle_area_polygon_point__id": "point7",
      "battle_area_polygon_point__nextId": "point8",
      "battle_area_polygon_point__forBattleAreaId": "3b_area2"
    }
  },
  {
    "entity": {
      "_template": "battle_area_polygon_point",
      "transform": [
        [0.996348,0.0,-0.0853824],
        [0.0,1.0,0.0],
        [0.0853824,0.0,0.996348],
        [210.909,-2.922,-323.029]
      ],
      "battle_area_polygon_point__id": "point8",
      "battle_area_polygon_point__nextId": "point9",
      "battle_area_polygon_point__forBattleAreaId": "3b_area2"
    }
  },
  {
    "entity": {
      "_template": "battle_area_polygon_point",
      "transform": [
        [1.0,0.0,0.0],
        [0.0,1.0,0.0],
        [0.0,0.0,1.0],
        [197.106,-2.922,-353.519]
      ],
      "battle_area_polygon_point__id": "point9",
      "battle_area_polygon_point__nextId": "point1",
      "battle_area_polygon_point__forBattleAreaId": "3b_area2"
    }
  },
  {
    "entity": {
      "_template": "battle_area_polygon_point",
      "transform": [
        [1.0,0.0,0.0],
        [0.0,1.0,0.0],
        [0.0,0.0,1.0],
        [148.977,-2.922,-287.667]
      ],
      "battle_area_polygon_point__id": "point1",
      "battle_area_polygon_point__nextId": "point2",
      "battle_area_polygon_point__forBattleAreaId": "4a_area1"
    }
  },
  {
    "entity": {
      "_template": "battle_area_polygon_point",
      "transform": [
        [1.0,0.0,0.0],
        [0.0,1.0,0.0],
        [0.0,0.0,1.0],
        [253.975,-2.922,-297.578]
      ],
      "battle_area_polygon_point__id": "point2",
      "battle_area_polygon_point__nextId": "point3",
      "battle_area_polygon_point__forBattleAreaId": "4a_area1"
    }
  },
  {
    "entity": {
      "_template": "battle_area_polygon_point",
      "transform": [
        [1.0,0.0,0.0],
        [0.0,1.0,0.0],
        [0.0,0.0,1.0],
        [409.212,-2.922,-286.744]
      ],
      "battle_area_polygon_point__id": "point3",
      "battle_area_polygon_point__nextId": "point4",
      "battle_area_polygon_point__forBattleAreaId": "4a_area1"
    }
  },
  {
    "entity": {
      "_template": "battle_area_polygon_point",
      "transform": [
        [1.0,0.0,0.0],
        [0.0,1.0,0.0],
        [0.0,0.0,1.0],
        [407.493,-2.922,-228.208]
      ],
      "battle_area_polygon_point__id": "point4",
      "battle_area_polygon_point__nextId": "point5",
      "battle_area_polygon_point__forBattleAreaId": "4a_area1"
    }
  },
  {
    "entity": {
      "_template": "battle_area_polygon_point",
      "transform": [
        [1.0,0.0,0.0],
        [0.0,1.0,0.0],
        [0.0,0.0,1.0],
        [391.654,-2.922,-66.2484]
      ],
      "battle_area_polygon_point__id": "point5",
      "battle_area_polygon_point__nextId": "point6",
      "battle_area_polygon_point__forBattleAreaId": "4a_area1"
    }
  },
  {
    "entity": {
      "_template": "battle_area_polygon_point",
      "transform": [
        [1.0,0.0,0.0],
        [0.0,1.0,0.0],
        [0.0,0.0,1.0],
        [227.019,-2.922,-79.6978]
      ],
      "battle_area_polygon_point__id": "point6",
      "battle_area_polygon_point__nextId": "point7",
      "battle_area_polygon_point__forBattleAreaId": "4a_area1"
    }
  },
  {
    "entity": {
      "_template": "battle_area_polygon_point",
      "transform": [
        [1.0,0.0,0.0],
        [0.0,1.0,0.0],
        [0.0,0.0,1.0],
        [150.382,-2.922,-85.6195]
      ],
      "battle_area_polygon_point__id": "point7",
      "battle_area_polygon_point__nextId": "point8",
      "battle_area_polygon_point__forBattleAreaId": "4a_area1"
    }
  },
  {
    "entity": {
      "_template": "battle_area_polygon_point",
      "transform": [
        [1.0,0.0,0.0],
        [0.0,1.0,0.0],
        [0.0,0.0,1.0],
        [134.857,-2.922,-161.498]
      ],
      "battle_area_polygon_point__id": "point8",
      "battle_area_polygon_point__nextId": "point9",
      "battle_area_polygon_point__forBattleAreaId": "4a_area1"
    }
  },
  {
    "entity": {
      "_template": "battle_area_polygon_point",
      "transform": [
        [1.0,0.0,0.0],
        [0.0,1.0,0.0],
        [0.0,0.0,1.0],
        [132.804,-2.922,-217.878]
      ],
      "battle_area_polygon_point__id": "point9",
      "battle_area_polygon_point__nextId": "point1",
      "battle_area_polygon_point__forBattleAreaId": "4a_area1"
    }
  },
  {
    "entity": {
      "_template": "battle_area_polygon_point",
      "transform": [
        [0.948008,0.0,0.318246],
        [0.0,1.0,-0.0],
        [-0.318246,0.0,0.948008],
        [485.354,-2.922,-470.263]
      ],
      "battle_area_polygon_point__id": "point1",
      "battle_area_polygon_point__nextId": "point2",
      "battle_area_polygon_point__forBattleAreaId": "4a_area2"
    }
  },
  {
    "entity": {
      "_template": "battle_area_polygon_point",
      "transform": [
        [0.940578,0.0,0.339577],
        [0.0,1.0,-0.0],
        [-0.339577,0.0,0.940578],
        [433.05,-2.922,-324.498]
      ],
      "battle_area_polygon_point__id": "point2",
      "battle_area_polygon_point__nextId": "point3",
      "battle_area_polygon_point__forBattleAreaId": "4a_area2"
    }
  },
  {
    "entity": {
      "_template": "battle_area_polygon_point",
      "transform": [
        [1.0,0.0,0.0],
        [0.0,1.0,0.0],
        [0.0,0.0,1.0],
        [410.682,-2.922,-228.208]
      ],
      "battle_area_polygon_point__id": "point3",
      "battle_area_polygon_point__nextId": "point4",
      "battle_area_polygon_point__forBattleAreaId": "4a_area2"
    }
  },
  {
    "entity": {
      "_template": "battle_area_polygon_point",
      "transform": [
        [1.0,0.0,0.0],
        [0.0,1.0,0.0],
        [0.0,0.0,1.0],
        [263.481,-2.922,-238.607]
      ],
      "battle_area_polygon_point__id": "point4",
      "battle_area_polygon_point__nextId": "point5",
      "battle_area_polygon_point__forBattleAreaId": "4a_area2"
    }
  },
  {
