[
  {
    "import": {
      "scene": "content/enlisted/gamedata/scenes/_berlin_opera_gpu_objects.blk"
    }
  },
  {
    "import": {
      "scene": "content/enlisted/gamedata/scenes/_berlin_opera_biom_fx.blk"
    }
  },
  {
    "import": {
      "scene": "content/enlisted/gamedata/scenes/_berlin_opera_background_fx.blk"
    }
  },
  {
    "import": {
      "scene": "content/enlisted/gamedata/scenes/_berlin_opera_projectors.blk"
    }
  },
  {
    "import": {
      "scene": "content/enlisted/gamedata/scenes/_berlin_opera_tracers.blk"
    }
  },
  {
    "import": {
      "scene": "content/enlisted/gamedata/scenes/_berlin_level.blk"
    }
  },
  {
    "entity": {
      "_template": "poly_battle_area",
      "transform": [
        [1.0,0.0,0.0],
        [0.0,1.0,0.0],
        [0.0,0.0,1.0],
        [0.0,0.0,0.0]
      ],
      "battle_area__team": 1,
      "battleAreaId": "area1",
      "poly_area__points:list<p3>": [
        {
          "item": [616.844,3.27251,-23.4204]
        },
        {
          "item": [399.559,4.54496,-49.9942]
        },
        {
          "item": [422.89,4.78447,-250.18]
        },
        {
          "item": [446.425,4.78447,-313.837]
        },
        {
          "item": [429.293,4.78447,-320.033]
        },
        {
          "item": [480.929,3.2809,-468.105]
        },
        {
          "item": [720.685,7.13307,-378.84]
        }
      ]
    }
  },
  {
    "entity": {
      "_template": "poly_battle_area",
      "transform": [
        [1.0,0.0,0.0],
        [0.0,1.0,0.0],
        [0.0,0.0,1.0],
        [0.0,0.0,0.0]
      ],
      "battle_area__team": 2,
      "battleAreaId": "area2",
      "poly_area__points:list<p3>": [
        {
          "item": [544.057,3.29912,-32.659]
        },
        {
          "item": [288.877,3.2789,-63.9512]
        },
        {
          "item": [222.624,3.29962,-103.799]
        },
        {
          "item": [218.921,3.29865,-243.665]
        },
        {
          "item": [220.217,3.29865,-392.335]
        },
        {
          "item": [211.856,3.2807,-482.121]
        },
        {
          "item": [336.973,3.29861,-491.234]
        },
        {
          "item": [480.946,3.2218,-468.078]
        },
        {
          "item": [618.513,3.30107,-416.93]
        },
        {
          "item": [560.097,6.9494,-253.06]
        }
      ]
    }
  },
  {
    "entity": {
      "_template": "aircraft_box_battle_area",
      "transform": [
        [6330.02,0.0,2710.95],
        [0.0,3713.36,0.0],
        [-3313.24,0.0,7736.39],
        [388.666,240.916,-79.4068]
      ],
      "battle_area__team": -1
    }
  },
  {
    "entity": {
      "_template": "enemy_attack_marker",
      "transform": [
        [0.994063,0.0,0.108802],
        [0.0,1.0,0.0],
        [-0.108802,0.0,0.994063],
        [281.232,4.65911,-239.096]
      ]
    }
  },
  {
    "entity": {
      "_template": "static_cam",
      "camera__active": true,
      "transform": [
        [0.969129,0.0,0.246552],
        [0.00271484,0.999939,-0.0106714],
        [-0.246537,0.0110112,0.96907],
        [523.003,12.9123,-293.587]
      ]
    }
  },
  {
    "entity": {
      "_template": "briefing_domination",
      "mission_name": "berlin_wilhelm_dom",
      "mission_outfit": "berlin",
      "loading_images:list<t>": [
        {
          "item": "ui/berlin_wilhelm_01.avif"
        },
        {
          "item": "ui/berlin_wilhelm_02.avif"
        },
        {
          "item": "ui/berlin_wilhelm_03.avif"
        }
      ]
    }
  },
  {
    "entity": {
      "_template": "team_ussr_berlin+team_narrator_domination+respawn_creators_team",
      "team__id": 1,
      "team__score": 2500.0,
      "team__scoreCap": 2500.0,
      "score_bleed__domBleed": 4.0,
      "score_bleed__domBleedOn": false,
      "score_bleed__totalDomZoneCount": 3,
      "score_bleed__totalDomBleedMul": 2.0,
      "score_bleed__totalDomBleedOn": false,
      "team__briefing": "domination/common_goals",
      "team__numZonesCaptured": 0,
      "team__deathPenalty": 2.0,
      "team__spawnBotArmy": "moscow_allies"
    }
  },
  {
    "entity": {
      "_template": "team_germany_berlin+team_narrator_domination+respawn_creators_team",
      "team__id": 2,
      "team__score": 2500.0,
      "team__scoreCap": 2500.0,
      "score_bleed__domBleed": 4.0,
      "score_bleed__domBleedOn": false,
      "score_bleed__totalDomZoneCount": 3,
      "score_bleed__totalDomBleedMul": 2.0,
      "score_bleed__totalDomBleedOn": false,
      "team__briefing": "domination/common_goals",
      "team__numZonesCaptured": 0,
      "team__deathPenalty": 2.0,
      "team__spawnBotArmy": "moscow_axis"
    }
  },
  {
    "entity": {
      "_template": "spawn_switcher",
      "swapProbability": 0.5,
      "team1": 2,
      "team2": 1
    }
  },
  {
    "entity": {
      "_template": "domination_sphere_capzone",
      "transform": [
        [-0.176679,0.0,0.984269],
        [0.0,1.0,0.0],
        [-0.984269,0.0,-0.176679],
        [504.052,3.24142,-232.851]
      ],
      "sphere_zone__radius": 15.0,
      "capzone__title": "B",
      "capzone__caption": "capzone/artillery_emplacement",
      "decal__height": 0.3,
      "decal__thickness": 0.15,
      "capzone__iconOffsetY": 1.5
    }
  },
  {
    "entity": {
      "_template": "respawnChooser+respTeam1",
      "transform": [
        [-0.990445,0.0,-0.137895],
        [0.0,1.0,0.0],
        [0.137895,0.0,-0.990445],
        [621.091,3.65614,-299.704]
      ],
      "respawnBaseGroup": 1
    }
  },
  {
    "entity": {
      "_template": "respawnChooser+respVehicle",
      "transform": [
        [-0.998411,0.0,-0.0563446],
        [0.0,1.0,0.0],
        [0.0563446,0.0,-0.998411],
        [642.195,4.14549,-259.167]
      ],
      "team": 1,
      "maxVehicleOnSpawn": 2,
      "respTime": 120
    }
  },
  {
    "entity": {
      "_template": "respawnChooser+respVehicle",
      "transform": [
        [0.79675,0.0,0.60431],
        [0.0,1.0,-0.0],
        [-0.60431,0.0,0.79675],
        [336.251,3.63121,-353.237]
      ],
      "team": 2,
      "maxVehicleOnSpawn": 2,
      "respTime": 120
    }
  },
  {
    "entity": {
      "_template": "respawnChooser+respTeam2",
      "transform": [
        [0.70528,0.0,0.70893],
        [0.0,1.0,-0.0],
        [-0.70893,0.0,0.70528],
        [354.957,6.94127,-396.821]
      ],
      "respawnBaseGroup": 1
    }
  },
  {
    "entity": {
      "_template": "respawnChooser+respTeam2",
      "transform": [
        [0.954454,0.0,-0.298354],
        [0.0,1.0,0.0],
        [0.298354,0.0,0.954454],
        [381.262,4.16151,-150.426]
      ],
      "respawnBaseGroup": 2
    }
  },
  {
    "entity": {
      "_template": "respawnChooser+respTeam1",
      "transform": [
        [-0.11429,0.0,-0.993445],
        [0.0,1.0,0.0],
        [0.993445,0.0,-0.11429],
        [601.214,4.06167,-155.402]
      ],
      "respawnBaseGroup": 2
    }
  },
  {
    "entity": {
      "_template": "respawn_camera",
      "respawnCameraForTeam": 1,
      "transform": [
        [1.0,0.0,0.0],
        [0.0,1.0,0.0],
        [0.0,0.0,1.0],
        [735.082,102.594,-200.896]
      ]
    }
  },
  {
    "entity": {
      "_template": "respawn_camera",
      "respawnCameraForTeam": 2,
      "transform": [
        [1.0,0.0,0.0],
        [0.0,1.0,0.0],
        [0.0,0.0,1.0],
        [249.907,103.408,-271.167]
      ]
    }
  },
  {
    "entity": {
      "_template": "respawnChooser+respTeam2",
      "transform": [
        [0.959447,0.0,0.281888],
        [0.0,1.0,0.0],
        [-0.281888,0.0,0.959447],
        [382.685,3.93691,-143.349]
      ],
      "respawnBaseGroup": 2
    }
  },
  {
    "entity": {
      "_template": "respawnChooser+respTeam1",
      "transform": [
        [-0.993822,0.0,-0.11099],
        [0.0,1.0,0.0],
        [0.11099,0.0,-0.993822],
        [607.418,3.9166,-244.332]
      ],
      "respawnBaseGroup": 1
    }
  },
  {
    "entity": {
      "_template": "resupply_for_ground_vehicle_zone",
      "transform": [
        [1.0,0.0,0.0],
        [0.0,1.0,0.0],
        [0.0,0.0,1.0],
        [347.67,4.52459,-249.339]
      ],
      "sphere_zone__radius": 8.0,
      "resupply_zone__team": 2
    }
  },
  {
    "entity": {
      "_template": "resupply_for_ground_vehicle_zone",
      "transform": [
        [1.0,0.0,0.0],
        [0.0,1.0,0.0],
        [0.0,0.0,1.0],
        [621.653,3.28375,-218.799]
      ],
      "sphere_zone__radius": 8.0,
      "resupply_zone__team": 1
    }
  },
  {
    "entity": {
      "_template": "respAircraftInAir",
      "respawnbaseType": "aircraft_fighter",
      "transform": [
        [-0.437148,0.0,0.899391],
        [0.0,1.0,0.0],
        [-0.899391,0.0,-0.437148],
        [2015.75,1023.92,-3778.64]
      ],
      "team": 1,
      "maxVehicleOnSpawn": 1,
      "respTime": 120
    }
  },
  {
    "entity": {
      "_template": "respAircraftInAir",
      "respawnbaseType": "aircraft_assault",
      "transform": [
        [-0.522807,0.0,0.852452],
        [0.0,1.0,0.0],
        [-0.852452,0.0,-0.522807],
        [1858.81,823.92,-3860.96]
      ],
      "team": 1,
      "maxVehicleOnSpawn": 1,
      "respTime": 120
    }
  },
  {
    "entity": {
      "_template": "respAircraftInAir",
      "respawnbaseType": "aircraft_fighter",
      "transform": [
        [-0.475707,0.0,0.879605],
        [0.0,1.0,0.0],
        [-0.879605,0.0,-0.475707],
        [1873.72,1023.92,-3844.64]
      ],
      "team": 1,
      "maxVehicleOnSpawn": 1,
      "respTime": 120
    }
  },
  {
    "entity": {
      "_template": "respAircraftInAir",
      "respawnbaseType": "aircraft_assault",
      "transform": [
        [-0.466906,0.0,0.884308],
        [0.0,1.0,0.0],
        [-0.884308,0.0,-0.466906],
        [2015.75,823.92,-3778.64]
      ],
      "team": 1,
      "maxVehicleOnSpawn": 1,
      "respTime": 120
    }
  },
  {
    "entity": {
      "_template": "resupply_in_air_zone",
      "transform": [
        [0.327869,0.0,-0.944724],
        [0.0,1.0,0.0],
        [0.944724,0.0,0.327869],
        [-1676.01,413.068,-2633.78]
      ],
      "resupply_zone__team": 1
    }
  },
  {
    "entity": {
      "_template": "respAircraftInAir",
      "respawnbaseType": "aircraft_fighter",
      "transform": [
        [0.542864,0.0,-0.839821],
        [0.0,1.0,0.0],
        [0.839821,-0.0,0.542864],
        [-1459.53,1000.0,2433.4]
      ],
      "team": 2,
      "maxVehicleOnSpawn": 1,
      "respTime": 120
    }
  },
  {
    "entity": {
      "_template": "respAircraftInAir",
      "respawnbaseType": "aircraft_assault",
      "transform": [
        [0.542864,0.0,-0.839821],
        [0.0,1.0,0.0],
        [0.839821,-0.0,0.542864],
        [-1459.53,800.0,2433.4]
      ],
      "team": 2,
      "maxVehicleOnSpawn": 1,
      "respTime": 120
    }
  },
  {
    "entity": {
      "_template": "respAircraftInAir",
      "respawnbaseType": "aircraft_fighter",
      "transform": [
        [0.542864,0.0,-0.839821],
        [0.0,1.0,0.0],
        [0.839821,-0.0,0.542864],
        [-1351.07,1000.0,2537.87]
      ],
      "team": 2,
      "maxVehicleOnSpawn": 1,
      "respTime": 120
    }
  },
  {
    "entity": {
      "_template": "respAircraftInAir",
      "respawnbaseType": "aircraft_assault",
      "transform": [
        [0.542864,0.0,-0.839821],
        [0.0,1.0,0.0],
        [0.839821,-0.0,0.542864],
        [-1307.54,800.0,2527.83]
      ],
      "team": 2,
      "maxVehicleOnSpawn": 1,
      "respTime": 120
    }
  },
  {
    "entity": {
      "_template": "resupply_in_air_zone",
      "transform": [
        [-0.999999,0.0,-0.000445871],
        [0.0,1.0,0.0],
        [0.000445871,0.0,-0.999999],
        [1910.76,389.148,2207.72]
      ],
      "resupply_zone__team": 2
    }
  },
  {
    "entity": {
      "_template": "domination_box_capzone",
      "transform": [
        [47.5338,0.0,17.0288],
        [0.0,9.76297,0.0],
        [-10.5571,0.0,29.419],
        [494.508,7.50542,-345.553]
      ],
      "capzone__title": "C",
      "capzone__caption": "capzone/headquarters",
      "decal__height": 1.0
    }
  },
  {
    "entity": {
      "_template": "domination_box_capzone",
      "transform": [
        [19.2239,0.0,6.6548],
        [0.0,8.79303,0.0],
        [-6.353,0.0,18.352],
        [492.068,6.90607,-112.805]
      ],
      "capzone__title": "A",
      "capzone__caption": "capzone/сafeteria",
      "decal__height": 4.0
    }
  },
  {
    "entity": {
      "_template": "respawnChooser+respTeam2",
      "transform": [
        [0.997868,0.0,0.0652802],
        [0.0,1.0,0.0],
        [-0.0652802,0.0,0.997868],
        [359.109,7.12581,-399.936]
      ]
    }
  },
  {
    "entity": {
      "_template": "respawnChooser+respTeam1",
      "transform": [
        [-0.558381,0.0,0.829585],
        [0.0,1.0,0.0],
        [-0.829585,0.0,-0.558381],
        [603.675,3.51459,-137.515]
      ],
      "respawnBaseGroup": 2
    }
  },
  {
    "entity": {
      "_template": "respawnChooser+respMotorcycle",
      "transform": [
        [-0.998411,0.0,-0.0563446],
        [0.0,1.0,0.0],
        [0.0563446,0.0,-0.998411],
        [643.052,4.14549,-261.704]
      ],
      "team": 1
    }
  },
  {
    "entity": {
      "_template": "respawnChooser+respMotorcycle",
      "transform": [
        [0.67764,0.0,0.735394],
        [0.0,1.0,-0.0],
        [-0.735394,0.0,0.67764],
        [335.782,3.71782,-352.925]
      ],
      "team": 2
    }
  }
]