[
  {
    "import": [
      {
        "scene": "content/enlisted/gamedata/scenes/_berlin_opera_gpu_objects.blk"
      },
      {
        "scene": "content/enlisted/gamedata/scenes/_berlin_opera_biom_fx.blk"
      },
      {
        "scene": "content/enlisted/gamedata/scenes/_berlin_opera_background_fx.blk"
      },
      {
        "scene": "content/enlisted/gamedata/scenes/_berlin_opera_projectors.blk"
      },
      {
        "scene": "content/enlisted/gamedata/scenes/_berlin_opera_tracers.blk"
      }
    ]
  },
  {
    "import": {
      "scene": "content/enlisted/gamedata/scenes/_berlin_level.blk"
    }
  },
  {
    "entity": {
      "_template": "enemy_attack_marker"
    }
  },
  {
    "entity": {
      "_template": "static_cam",
      "camera__active": true,
      "transform": [
        [-0.652336,0.0,0.75793],
        [0.00834575,0.999939,0.00718302],
        [-0.757884,0.0110112,-0.652296],
        [259.25,12.9123,-74.7043]
      ]
    }
  },
  {
    "entity": {
      "_template": "team_ussr_berlin+team_narrator_domination+respawn_creators_team",
      "team__id": 1,
      "team__score": 2000.0,
      "team__scoreCap": 2000.0,
      "score_bleed__domBleed": 5.0,
      "score_bleed__domBleedOn": false,
      "score_bleed__totalDomZoneCount": 3,
      "score_bleed__totalDomBleedMul": 2.0,
      "score_bleed__totalDomBleedOn": false,
      "team__briefing": "domination/common_goals",
      "team__numZonesCaptured": 0,
      "team__deathPenalty": 2.0,
      "team__spawnBotArmy": "moscow_allies"
    }
  },
  {
    "entity": {
      "_template": "team_germany_berlin+team_narrator_domination+respawn_creators_team",
      "team__id": 2,
      "team__score": 2000.0,
      "team__scoreCap": 2000.0,
      "score_bleed__domBleed": 5.0,
      "score_bleed__domBleedOn": false,
      "score_bleed__totalDomZoneCount": 3,
      "score_bleed__totalDomBleedMul": 2.0,
      "score_bleed__totalDomBleedOn": false,
      "team__briefing": "domination/common_goals",
      "team__numZonesCaptured": 0,
      "team__deathPenalty": 2.0,
      "team__spawnBotArmy": "moscow_axis"
    }
  },
  {
    "entity": {
      "_template": "domination_sphere_capzone",
      "transform": [
        [1.0,0.0,0.0],
        [0.0,1.0,0.0],
        [0.0,0.0,1.0],
        [475.451,3.25853,-102.328]
      ],
      "sphere_zone__radius": 7.5,
      "capzone__title": "A",
      "capzone__caption": "capzone/barricades",
      "decal__height": 0.3,
      "decal__thickness": 0.15,
      "capzone__iconOffsetY": 1.5
    }
  },
  {
    "entity": {
      "_template": "domination_sphere_capzone",
      "transform": [
        [1.0,0.0,0.0],
        [0.0,1.0,0.0],
        [0.0,0.0,1.0],
        [575.837,7.48431,-147.858]
      ],
      "sphere_zone__radius": 8.0,
      "capzone__title": "B",
      "capzone__caption": "capzone/ruins",
      "decal__height": 1.0,
      "decal__thickness": 0.15,
      "capzone__iconOffsetY": 1.0
    }
  },
  {
    "entity": {
      "_template": "domination_sphere_capzone",
      "transform": [
        [1.0,0.0,0.0],
        [0.0,1.0,0.0],
        [0.0,0.0,1.0],
        [503.58,3.22243,-232.167]
      ],
      "sphere_zone__radius": 6.5,
      "capzone__title": "C",
      "capzone__caption": "capzone/artillery_emplacement",
      "decal__height": 0.3,
      "decal__thickness": 0.15,
      "capzone__iconOffsetY": 1.5
    }
  },
  {
    "entity": {
      "_template": "respawnChooser+respTeam1",
      "transform": [
        [0.0514217,0.0,-0.998676],
        [0.0,1.0,0.0],
        [0.998676,0.0,0.0514217],
        [462.618,5.02245,-10.3307]
      ],
      "respawnBaseGroup": 1
    }
  },
  {
    "entity": {
      "_template": "respVehicle",
      "transform": [
        [0.908478,0.0,-0.417931],
        [0.0,1.0,0.0],
        [0.417931,0.0,0.908478],
        [345.737,3.20272,-46.1584]
      ],
      "team": 1,
      "maxVehicleOnSpawn": 2,
      "respTime": 120
    }
  },
  {
    "entity": {
      "_template": "respVehicle",
      "transform": [
        [-0.0845125,0.0,0.996422],
        [0.0,1.0,0.0],
        [-0.996422,0.0,-0.0845125],
        [544.299,4.02632,-369.804]
      ],
      "team": 2,
      "maxVehicleOnSpawn": 2,
      "respTime": 120
    }
  },
  {
    "entity": {
      "_template": "respawnChooser+respTeam2",
      "transform": [
        [-0.93615,0.0,0.351599],
        [0.0,1.0,0.0],
        [-0.351599,0.0,-0.93615],
        [609.019,4.39864,-245.164]
      ],
      "respawnBaseGroup": 1
    }
  },
  {
    "entity": {
      "_template": "respawnChooser+respTeam2",
      "transform": [
        [-0.977464,0.0,-0.211099],
        [0.0,1.0,0.0],
        [0.211099,0.0,-0.977464],
        [560.265,4.01934,-310.724]
      ],
      "respawnBaseGroup": 2
    }
  },
  {
    "entity": {
      "_template": "respawnChooser+respTeam1",
      "transform": [
        [-0.182749,0.0,-0.983158],
        [0.0,1.0,0.0],
        [0.983158,0.0,-0.182749],
        [554.203,4.06167,-38.2939]
      ],
      "respawnBaseGroup": 2
    }
  },
  {
    "entity": {
      "_template": "respawn_camera",
      "respawnCameraForTeam": 1,
      "moveCameraToHeight": 100.0,
      "respawnSelectorDistanceMult": 1.0,
      "transform": [
        [1.0,0.0,0.0],
        [0.0,1.0,0.0],
        [0.0,0.0,1.0],
        [376.623,103.447,105.187]
      ]
    }
  },
  {
    "entity": {
      "_template": "respawn_camera",
      "respawnCameraForTeam": 2,
      "moveCameraToHeight": 100.0,
      "respawnSelectorDistanceMult": 1.0,
      "transform": [
        [1.0,0.0,0.0],
        [0.0,1.0,0.0],
        [0.0,0.0,1.0],
        [592.285,103.577,-467.742]
      ]
    }
  },
  {
    "entity": {
      "_template": "poly_battle_area",
      "transform": [
        [1.0,0.0,0.0],
        [0.0,1.0,0.0],
        [0.0,0.0,1.0],
        [0.0,0.0,0.0]
      ],
      "battle_area__team": 1,
      "battleAreaId": "area1"
    }
  },
  {
    "entity": {
      "_template": "battle_area_polygon_point",
      "transform": [
        [1.0,0.0,0.0],
        [0.0,1.0,0.0],
        [0.0,0.0,1.0],
        [558.475,-2.922,-237.09]
      ],
      "battle_area_polygon_point__id": "point1",
      "battle_area_polygon_point__nextId": "point2",
      "battle_area_polygon_point__forBattleAreaId": "area1"
    }
  },
  {
    "entity": {
      "_template": "battle_area_polygon_point",
      "transform": [
        [1.0,0.0,0.0],
        [0.0,1.0,0.0],
        [0.0,0.0,1.0],
        [661.635,-2.922,-225.755]
      ],
      "battle_area_polygon_point__id": "point2",
      "battle_area_polygon_point__nextId": "point3",
      "battle_area_polygon_point__forBattleAreaId": "area1"
    }
  },
  {
    "entity": {
      "_template": "battle_area_polygon_point",
      "transform": [
        [1.0,0.0,0.0],
        [0.0,1.0,0.0],
        [0.0,0.0,1.0],
        [637.899,-2.922,9.58166]
      ],
      "battle_area_polygon_point__id": "point3",
      "battle_area_polygon_point__nextId": "point4",
      "battle_area_polygon_point__forBattleAreaId": "area1"
    }
  },
  {
    "entity": {
      "_template": "battle_area_polygon_point",
      "transform": [
        [1.0,0.0,0.0],
        [0.0,1.0,0.0],
        [0.0,0.0,1.0],
        [544.738,-2.922,40.8648]
      ],
      "battle_area_polygon_point__id": "point4",
      "battle_area_polygon_point__nextId": "point5",
      "battle_area_polygon_point__forBattleAreaId": "area1"
    }
  },
  {
    "entity": {
      "_template": "battle_area_polygon_point",
      "transform": [
        [1.0,0.0,0.0],
        [0.0,1.0,0.0],
        [0.0,0.0,1.0],
        [468.392,-2.922,32.8372]
      ],
      "battle_area_polygon_point__id": "point5",
      "battle_area_polygon_point__nextId": "point6",
      "battle_area_polygon_point__forBattleAreaId": "area1"
    }
  },
  {
    "entity": {
      "_template": "battle_area_polygon_point",
      "transform": [
        [1.0,0.0,0.0],
        [0.0,1.0,0.0],
        [0.0,0.0,1.0],
        [280.614,-2.922,13.9593]
      ],
      "battle_area_polygon_point__id": "point6",
      "battle_area_polygon_point__nextId": "point7",
      "battle_area_polygon_point__forBattleAreaId": "area1"
    }
  },
  {
    "entity": {
      "_template": "battle_area_polygon_point",
      "transform": [
        [1.0,0.0,0.0],
        [0.0,1.0,0.0],
        [0.0,0.0,1.0],
        [293.342,-2.922,-117.51]
      ],
      "battle_area_polygon_point__id": "point7",
      "battle_area_polygon_point__nextId": "point8",
      "battle_area_polygon_point__forBattleAreaId": "area1"
    }
  },
  {
    "entity": {
      "_template": "battle_area_polygon_point",
      "transform": [
        [1.0,0.0,0.0],
        [0.0,1.0,0.0],
        [0.0,0.0,1.0],
        [395.303,-2.922,-108.763]
      ],
      "battle_area_polygon_point__id": "point8",
      "battle_area_polygon_point__nextId": "point9",
      "battle_area_polygon_point__forBattleAreaId": "area1"
    }
  },
  {
    "entity": {
      "_template": "battle_area_polygon_point",
      "transform": [
        [1.0,0.0,0.0],
        [0.0,1.0,0.0],
        [0.0,0.0,1.0],
        [440.28,-2.922,-226.392]
      ],
      "battle_area_polygon_point__id": "point9",
      "battle_area_polygon_point__nextId": "point10",
      "battle_area_polygon_point__forBattleAreaId": "area1"
    }
  },
  {
    "entity": {
      "_template": "battle_area_polygon_point",
      "transform": [
        [1.0,0.0,0.0],
        [0.0,1.0,0.0],
        [0.0,0.0,1.0],
        [474.82,-2.922,-318.929]
      ],
      "battle_area_polygon_point__id": "point10",
      "battle_area_polygon_point__nextId": "point11",
      "battle_area_polygon_point__forBattleAreaId": "area1"
    }
  },
  {
    "entity": {
      "_template": "battle_area_polygon_point",
      "transform": [
        [1.0,0.0,0.0],
        [0.0,1.0,0.0],
        [0.0,0.0,1.0],
        [507.586,-2.922,-307.694]
      ],
      "battle_area_polygon_point__id": "point11",
      "battle_area_polygon_point__nextId": "point12",
      "battle_area_polygon_point__forBattleAreaId": "area1"
    }
  },
  {
    "entity": {
      "_template": "battle_area_polygon_point",
      "transform": [
        [1.0,0.0,0.0],
        [0.0,1.0,0.0],
        [0.0,0.0,1.0],
        [568.659,-2.922,-285.608]
      ],
      "battle_area_polygon_point__id": "point12",
      "battle_area_polygon_point__nextId": "point13",
      "battle_area_polygon_point__forBattleAreaId": "area1"
    }
  },
  {
    "entity": {
      "_template": "battle_area_polygon_point",
      "transform": [
        [1.0,0.0,0.0],
        [0.0,1.0,0.0],
        [0.0,0.0,1.0],
        [559.916,-2.922,-255.099]
      ],
      "battle_area_polygon_point__id": "point13",
      "battle_area_polygon_point__nextId": "point1",
      "battle_area_polygon_point__forBattleAreaId": "area1"
    }
  },
  {
    "entity": {
      "_template": "poly_battle_area",
      "transform": [
        [1.0,0.0,0.0],
        [0.0,1.0,0.0],
        [0.0,0.0,1.0],
        [0.0,0.0,0.0]
      ],
      "battle_area__team": 2,
      "battleAreaId": "area2"
    }
  },
  {
    "entity": {
      "_template": "battle_area_polygon_point",
      "transform": [
        [1.0,0.0,0.0],
        [0.0,1.0,0.0],
        [0.0,0.0,1.0],
        [516.171,-2.922,-432.894]
      ],
      "battle_area_polygon_point__id": "point1",
      "battle_area_polygon_point__nextId": "point2",
      "battle_area_polygon_point__forBattleAreaId": "area2"
    }
  },
  {
    "entity": {
      "_template": "battle_area_polygon_point",
      "transform": [
        [1.0,0.0,0.0],
        [0.0,1.0,0.0],
        [0.0,0.0,1.0],
        [659.147,-2.922,-378.83]
      ],
      "battle_area_polygon_point__id": "point2",
      "battle_area_polygon_point__nextId": "point3",
      "battle_area_polygon_point__forBattleAreaId": "area2"
    }
  },
  {
    "entity": {
      "_template": "battle_area_polygon_point",
      "transform": [
        [1.0,0.0,0.0],
        [0.0,1.0,0.0],
        [0.0,0.0,1.0],
        [671.201,-2.922,-342.782]
      ],
      "battle_area_polygon_point__id": "point3",
      "battle_area_polygon_point__nextId": "point4",
      "battle_area_polygon_point__forBattleAreaId": "area2"
    }
  },
  {
    "entity": {
      "_template": "battle_area_polygon_point",
      "transform": [
        [1.0,0.0,0.0],
        [0.0,1.0,0.0],
        [0.0,0.0,1.0],
        [661.624,-2.922,-225.758]
      ],
      "battle_area_polygon_point__id": "point4",
      "battle_area_polygon_point__nextId": "point5",
      "battle_area_polygon_point__forBattleAreaId": "area2"
    }
  },
  {
    "entity": {
      "_template": "battle_area_polygon_point",
      "transform": [
        [1.0,0.0,0.0],
        [0.0,1.0,0.0],
        [0.0,0.0,1.0],
        [644.43,-2.922,-55.8178]
      ],
      "battle_area_polygon_point__id": "point5",
      "battle_area_polygon_point__nextId": "point6",
      "battle_area_polygon_point__forBattleAreaId": "area2"
    }
  },
  {
    "entity": {
      "_template": "battle_area_polygon_point",
      "transform": [
        [1.0,0.0,0.0],
        [0.0,1.0,0.0],
        [0.0,0.0,1.0],
        [534.506,-2.922,-69.3044]
      ],
      "battle_area_polygon_point__id": "point6",
      "battle_area_polygon_point__nextId": "point7",
      "battle_area_polygon_point__forBattleAreaId": "area2"
    }
  },
  {
    "entity": {
      "_template": "battle_area_polygon_point",
      "transform": [
        [1.0,0.0,0.0],
        [0.0,1.0,0.0],
        [0.0,0.0,1.0],
        [519.552,-2.922,-26.5266]
      ],
      "battle_area_polygon_point__id": "point7",
      "battle_area_polygon_point__nextId": "point8",
      "battle_area_polygon_point__forBattleAreaId": "area2"
    }
  },
  {
    "entity": {
      "_template": "battle_area_polygon_point",
      "transform": [
        [1.0,0.0,0.0],
        [0.0,1.0,0.0],
        [0.0,0.0,1.0],
        [389.898,-2.922,-42.0813]
      ],
      "battle_area_polygon_point__id": "point8",
      "battle_area_polygon_point__nextId": "point9",
      "battle_area_polygon_point__forBattleAreaId": "area2"
    }
  },
  {
    "entity": {
      "_template": "battle_area_polygon_point",
      "transform": [
        [1.0,0.0,0.0],
        [0.0,1.0,0.0],
        [0.0,0.0,1.0],
        [395.261,-2.922,-108.795]
      ],
      "battle_area_polygon_point__id": "point9",
      "battle_area_polygon_point__nextId": "point1",
      "battle_area_polygon_point__forBattleAreaId": "area2"
    }
  },
  {
    "entity": {
      "_template": "aircraft_box_battle_area",
      "transform": [
        [6330.02,0.0,2710.95],
        [0.0,3713.36,0.0],
        [-3313.24,0.0,7736.39],
        [388.666,240.916,-79.4068]
      ],
      "battle_area__team": -1
    }
  },
  {
    "entity": {
      "_template": "respawnChooser+respTeam2",
      "transform": [
        [0.70213,0.0,0.712048],
        [0.0,1.0,0.0],
        [-0.712048,0.0,0.70213],
        [507.566,4.01934,-331.36]
      ],
      "respawnBaseGroup": 2
    }
  },
  {
    "entity": {
      "_template": "respawnChooser+respTeam1",
      "transform": [
        [0.486038,0.0,-0.873937],
        [0.0,1.0,0.0],
        [0.873937,0.0,0.486038],
        [427.267,3.9166,-16.4124]
      ],
      "respawnBaseGroup": 1
    }
  },
  {
    "entity": {
      "_template": "resupply_for_ground_vehicle_zone",
      "transform": [
        [1.0,0.0,0.0],
        [0.0,1.0,0.0],
        [0.0,0.0,1.0],
        [613.517,3.28453,-356.32]
      ],
      "sphere_zone__radius": 5.0,
      "resupply_zone__team": 2
    }
  },
  {
    "entity": {
      "_template": "resupply_for_ground_vehicle_zone",
      "transform": [
        [1.0,0.0,0.0],
        [0.0,1.0,0.0],
        [0.0,0.0,1.0],
        [605.876,3.28375,-164.317]
      ],
      "sphere_zone__radius": 5.0,
      "resupply_zone__team": 1
    }
  },
  {
    "entity": {
      "_template": "respAircraftInAir",
      "transform": [
        [0.948264,0.0,-0.317483],
        [0.0,1.0,0.0],
        [0.317483,0.0,0.948264],
        [-3377.38,1150.28,1725.13]
      ],
      "respawnbaseType": "aircraft_fighter",
      "team": 1,
      "maxVehicleOnSpawn": 2,
      "respTime": 120
    }
  },
  {
    "entity": {
      "_template": "respAircraftInAir",
      "transform": [
        [0.967542,0.0,-0.252711],
        [0.0,1.0,0.0],
        [0.252711,0.0,0.967542],
        [-3247.49,1164.57,1926.93]
      ],
      "respawnbaseType": "aircraft_assault",
      "team": 1,
      "maxVehicleOnSpawn": 2,
      "respTime": 120
    }
  },
  {
    "entity": {
      "_template": "respAircraftInAir",
      "respawnbaseType": "aircraft_fighter",
      "transform": [
        [0.719702,0.0,0.694283],
        [0.0,1.0,0.0],
        [-0.694283,0.0,0.719702],
        [-934.536,1001.02,-4648.34]
      ],
      "team": 2,
      "maxVehicleOnSpawn": 2,
      "respTime": 120
    }
  },
  {
    "entity": {
      "_template": "respAircraftInAir",
      "respawnbaseType": "aircraft_assault",
      "transform": [
        [0.719702,0.0,0.694283],
        [0.0,1.0,0.0],
        [-0.694283,0.0,0.719702],
        [-963.156,1001.02,-4602.04]
      ],
      "team": 2,
      "maxVehicleOnSpawn": 2,
      "respTime": 120
    }
  },
  {
    "entity": {
      "_template": "resupply_in_air_zone",
      "transform": [
        [-0.157002,0.0,-0.987599],
        [0.0,1.0,0.0],
        [0.987599,0.0,-0.157002],
        [1795.85,1263.7,3798.08]
      ],
      "resupply_zone__team": 1
    }
  },
  {
    "entity": {
      "_template": "resupply_in_air_zone",
      "transform": [
        [-0.157002,0.0,-0.987599],
        [0.0,1.0,0.0],
        [0.987599,0.0,-0.157002],
        [4449.47,1289.56,-2192.78]
      ],
      "resupply_zone__team": 2
    }
  },
  {
    "entity": {
      "_template": "respawnChooser+respMotorcycle",
      "transform": [
        [0.908478,0.0,-0.417931],
        [0.0,1.0,0.0],
        [0.417931,0.0,0.908478],
        [345.737,3.20272,-46.1584]
      ],
      "team": 1
    }
  },
  {
    "entity": {
      "_template": "respawnChooser+respMotorcycle",
      "transform": [
        [-0.0845125,0.0,0.996422],
        [0.0,1.0,0.0],
        [-0.996422,0.0,-0.0845125],
        [544.299,4.02632,-369.804]
      ],
      "team": 2
    }
  }
]