[
  {
    "import": [
      {
        "scene": "content/enlisted/gamedata/scenes/_berlin_opera_gpu_objects.blk"
      },
      {
        "scene": "content/enlisted/gamedata/scenes/_berlin_opera_biom_fx.blk"
      },
      {
        "scene": "content/enlisted/gamedata/scenes/_berlin_opera_background_fx.blk"
      },
      {
        "scene": "content/enlisted/gamedata/scenes/_berlin_opera_projectors.blk"
      },
      {
        "scene": "content/enlisted/gamedata/scenes/_berlin_opera_tracers.blk"
      }
    ]
  },
  {
    "import": {
      "scene": "content/enlisted/gamedata/scenes/_berlin_opera_level.blk"
    }
  },
  {
    "entity": {
      "_template": "enemy_attack_marker",
      "transform": [
        [0.0715471,0.0,0.997437],
        [0.0,1.0,0.0],
        [-0.997437,0.0,0.0715471],
        [-390.54,3.80263,188.002]
      ]
    }
  },
  {
    "entity": {
      "_template": "static_cam",
      "camera__active": true,
      "transform": [
        [0.95097,0.0,0.309283],
        [0.00340562,0.999939,-0.0104714],
        [-0.309264,0.0110112,0.950911],
        [-329.701,23.6906,96.1239]
      ]
    }
  },
  {
    "entity": {
      "_template": "group_activator",
      "activator__activateChoice:object": {
        "sector_1": 1.0
      }
    }
  },
  {
    "entity": {
      "_template": "briefing_assault",
      "mission_name": "berlin_opera_assault",
      "loading_images:list<t>": [
        {
          "item": "ui/berlin_opera_inv_01.jpg"
        },
        {
          "item": "ui/berlin_opera_inv_02.jpg"
        },
        {
          "item": "ui/berlin_opera_inv_03.jpg"
        }
      ]
    }
  },
  {
    "entity": {
      "_template": "team_ussr_berlin+team_narrator_assault_attack+respawn_creators_team",
      "team__memberCount": 0.0,
      "team__scoreCap": 2300.0,
      "team__score": 2300.0,
      "team__squadSpawnCost": 250,
      "team__firstSpawnCostMul": 0.0,
      "team__zeroScoreFailTimer": 60.0,
      "team__id": 1,
      "team__briefing": "assault/attackers_goals",
      "team__winSubtitle": "debriefing/won_invasion_subtitle",
      "team__loseSubtitle": "debriefing/lost_invasion_subtitle",
      "team__winTitle": "debriefing/ussr_won_invasion",
      "team__spawnBotArmy": "moscow_allies"
    }
  },
  {
    "entity": {
      "_template": "team_germany_berlin+team_narrator_assault_defence+respawn_creators_team",
      "team__countAdd": 0.5,
      "team__memberCount": 0.5,
      "team__scoreCap": 3000.0,
      "team__capturePenalty": 1001.0,
      "team__score": 3000.0,
      "team__id": 2,
      "team__briefing": "assault/defenders_goals",
      "team__winSubtitle": "debriefing/won_defence_subtitle",
      "team__loseSubtitle": "debriefing/lost_defence_subtitle",
      "team__winTitle": "debriefing/ger_won_defence",
      "team__spawnBotArmy": "moscow_axis"
    }
  },
  {
    "entity": {
      "_template": "defend_zone_chained_box+defend_zone_respawnbase",
      "capzone__capRewardPartCap": 1.8,
      "capzone__mustBeCapturedByTeam": 1,
      "capzone__curTeamCapturingZone": -1,
      "groupName": "sector_1",
      "capzone__capTime": 30.0,
      "capzone__capTeam": 2,
      "capzone__progress": 1.0,
      "transform": [
        [35.4462,0.0,-0.999877],
        [0.0,11.1732,0.0],
        [0.986714,0.0,35.52],
        [-311.066,8.55304,398.957]
      ],
      "active": false,
      "capzone__decapTime": 20.0,
      "capzone__autoDecap": false,
      "capzone__autoCap": false,
      "capzone__owningTeam": 2,
      "ui_order": 2,
      "capzone__capReward": 600.0,
      "capzone__title": "A",
      "capzone__caption": "capzone/ministry",
      "capzone__checkAllZonesInGroup": true,
      "decal__height": 0.9,
      "decal__thickness": 0.3,
      "capzone__deactivateAfterTimeout": 0.0,
      "capzone__spawnAtZoneTimeout": 25.0,
      "capzone__createRespawnBaseForTeam": 2,
      "capzone__createRespawnBase": "respawnBaseGroupActivator",
      "capzone__createdRespawnBaseGroup": 3,
      "capzone__activateChoice:object": {
        "sector_2": 1.0
      }
    }
  },
  {
    "entity": {
      "_template": "defend_zone_chained_sphere+defend_zone_respawnbase",
      "capzone__capRewardPartCap": 1.8,
      "capzone__mustBeCapturedByTeam": 1,
      "capzone__curTeamCapturingZone": -1,
      "groupName": "sector_2",
      "capzone__capTime": 25.0,
      "capzone__capTeam": 2,
      "capzone__progress": 1.0,
      "transform": [
        [1.27385,0.0,0.0],
        [0.0,1.27385,0.0],
        [0.0,0.0,1.27385],
        [-307.193,3.19395,287.217]
      ],
      "active": false,
      "capzone__decapTime": 15.0,
      "capzone__autoDecap": false,
      "capzone__autoCap": false,
      "capzone__owningTeam": 2,
      "ui_order": 3,
      "capzone__capReward": 600.0,
      "capzone__title": "B",
      "capzone__caption": "capzone/artillery_emplacement",
      "sphere_zone__radius": 10.0,
      "capzone__checkAllZonesInGroup": true,
      "decal__thickness": 0.3,
      "decal__height": 0.2,
      "capzone__deactivateAfterTimeout": 0.0,
      "capzone__spawnAtZoneTimeout": 25.0,
      "capzone__createRespawnBaseForTeam": 2,
      "capzone__createRespawnBase": "respawnBaseGroupActivator",
      "capzone__createdRespawnBaseGroup": 4,
      "capzone__iconOffsetY": 1.7,
      "capzone__activateChoice:object": {
        "sector_3": 1.0
      }
    }
  },
  {
    "entity": {
      "_template": "defend_zone_chained_sphere+defend_zone_respawnbase",
      "capzone__capRewardPartCap": 1.8,
      "capzone__mustBeCapturedByTeam": 1,
      "capzone__curTeamCapturingZone": -1,
      "groupName": "sector_2",
      "capzone__capTime": 25.0,
      "capzone__capTeam": 2,
      "capzone__progress": 1.0,
      "transform": [
        [1.27385,0.0,0.0],
        [0.0,1.27385,0.0],
        [0.0,0.0,1.27385],
        [-373.939,3.30225,316.849]
      ],
      "active": false,
      "capzone__decapTime": 15.0,
      "capzone__autoDecap": false,
      "capzone__autoCap": false,
      "capzone__owningTeam": 2,
      "ui_order": 3,
      "capzone__capReward": 600.0,
      "capzone__title": "C",
      "capzone__caption": "capzone/artillery_emplacement",
      "sphere_zone__radius": 10.0,
      "capzone__checkAllZonesInGroup": true,
      "decal__thickness": 0.3,
      "decal__height": 0.2,
      "capzone__deactivateAfterTimeout": 0.0,
      "capzone__spawnAtZoneTimeout": 25.0,
      "capzone__createRespawnBaseForTeam": 2,
      "capzone__createRespawnBase": "respawnBaseGroupActivator",
      "capzone__createdRespawnBaseGroup": 4,
      "capzone__iconOffsetY": 1.7,
      "capzone__activateChoice:object": {
        "sector_3": 1.0
      }
    }
  },
  {
    "entity": {
      "_template": "defend_zone_chained_sphere+defend_zone_respawnbase",
      "capzone__capRewardPartCap": 1.8,
      "capzone__mustBeCapturedByTeam": 1,
      "capzone__curTeamCapturingZone": -1,
      "groupName": "sector_3",
      "capzone__capTime": 25.0,
      "capzone__capTeam": 2,
      "capzone__progress": 1.0,
      "transform": [
        [2.73728,0.0,0.0],
        [0.0,2.67924,0.0],
        [0.0,0.0,3.27051],
        [-305.0,3.29863,186.569]
      ],
      "active": false,
      "capzone__decapTime": 15.0,
      "capzone__autoDecap": false,
      "capzone__autoCap": false,
      "capzone__owningTeam": 2,
      "ui_order": 3,
      "capzone__capReward": 600.0,
      "capzone__title": "D",
      "capzone__caption": "capzone/monument",
      "capzone__checkAllZonesInGroup": true,
      "decal__thickness": 0.3,
      "decal__height": 0.2,
      "capzone__deactivateAfterTimeout": 0.0,
      "capzone__spawnAtZoneTimeout": 25.0,
      "capzone__createRespawnBaseForTeam": 2,
      "capzone__createRespawnBase": "respawnBaseGroupActivator",
      "capzone__createdRespawnBaseGroup": 5,
      "capzone__iconOffsetY": 2.7
    }
  },
  {
    "entity": {
      "_template": "defend_zone_chained_box+defend_zone_respawnbase",
      "capzone__capRewardPartCap": 1.8,
      "capzone__mustBeCapturedByTeam": 1,
      "capzone__curTeamCapturingZone": -1,
      "groupName": "sector_3",
      "capzone__capTime": 25.0,
      "capzone__capTeam": 2,
      "capzone__progress": 1.0,
      "transform": [
        [23.6852,0.0,-0.650528],
        [0.0,9.50833,0.0],
        [-0.416845,0.0,30.2882],
        [-395.434,4.48852,192.782]
      ],
      "active": false,
      "capzone__decapTime": 15.0,
      "capzone__autoDecap": false,
      "capzone__autoCap": false,
      "capzone__owningTeam": 2,
      "ui_order": 3,
      "capzone__capReward": 600.0,
      "capzone__title": "E",
      "capzone__caption": "capzone/main_hall",
      "capzone__checkAllZonesInGroup": true,
      "decal__height": 1.8,
      "decal__thickness": 0.3,
      "capzone__deactivateAfterTimeout": 0.0,
      "capzone__spawnAtZoneTimeout": 25.0,
      "capzone__createRespawnBaseForTeam": 2,
      "capzone__createRespawnBase": "respawnBaseGroupActivator",
      "capzone__createdRespawnBaseGroup": 5
    }
  },
  {
    "entity": {
      "_template": "respawnBaseWithGroupOnCapturePoint",
      "transform": [
        [-0.622267,0.0,0.782805],
        [0.0,1.0,0.0],
        [-0.782805,0.0,-0.622267],
        [-313.937,4.92325,407.879]
      ],
      "groupName": "sector_1",
      "active": false,
      "respawnBaseGroup": 3
    }
  },
  {
    "entity": {
      "_template": "respawnBaseWithGroupOnCapturePoint",
      "transform": [
        [0.324012,0.0,0.946053],
        [0.0,1.0,0.0],
        [-0.946053,0.0,0.324012],
        [-307.584,4.90353,407.701]
      ],
      "groupName": "sector_1",
      "active": false,
      "respawnBaseGroup": 3
    }
  },
  {
    "entity": {
      "_template": "respawnBaseWithGroupOnCapturePoint",
      "transform": [
        [0.380626,0.0,0.924729],
        [0.0,1.0,0.0],
        [-0.924729,0.0,0.380626],
        [-314.2,3.29917,282.759]
      ],
      "team": 2,
      "respawnBaseGroup": 4,
      "groupName": "sector_2",
      "active": false
    }
  },
  {
    "entity": {
      "_template": "respawnBaseWithGroupOnCapturePoint",
      "transform": [
        [-0.220569,0.0,0.975371],
        [0.0,1.0,0.0],
        [-0.975371,0.0,-0.220569],
        [-296.222,3.29863,283.19]
      ],
      "groupName": "sector_2",
      "respawnBaseGroup": 4,
      "team": 2,
      "active": false
    }
  },
  {
    "entity": {
      "_template": "respawnBaseWithGroupOnCapturePoint",
      "transform": [
        [0.541095,0.0,0.840962],
        [0.0,1.0,0.0],
        [-0.840962,0.0,0.541095],
        [-374.481,3.80316,308.636]
      ],
      "groupName": "sector_2",
      "active": false,
      "respawnBaseGroup": 4
    }
  },
  {
    "entity": {
      "_template": "respawnBaseWithGroupOnCapturePoint",
      "transform": [
        [0.905629,0.0,0.424071],
        [0.0,1.0,0.0],
        [-0.424071,0.0,0.905629],
        [-367.866,3.80316,310.575]
      ],
      "groupName": "sector_2",
      "active": false,
      "respawnBaseGroup": 4
    }
  },
  {
    "entity": {
      "_template": "respawnBaseWithGroupOnCapturePoint",
      "transform": [
        [-0.184738,0.0,0.982788],
        [0.0,1.0,0.0],
        [-0.982788,0.0,-0.184738],
        [-388.122,6.81186,184.311]
      ],
      "groupName": "sector_3",
      "active": false,
      "respawnBaseGroup": 5
    }
  },
  {
    "entity": {
      "_template": "respawnBaseWithGroupOnCapturePoint",
      "transform": [
        [0.0671276,0.0,0.997745],
        [0.0,1.0,0.0],
        [-0.997745,0.0,0.0671276],
        [-399.391,6.69579,180.389]
      ],
      "groupName": "sector_3",
      "active": false,
      "respawnBaseGroup": 5
    }
  },
  {
    "entity": {
      "_template": "respawnBaseWithGroupOnCapturePoint",
      "transform": [
        [-0.895458,0.0,0.445146],
        [0.0,1.0,0.0],
        [-0.445146,0.0,-0.895458],
        [-299.356,5.18237,179.044]
      ],
      "groupName": "sector_3",
      "active": false,
      "respawnBaseGroup": 5
    }
  },
  {
    "entity": {
      "_template": "respawnBaseWithGroupOnCapturePoint",
      "transform": [
        [0.417276,0.0,0.90878],
        [0.0,1.0,0.0],
        [-0.90878,0.0,0.417276],
        [-308.891,5.25792,176.958]
      ],
      "groupName": "sector_3",
      "active": false,
      "respawnBaseGroup": 5
    }
  },
  {
    "entity": {
      "_template": "respawnChooser+respTeam2",
      "transform": [
        [0.99964,0.0,-0.0268427],
        [0.0,1.0,0.0],
        [0.0268427,0.0,0.99964],
        [-353.164,4.04666,280.225]
      ],
      "groupName": "sector_1",
      "respawnBaseGroup": 2,
      "active": false
    }
  },
  {
    "entity": {
      "_template": "respawnChooser+respTeam1",
      "transform": [
        [0.916227,0.0,0.400659],
        [0.0,1.0,0.0],
        [-0.400659,0.0,0.916227],
        [-363.933,-0.73781,540.504]
      ],
      "active": false,
      "groupName": "sector_1"
    }
  },
  {
    "entity": {
      "_template": "respawnChooser+respTeam1",
      "transform": [
        [0.719028,0.0,-0.694981],
        [0.0,1.0,0.0],
        [0.694981,0.0,0.719028],
        [-361.061,-1.05207,550.325]
      ],
      "active": false,
      "groupName": "sector_1"
    }
  },
  {
    "entity": {
      "_template": "respawnChooser+respTeam1",
      "transform": [
        [-0.0488141,0.0,-0.998808],
        [0.0,1.0,0.0],
        [0.998808,0.0,-0.0488141],
        [-370.591,-0.798269,533.19]
      ],
      "groupName": "sector_1",
      "active": false,
      "respawnBaseGroup": 1
    }
  },
  {
    "entity": {
      "_template": "respawnChooser+respTeam2",
      "transform": [
        [0.738303,0.0,0.674468],
        [0.0,1.0,0.0],
        [-0.674468,0.0,0.738303],
        [-382.967,3.93228,268.482]
      ],
      "groupName": "sector_1",
      "active": false,
      "respawnBaseGroup": 2
    }
  },
  {
    "entity": {
      "_template": "respawnChooser+respTeam2",
      "transform": [
        [0.859313,0.0,0.511448],
        [0.0,1.0,0.0],
        [-0.511448,0.0,0.859313],
        [-414.192,3.49341,301.672]
      ],
      "active": false,
      "groupName": "sector_1"
    }
  },
  {
    "entity": {
      "_template": "respawnChooser+respTeam2",
      "transform": [
        [0.830055,0.0,0.557681],
        [0.0,1.0,0.0],
        [-0.557681,0.0,0.830055],
        [-416.146,3.52798,304.573]
      ],
      "active": false,
      "groupName": "sector_1"
    }
  },
  {
    "entity": {
      "_template": "respawnChooser+respTeam2",
      "transform": [
        [0.149128,0.0,0.988818],
        [0.0,1.0,0.0],
        [-0.988818,0.0,0.149128],
        [-350.459,4.0128,283.776]
      ],
      "active": false,
      "groupName": "sector_1",
      "respawnBaseGroup": 2
    }
  },
  {
    "entity": {
      "_template": "respawnChooser+respVehicle",
      "transform": [
        [-0.325208,0.0,-0.945643],
        [0.0,1.0,0.0],
        [0.945643,0.0,-0.325208],
        [-429.775,4.0385,648.643]
      ],
      "groupName": "sector_1",
      "team": 1,
      "respTime": 150,
      "maxVehicleOnSpawn": 2,
      "active": false,
      "respawnBaseGroup": 1
    }
  },
  {
    "entity": {
      "_template": "respawnChooser+respVehicle",
      "transform": [
        [0.0948294,0.0,0.995493],
        [0.0,1.0,0.0],
        [-0.995493,0.0,0.0948294],
        [-462.612,3.59543,212.975]
      ],
      "groupName": "sector_1",
      "team": 2,
      "respTime": 150,
      "maxVehicleOnSpawn": 2,
      "active": false,
      "respawnBaseGroup": 1
    }
  },
  {
    "entity": {
      "_template": "respawnChooser+respVehicle",
      "transform": [
        [-0.548984,0.0,0.835833],
        [0.0,1.0,0.0],
        [-0.835833,0.0,-0.548984],
        [-344.566,3.53115,160.609]
      ],
      "groupName": "sector_1",
      "maxVehicleOnSpawn": 2,
      "respTime": 150,
      "respawnBaseGroup": 2,
      "team": 2,
      "active": false
    }
  },
  {
    "entity": {
      "_template": "respawnChooser+respMotorcycle",
      "active": false,
      "transform": [
        [-0.548984,0.0,0.835833],
        [0.0,1.0,0.0],
        [-0.835833,0.0,-0.548984],
        [-344.566,3.53115,160.609]
      ],
      "team": 2,
      "groupName": "sector_1",
      "respawnBaseGroup": 2
    }
  },
  {
    "entity": {
      "_template": "respawnChooser+respTeam1",
      "transform": [
        [-0.345346,0.0,-0.938475],
        [0.0,1.0,0.0],
        [0.938475,0.0,-0.345346],
        [-390.616,7.7095,420.889]
      ],
      "active": false,
      "groupName": "sector_2",
      "respawnBaseGroup": 2
    }
  },
  {
    "entity": {
      "_template": "respawnChooser+respTeam1",
      "transform": [
        [-0.303633,0.0,-0.952789],
        [0.0,1.0,0.0],
        [0.952789,0.0,-0.303633],
        [-296.176,5.1158,404.172]
      ],
      "active": false,
      "groupName": "sector_2"
    }
  },
  {
    "entity": {
      "_template": "respawnChooser+respTeam1",
      "transform": [
        [0.941796,0.0,-0.336182],
        [0.0,1.0,0.0],
        [0.336182,0.0,0.941796],
        [-416.68,5.87006,411.35]
      ],
      "active": false,
      "groupName": "sector_2",
      "team": 1,
      "respawnBaseGroup": 2
    }
  },
  {
    "entity": {
      "_template": "respawnChooser+respTeam1",
      "transform": [
        [-0.88486,0.0,-0.465859],
        [0.0,1.0,0.0],
        [0.465859,0.0,-0.88486],
        [-316.558,5.00063,402.899]
      ],
      "active": false,
      "groupName": "sector_2"
    }
  },
  {
    "entity": {
      "_template": "respawnChooser+respTeam2",
      "transform": [
        [-0.176667,0.0,0.984271],
        [0.0,1.0,0.0],
        [-0.984271,0.0,-0.176667],
        [-381.168,6.50521,212.268]
      ],
      "active": false,
      "groupName": "sector_2"
    }
  },
  {
    "entity": {
      "_template": "respawnChooser+respTeam2",
      "transform": [
        [0.24969,0.0,0.968326],
        [0.0,1.0,0.0],
        [-0.968326,0.0,0.24969],
        [-406.483,3.47241,229.212]
      ],
      "active": false,
      "groupName": "sector_2"
    }
  },
  {
    "entity": {
      "_template": "respawnChooser+respTeam2",
      "transform": [
        [0.159342,0.0,0.987224],
        [0.0,1.0,0.0],
        [-0.987224,0.0,0.159342],
        [-394.385,3.80316,226.079]
      ],
      "active": false,
      "groupName": "sector_2"
    }
  },
  {
    "entity": {
      "_template": "respawnChooser+respTeam2",
      "transform": [
        [0.132068,0.0,0.991241],
        [0.0,1.0,0.0],
        [-0.991241,0.0,0.132068],
        [-348.934,3.90173,218.515]
      ],
      "active": false,
      "groupName": "sector_2",
      "respawnBaseGroup": 2
    }
  },
  {
    "entity": {
      "_template": "respawnChooser+respTeam2",
      "transform": [
        [-0.225559,0.0,0.97423],
        [0.0,1.0,0.0],
        [-0.97423,0.0,-0.225559],
        [-344.869,3.90917,217.593]
      ],
      "active": false,
      "groupName": "sector_2",
      "respawnBaseGroup": 2
    }
  },
  {
    "entity": {
      "_template": "respawnChooser+respVehicle",
      "transform": [
        [-0.487928,0.0,-0.872884],
        [0.0,1.0,0.0],
        [0.872884,0.0,-0.487928],
        [-334.412,3.9821,537.513]
      ],
      "groupName": "sector_2",
      "team": 1,
      "respTime": 150,
      "maxVehicleOnSpawn": 2,
      "active": false,
      "respawnBaseGroup": 1
    }
  },
  {
    "entity": {
      "_template": "respawnChooser+respVehicle",
      "transform": [
        [0.0762281,0.0,-0.99709],
        [0.0,1.0,0.0],
        [0.99709,0.0,0.0762281],
        [-178.571,3.40733,509.841]
      ],
      "groupName": "sector_2",
      "maxVehicleOnSpawn": 2,
      "respTime": 150,
      "respawnBaseGroup": 2,
      "team": 1,
      "active": false
    }
  },
  {
    "entity": {
      "_template": "respawnChooser+respMotorcycle",
      "active": false,
      "transform": [
        [0.0762281,0.0,-0.99709],
        [0.0,1.0,0.0],
        [0.99709,0.0,0.0762281],
        [-178.571,3.40733,509.841]
      ],
      "team": 1,
      "groupName": "sector_2",
      "respawnBaseGroup": 2
    }
  },
  {
    "entity": {
      "_template": "respawnChooser+respVehicle",
      "transform": [
        [0.301969,0.0,0.953317],
        [0.0,1.0,0.0],
        [-0.953317,0.0,0.301969],
        [-483.526,4.63066,157.407]
      ],
      "groupName": "sector_2",
      "team": 2,
      "respTime": 150,
      "maxVehicleOnSpawn": 2,
      "active": false,
      "respawnBaseGroup": 1
    }
  },
  {
    "entity": {
      "_template": "respawnChooser+respVehicle",
      "transform": [
        [0.577849,0.0,0.816144],
        [0.0,1.0,0.0],
        [-0.816144,0.0,0.577849],
        [-308.566,3.29961,81.3376]
      ],
      "groupName": "sector_2",
      "maxVehicleOnSpawn": 2,
      "respTime": 150,
      "respawnBaseGroup": 2,
      "team": 2,
      "active": false
    }
  },
  {
    "entity": {
      "_template": "respawnChooser+respMotorcycle",
      "active": false,
      "transform": [
        [0.577849,0.0,0.816144],
        [0.0,1.0,0.0],
        [-0.816144,0.0,0.577849],
        [-308.566,3.29961,81.3376]
      ],
      "team": 2,
      "groupName": "sector_2",
      "respawnBaseGroup": 2
    }
  },
  {
    "entity": {
      "_template": "respawnChooser+respTeam1",
      "transform": [
        [-0.372988,0.0,-0.927836],
        [0.0,1.0,0.0],
        [0.927836,0.0,-0.372988],
        [-347.976,3.80638,319.574]
      ],
      "active": false,
      "groupName": "sector_3",
      "respawnBaseGroup": 1
    }
  },
  {
    "entity": {
      "_template": "respawnChooser+respTeam1",
      "transform": [
        [-0.984141,0.0,-0.177391],
        [0.0,1.0,0.0],
        [0.177391,0.0,-0.984141],
        [-349.16,4.00392,322.838]
      ],
      "active": false,
      "groupName": "sector_3",
      "respawnBaseGroup": 1
    }
  },
  {
    "entity": [
      {
        "_template": "respawnChooser+respTeam2"
      },
      {
        "transform": [
          [0.885215,0.0,0.465182],
          [0.0,1.0,0.0],
          [-0.465182,0.0,0.885215],
          [-386.563,3.86137,76.4189]
        ]
      },
      {
        "active": false
      },
      {
        "active": false
      },
      {
        "groupName": "sector_3"
      }
    ]
  },
  {
    "entity": {
      "_template": "respawnChooser+respTeam2",
      "transform": [
        [0.672014,0.0,0.740538],
        [0.0,1.0,0.0],
        [-0.740538,0.0,0.672014],
        [-453.161,7.8536,145.271]
      ],
      "active": false,
      "groupName": "sector_3",
      "respawnBaseGroup": 2
    }
  },
  {
    "entity": {
      "_template": "respawnChooser+respTeam2",
      "transform": [
        [0.995094,0.0,0.0989364],
        [0.0,1.0,0.0],
        [-0.0989364,0.0,0.995094],
        [-409.647,4.04571,120.632]
      ],
      "active": false,
      "groupName": "sector_3",
      "respawnBaseGroup": 1,
      "team": 2
    }
  },
  {
    "entity": {
      "_template": "respawnChooser+respTeam2",
      "transform": [
        [0.971176,0.0,0.238363],
        [0.0,1.0,0.0],
        [-0.238363,0.0,0.971176],
        [-453.583,6.74868,139.315]
      ],
      "active": false,
      "groupName": "sector_3",
      "respawnBaseGroup": 2
    }
  },
  {
    "entity": {
      "_template": "respawnChooser+respVehicle",
      "transform": [
        [0.8976,0.0,-0.44081],
        [0.0,1.0,0.0],
        [0.44081,0.0,0.8976],
        [-270.284,4.35258,449.533]
      ],
      "groupName": "sector_3",
      "team": 1,
      "respTime": 150,
      "maxVehicleOnSpawn": 2,
      "active": false,
      "respawnBaseGroup": 1
    }
  },
  {
    "entity": {
      "_template": "respawnChooser+respVehicle",
      "transform": [
        [0.680497,0.0,-0.732751],
        [0.0,1.0,0.0],
        [0.732751,0.0,0.680497],
        [-396.832,3.78279,449.261]
      ],
      "groupName": "sector_3",
      "maxVehicleOnSpawn": 2,
      "respTime": 150,
      "respawnBaseGroup": 2,
      "team": 1,
      "active": false
    }
  },
  {
    "entity": {
      "_template": "respawnChooser+respMotorcycle",
      "active": false,
      "transform": [
        [0.680497,0.0,-0.732751],
        [0.0,1.0,0.0],
        [0.732751,0.0,0.680497],
        [-396.832,3.78279,449.261]
      ],
      "team": 1,
      "groupName": "sector_3",
      "respawnBaseGroup": 2
    }
  },
  {
    "entity": {
      "_template": "respawnChooser+respVehicle",
      "transform": [
        [0.994406,0.0,-0.105621],
        [0.0,1.0,0.0],
        [0.105621,0.0,0.994406],
        [-444.333,3.70866,45.1748]
      ],
      "groupName": "sector_3",
      "team": 2,
      "respTime": 150,
      "maxVehicleOnSpawn": 2,
      "active": false,
      "respawnBaseGroup": 1
    }
  },
  {
    "entity": {
      "_template": "poly_battle_area",
      "transform": [
        [1.0,0.0,0.0],
        [0.0,1.0,0.0],
        [0.0,0.0,1.0],
        [-317.47,3.25957,376.831]
      ],
      "battleAreaId": "1_area1",
      "battle_area__team": 1,
      "groupName": "sector_1",
      "active": false
    }
  },
  {
    "entity": {
      "_template": "battle_area_polygon_point",
      "transform": [
        [1.0,0.0,0.0],
        [0.0,1.0,0.0],
        [0.0,0.0,1.0],
        [-375.864,3.29863,339.947]
      ],
      "battle_area_polygon_point__forBattleAreaId": "1_area1",
      "battle_area_polygon_point__id": "point1",
      "battle_area_polygon_point__nextId": "point2"
    }
  },
  {
    "entity": {
      "_template": "battle_area_polygon_point",
      "transform": [
        [1.0,0.0,0.0],
        [0.0,1.0,0.0],
        [0.0,0.0,1.0],
        [-233.354,3.30663,334.985]
      ],
      "battle_area_polygon_point__forBattleAreaId": "1_area1",
      "battle_area_polygon_point__id": "point2",
      "battle_area_polygon_point__nextId": "point3"
    }
  },
  {
    "entity": {
      "_template": "battle_area_polygon_point",
      "transform": [
        [1.0,0.0,0.0],
        [0.0,1.0,0.0],
        [0.0,0.0,1.0],
        [-229.031,3.29846,519.236]
      ],
      "battle_area_polygon_point__forBattleAreaId": "1_area1",
      "battle_area_polygon_point__id": "point3",
      "battle_area_polygon_point__nextId": "point4"
    }
  },
  {
    "entity": {
      "_template": "battle_area_polygon_point",
      "transform": [
        [1.0,0.0,0.0],
        [0.0,1.0,0.0],
        [0.0,0.0,1.0],
        [-398.514,-1.3885,723.323]
      ],
      "battle_area_polygon_point__forBattleAreaId": "1_area1",
      "battle_area_polygon_point__id": "point4",
      "battle_area_polygon_point__nextId": "point5"
    }
  },
  {
    "entity": {
      "_template": "battle_area_polygon_point",
      "transform": [
        [1.0,0.0,0.0],
        [0.0,1.0,0.0],
        [0.0,0.0,1.0],
        [-460.751,3.24476,646.154]
      ],
      "battle_area_polygon_point__forBattleAreaId": "1_area1",
      "battle_area_polygon_point__id": "point5",
      "battle_area_polygon_point__nextId": "point6"
    }
  },
  {
    "entity": {
      "_template": "battle_area_polygon_point",
      "transform": [
        [1.0,0.0,0.0],
        [0.0,1.0,0.0],
        [0.0,0.0,1.0],
        [-490.745,3.25823,601.109]
      ],
      "battle_area_polygon_point__forBattleAreaId": "1_area1",
      "battle_area_polygon_point__id": "point6",
      "battle_area_polygon_point__nextId": "point7"
    }
  },
  {
    "entity": {
      "_template": "battle_area_polygon_point",
      "transform": [
        [1.0,0.0,0.0],
        [0.0,1.0,0.0],
        [0.0,0.0,1.0],
        [-509.288,3.30838,561.746]
      ],
      "battle_area_polygon_point__forBattleAreaId": "1_area1",
      "battle_area_polygon_point__id": "point7",
      "battle_area_polygon_point__nextId": "point8"
    }
  },
  {
    "entity": {
      "_template": "battle_area_polygon_point",
      "transform": [
        [1.0,0.0,0.0],
        [0.0,1.0,0.0],
        [0.0,0.0,1.0],
        [-586.891,-1.28379,504.007]
      ],
      "battle_area_polygon_point__forBattleAreaId": "1_area1",
      "battle_area_polygon_point__id": "point8",
      "battle_area_polygon_point__nextId": "point9"
    }
  },
  {
    "entity": {
      "_template": "battle_area_polygon_point",
      "transform": [
        [1.0,0.0,0.0],
        [0.0,1.0,0.0],
        [0.0,0.0,1.0],
        [-473.05,3.26374,363.378]
      ],
      "battle_area_polygon_point__forBattleAreaId": "1_area1",
      "battle_area_polygon_point__id": "point9",
      "battle_area_polygon_point__nextId": "point1"
    }
  },
  {
    "entity": {
      "_template": "poly_battle_area",
      "transform": [
        [1.0,0.0,0.0],
        [0.0,1.0,0.0],
        [0.0,0.0,1.0],
        [-313.15,3.25957,372.804]
      ],
      "battleAreaId": "1_area2",
      "battle_area__team": 2,
      "groupName": "sector_1",
      "active": false
    }
  },
  {
    "entity": {
      "_template": "battle_area_polygon_point",
      "transform": [
        [1.0,0.0,0.0],
        [0.0,1.0,0.0],
        [0.0,0.0,1.0],
        [-480.687,3.31256,292.15]
      ],
      "battle_area_polygon_point__forBattleAreaId": "1_area2",
      "battle_area_polygon_point__id": "point1",
      "battle_area_polygon_point__nextId": "point2"
    }
  },
  {
    "entity": {
      "_template": "battle_area_polygon_point",
      "transform": [
        [1.0,0.0,0.0],
        [0.0,1.0,0.0],
        [0.0,0.0,1.0],
        [-521.931,3.30205,123.224]
      ],
      "battle_area_polygon_point__forBattleAreaId": "1_area2",
      "battle_area_polygon_point__id": "point2",
      "battle_area_polygon_point__nextId": "point3"
    }
  },
  {
    "entity": {
      "_template": "battle_area_polygon_point",
      "transform": [
        [1.0,0.0,0.0],
        [0.0,1.0,0.0],
        [0.0,0.0,1.0],
        [-237.228,3.29862,119.018]
      ],
      "battle_area_polygon_point__forBattleAreaId": "1_area2",
      "battle_area_polygon_point__id": "point3",
      "battle_area_polygon_point__nextId": "point4"
    }
  },
  {
    "entity": {
      "_template": "battle_area_polygon_point",
      "transform": [
        [1.0,0.0,0.0],
        [0.0,1.0,0.0],
        [0.0,0.0,1.0],
        [-229.074,3.29864,519.174]
      ],
      "battle_area_polygon_point__forBattleAreaId": "1_area2",
      "battle_area_polygon_point__id": "point4",
      "battle_area_polygon_point__nextId": "point5"
    }
  },
  {
    "entity": {
      "_template": "battle_area_polygon_point",
      "transform": [
        [1.0,0.0,0.0],
        [0.0,1.0,0.0],
        [0.0,0.0,1.0],
        [-281.907,3.29729,582.525]
      ],
      "battle_area_polygon_point__forBattleAreaId": "1_area2",
      "battle_area_polygon_point__id": "point5",
      "battle_area_polygon_point__nextId": "point6"
    }
  },
  {
    "entity": {
      "_template": "battle_area_polygon_point",
      "transform": [
        [1.0,0.0,0.0],
        [0.0,1.0,0.0],
        [0.0,0.0,1.0],
        [-373.902,3.28672,477.09]
      ],
      "battle_area_polygon_point__forBattleAreaId": "1_area2",
      "battle_area_polygon_point__id": "point6",
      "battle_area_polygon_point__nextId": "point7"
    }
  },
  {
    "entity": {
      "_template": "battle_area_polygon_point",
      "transform": [
        [1.0,0.0,0.0],
        [0.0,1.0,0.0],
        [0.0,0.0,1.0],
        [-473.314,3.29863,363.62]
      ],
      "battle_area_polygon_point__forBattleAreaId": "1_area2",
      "battle_area_polygon_point__id": "point7",
      "battle_area_polygon_point__nextId": "point1"
    }
  },
  {
    "entity": {
      "_template": "poly_battle_area",
      "transform": [
        [1.0,0.0,0.0],
        [0.0,1.0,0.0],
        [0.0,0.0,1.0],
        [-291.104,3.29863,276.27]
      ],
      "battleAreaId": "2_area1",
      "groupName": "sector_2",
      "battle_area__team": 1,
      "active": false
    }
  },
  {
    "entity": {
      "_template": "battle_area_polygon_point",
      "transform": [
        [0.651627,0.0,-0.758539],
        [0.0,1.0,0.0],
        [0.758539,0.0,0.651627],
        [-442.987,3.30368,468.345]
      ],
      "battle_area_polygon_point__forBattleAreaId": "2_area1",
      "battle_area_polygon_point__id": "point1",
      "battle_area_polygon_point__nextId": "point2"
    }
  },
  {
    "entity": {
      "_template": "battle_area_polygon_point",
      "transform": [
        [0.626122,0.0,-0.779725],
        [0.0,1.0,0.0],
        [0.779725,0.0,0.626122],
        [-508.329,3.30519,408.289]
      ],
      "battle_area_polygon_point__forBattleAreaId": "2_area1",
      "battle_area_polygon_point__id": "point2",
      "battle_area_polygon_point__nextId": "point3"
    }
  },
  {
    "entity": {
      "_template": "battle_area_polygon_point",
      "transform": [
        [1.0,0.0,0.0],
        [0.0,1.0,0.0],
        [0.0,0.0,1.0],
        [-473.453,3.29864,363.179]
      ],
      "battle_area_polygon_point__forBattleAreaId": "2_area1",
      "battle_area_polygon_point__id": "point3",
      "battle_area_polygon_point__nextId": "point4"
    }
  },
  {
    "entity": {
      "_template": "battle_area_polygon_point",
      "transform": [
        [1.0,0.0,0.0],
        [0.0,1.0,0.0],
        [0.0,0.0,1.0],
        [-464.824,3.29862,308.122]
      ],
      "battle_area_polygon_point__forBattleAreaId": "2_area1",
      "battle_area_polygon_point__id": "point4",
      "battle_area_polygon_point__nextId": "point5"
    }
  },
  {
    "entity": {
      "_template": "battle_area_polygon_point",
      "transform": [
        [1.0,0.0,0.0],
        [0.0,1.0,0.0],
        [0.0,0.0,1.0],
        [-429.553,3.29862,252.658]
      ],
      "battle_area_polygon_point__forBattleAreaId": "2_area1",
      "battle_area_polygon_point__id": "point5",
      "battle_area_polygon_point__nextId": "point6"
    }
  },
  {
    "entity": {
      "_template": "battle_area_polygon_point",
      "transform": [
        [1.0,0.0,0.0],
        [0.0,1.0,0.0],
        [0.0,0.0,1.0],
        [-161.858,3.30053,253.785]
      ],
      "battle_area_polygon_point__forBattleAreaId": "2_area1",
      "battle_area_polygon_point__id": "point6",
      "battle_area_polygon_point__nextId": "point7"
    }
  },
  {
    "entity": {
      "_template": "battle_area_polygon_point",
      "transform": [
        [1.0,0.0,0.0],
        [0.0,1.0,0.0],
        [0.0,0.0,1.0],
        [-156.961,3.29864,535.518]
      ],
      "battle_area_polygon_point__forBattleAreaId": "2_area1",
      "battle_area_polygon_point__id": "point7",
      "battle_area_polygon_point__nextId": "point8"
    }
  },
  {
    "entity": {
      "_template": "battle_area_polygon_point",
      "transform": [
        [0.786555,0.0,-0.617521],
        [0.0,1.0,0.0],
        [0.617521,0.0,0.786555],
        [-346.346,-4.98426,592.686]
      ],
      "battle_area_polygon_point__forBattleAreaId": "2_area1",
      "battle_area_polygon_point__id": "point8",
      "battle_area_polygon_point__nextId": "point1"
    }
  },
  {
    "entity": {
      "_template": "poly_battle_area",
      "transform": [
        [1.0,0.0,0.0],
        [0.0,1.0,0.0],
        [0.0,0.0,1.0],
        [-366.073,3.29864,224.025]
      ],
      "battleAreaId": "2_area2",
      "battle_area__team": 2,
      "groupName": "sector_2",
      "active": false
    }
  },
  {
    "entity": {
      "_template": "battle_area_polygon_point",
      "transform": [
        [1.0,0.0,0.0],
        [0.0,1.0,0.0],
        [0.0,0.0,1.0],
        [-539.688,3.29913,50.308]
      ],
      "battle_area_polygon_point__forBattleAreaId": "2_area2",
      "battle_area_polygon_point__id": "point1",
      "battle_area_polygon_point__nextId": "point2"
    }
  },
  {
    "entity": {
      "_template": "battle_area_polygon_point",
      "transform": [
        [1.0,0.0,0.0],
        [0.0,1.0,0.0],
        [0.0,0.0,1.0],
        [-237.422,3.29862,49.703]
      ],
      "battle_area_polygon_point__forBattleAreaId": "2_area2",
      "battle_area_polygon_point__id": "point2",
      "battle_area_polygon_point__nextId": "point3"
    }
  },
  {
    "entity": {
      "_template": "battle_area_polygon_point",
      "transform": [
        [1.0,0.0,0.0],
        [0.0,1.0,0.0],
        [0.0,0.0,1.0],
        [-232.546,3.29862,362.941]
      ],
      "battle_area_polygon_point__forBattleAreaId": "2_area2",
      "battle_area_polygon_point__id": "point3",
      "battle_area_polygon_point__nextId": "point4"
    }
  },
  {
    "entity": {
      "_template": "battle_area_polygon_point",
      "transform": [
        [1.0,0.0,0.0],
        [0.0,1.0,0.0],
        [0.0,0.0,1.0],
        [-381.766,3.29862,366.126]
      ],
      "battle_area_polygon_point__forBattleAreaId": "2_area2",
      "battle_area_polygon_point__id": "point4",
      "battle_area_polygon_point__nextId": "point5"
    }
  },
  {
    "entity": {
      "_template": "battle_area_polygon_point",
      "transform": [
        [1.0,0.0,0.0],
        [0.0,1.0,0.0],
        [0.0,0.0,1.0],
        [-473.099,3.29862,363.648]
      ],
      "battle_area_polygon_point__forBattleAreaId": "2_area2",
      "battle_area_polygon_point__id": "point5",
      "battle_area_polygon_point__nextId": "point6"
    }
  },
  {
    "entity": {
      "_template": "battle_area_polygon_point",
      "transform": [
        [1.0,0.0,0.0],
        [0.0,1.0,0.0],
        [0.0,0.0,1.0],
        [-480.497,3.29865,292.368]
      ],
      "battle_area_polygon_point__forBattleAreaId": "2_area2",
      "battle_area_polygon_point__id": "point6",
      "battle_area_polygon_point__nextId": "point1"
    }
  },
  {
    "entity": {
      "_template": "poly_battle_area",
      "transform": [
        [1.0,0.0,0.0],
        [0.0,1.0,0.0],
        [0.0,0.0,1.0],
        [-363.385,3.29862,190.833]
      ],
      "battleAreaId": "3_area1",
      "battle_area__team": 1,
      "groupName": "sector_3",
      "active": false
    }
  },
  {
    "entity": {
      "_template": "battle_area_polygon_point",
      "transform": [
        [1.0,0.0,0.0],
        [0.0,1.0,0.0],
        [0.0,0.0,1.0],
        [-237.931,3.29861,144.747]
      ],
      "battle_area_polygon_point__forBattleAreaId": "3_area1",
      "battle_area_polygon_point__id": "point1",
      "battle_area_polygon_point__nextId": "point2"
    }
  },
  {
    "entity": {
      "_template": "battle_area_polygon_point",
      "transform": [
        [1.0,0.0,0.0],
        [0.0,1.0,0.0],
        [0.0,0.0,1.0],
        [-231.189,3.29864,447.69]
      ],
      "battle_area_polygon_point__forBattleAreaId": "3_area1",
      "battle_area_polygon_point__id": "point2",
      "battle_area_polygon_point__nextId": "point3"
    }
  },
  {
    "entity": {
      "_template": "battle_area_polygon_point",
      "transform": [
        [1.0,0.0,0.0],
        [0.0,1.0,0.0],
        [0.0,0.0,1.0],
        [-362.868,-1.30637,550.877]
      ],
      "battle_area_polygon_point__forBattleAreaId": "3_area1",
      "battle_area_polygon_point__id": "point3",
      "battle_area_polygon_point__nextId": "point4"
    }
  },
  {
    "entity": {
      "_template": "battle_area_polygon_point",
      "transform": [
        [1.0,0.0,0.0],
        [0.0,1.0,0.0],
        [0.0,0.0,1.0],
        [-466.753,3.29961,427.186]
      ],
      "battle_area_polygon_point__forBattleAreaId": "3_area1",
      "battle_area_polygon_point__id": "point4",
      "battle_area_polygon_point__nextId": "point5"
    }
  },
  {
    "entity": {
      "_template": "battle_area_polygon_point",
      "transform": [
        [1.0,0.0,0.0],
        [0.0,1.0,0.0],
        [0.0,0.0,1.0],
        [-480.746,3.29961,291.894]
      ],
      "battle_area_polygon_point__forBattleAreaId": "3_area1",
      "battle_area_polygon_point__id": "point5",
      "battle_area_polygon_point__nextId": "point6"
    }
  },
  {
    "entity": {
      "_template": "battle_area_polygon_point",
      "transform": [
        [1.0,0.0,0.0],
        [0.0,1.0,0.0],
        [0.0,0.0,1.0],
        [-525.817,3.29911,172.283]
      ],
      "battle_area_polygon_point__forBattleAreaId": "3_area1",
      "battle_area_polygon_point__id": "point6",
      "battle_area_polygon_point__nextId": "point7"
    }
  },
  {
    "entity": {
      "_template": "battle_area_polygon_point",
      "transform": [
        [1.0,0.0,0.0],
        [0.0,1.0,0.0],
        [0.0,0.0,1.0],
