[
  {
    "import": [
      {
        "scene": "content/enlisted/gamedata/scenes/_berlin_opera_gpu_objects.blk"
      },
      {
        "scene": "content/enlisted/gamedata/scenes/_berlin_opera_biom_fx.blk"
      },
      {
        "scene": "content/enlisted/gamedata/scenes/_berlin_opera_background_fx.blk"
      },
      {
        "scene": "content/enlisted/gamedata/scenes/_berlin_opera_projectors.blk"
      },
      {
        "scene": "content/enlisted/gamedata/scenes/_berlin_opera_tracers.blk"
      }
    ]
  },
  {
    "import": {
      "scene": "content/enlisted/gamedata/scenes/_berlin_level.blk"
    }
  },
  {
    "entity": {
      "_template": "briefing_invasion",
      "mission_name": "berlin_wilhelm_inv",
      "loading_images:list<t>": [
        {
          "item": "ui/berlin_wilhelm_01.avif"
        },
        {
          "item": "ui/berlin_wilhelm_02.avif"
        },
        {
          "item": "ui/berlin_wilhelm_03.avif"
        }
      ]
    }
  },
  {
    "entity": {
      "_template": "enemy_attack_marker"
    }
  },
  {
    "entity": {
      "_template": "static_cam",
      "camera__active": true,
      "transform": [
        [-0.983228,0.0,-0.182379],
        [-0.00200821,0.999939,0.0108266],
        [0.182368,0.0110112,-0.983168],
        [480.636,12.9123,-151.39]
      ]
    }
  },
  {
    "entity": {
      "_template": "team_ussr_berlin+team_narrator_invasion_attack+respawn_creators_team",
      "team__memberCount": 0.0,
      "team__scoreCap": 3700.0,
      "team__score": 3700.0,
      "team__squadSpawnCost": 250,
      "team__firstSpawnCostMul": 0.0,
      "team__zeroScoreFailTimer": 60.0,
      "team__id": 1,
      "team__briefing": "invasion/attackers_goals",
      "team__winSubtitle": "debriefing/won_invasion_subtitle",
      "team__loseSubtitle": "debriefing/lost_invasion_subtitle",
      "team__winTitle": "debriefing/ussr_won_invasion",
      "team__spawnBotArmy": "moscow_allies"
    }
  },
  {
    "entity": {
      "_template": "team_germany_berlin+team_narrator_invasion_defence+respawn_creators_team",
      "team__countAdd": 0.5,
      "team__memberCount": 0.5,
      "team__scoreCap": 5000.0,
      "team__capturePenalty": 1001.0,
      "team__score": 5000.0,
      "team__id": 2,
      "team__briefing": "invasion/defenders_goals",
      "team__winSubtitle": "debriefing/won_defence_subtitle",
      "team__loseSubtitle": "debriefing/lost_defence_subtitle",
      "team__winTitle": "debriefing/ger_won_defence",
      "team__spawnBotArmy": "moscow_axis"
    }
  },
  {
    "entity": {
      "_template": "group_activator",
      "activator__activateChoice:object": {
        "sector_1": 1.0
      }
    }
  },
  {
    "entity": {
      "_template": "defend_zone_chained_sphere+defend_zone_respawnbase",
      "transform": [
        [-0.176679,0.0,0.984269],
        [0.0,1.0,0.0],
        [-0.984269,0.0,-0.176679],
        [504.052,3.24142,-232.851]
      ],
      "groupName": "sector_1",
      "capzone__capRewardPartCap": 1.125,
      "capzone__onlyTeamCanCapture": 1,
      "capzone__capReward": 500.0,
      "capzone__icon": "AAA",
      "capzone__caption": "capzone/artillery_emplacement",
      "capzone__capTime": 25.0,
      "capzone__capTeam": -1,
      "active": false,
      "capzone__deactivateAfterTimeout": 25.0,
      "capzone__spawnAtZoneTimeout": 25.0,
      "capzone__createRespawnBaseForTeam": 2,
      "decal__thickness": 0.3,
      "decal__height": 0.3,
      "sphere_zone__radius": 15.0,
      "capzone__createRespawnBase": "respawnBaseGroupActivator",
      "capzone__createdRespawnBaseGroup": 3,
      "capzone__iconOffsetY": 1.5,
      "capzone__activateChoice:object": {
        "sector_2": 1.0,
        "sector_2_b": 2.0
      }
    }
  },
  {
    "entity": {
      "_template": "defend_zone_chained_box+defend_zone_respawnbase",
      "transform": [
        [47.5338,0.0,17.0288],
        [0.0,9.76297,0.0],
        [-10.5571,0.0,29.419],
        [494.508,6.53088,-345.553]
      ],
      "groupName": "sector_2",
      "capzone__capRewardPartCap": 1.25,
      "capzone__onlyTeamCanCapture": 1,
      "capzone__capReward": 500.0,
      "capzone__icon": "AAA",
      "capzone__caption": "capzone/headquarters",
      "capzone__capTime": 35.0,
      "capzone__capTeam": -1,
      "active": false,
      "capzone__deactivateAfterTimeout": 25.0,
      "capzone__spawnAtZoneTimeout": 25.0,
      "capzone__createRespawnBaseForTeam": 2,
      "decal__height": 3.0,
      "capzone__createRespawnBase": "respawnBaseGroupActivator",
      "capzone__createdRespawnBaseGroup": 4,
      "capzone__activateChoice:object": {
        "sector_3": 1.0,
        "sector_3_b": 2.0
      }
    }
  },
  {
    "entity": {
      "_template": "defend_zone_chained_box+defend_zone_respawnbase",
      "transform": [
        [-8.89718,0.0,24.6933],
        [0.0,9.33586,0.0],
        [-26.8238,0.0,-9.64854],
        [563.924,7.48994,-319.124]
      ],
      "groupName": "sector_2_b",
      "capzone__capRewardPartCap": 1.25,
      "capzone__onlyTeamCanCapture": 1,
      "capzone__capReward": 500.0,
      "capzone__icon": "AAA",
      "capzone__caption": "capzone/cafe",
      "capzone__capTime": 35.0,
      "capzone__capTeam": -1,
      "active": false,
      "capzone__deactivateAfterTimeout": 25.0,
      "capzone__spawnAtZoneTimeout": 25.0,
      "capzone__createRespawnBaseForTeam": 2,
      "decal__height": 3.0,
      "capzone__createRespawnBase": "respawnBaseGroupActivator",
      "capzone__createdRespawnBaseGroup": 8,
      "capzone__activateChoice:object": {
        "sector_3": 1.0,
        "sector_3_b": 2.0
      }
    }
  },
  {
    "entity": {
      "_template": "defend_zone_chained_box+defend_zone_respawnbase",
      "transform": [
        [-12.7235,0.0,36.8112],
        [0.0,7.61342,0.0],
        [-31.8275,0.0,-11.0229],
        [571.306,5.42049,-524.322]
      ],
      "groupName": "sector_3",
      "capzone__capRewardPartCap": 1.375,
      "capzone__onlyTeamCanCapture": 1,
      "capzone__capReward": 500.0,
      "capzone__icon": "AAA",
      "capzone__caption": "capzone/old_reich_chancellery",
      "capzone__capTime": 35.0,
      "capzone__capTeam": -1,
      "active": false,
      "capzone__deactivateAfterTimeout": 25.0,
      "capzone__spawnAtZoneTimeout": 25.0,
      "capzone__createRespawnBaseForTeam": 2,
      "decal__height": 3.0,
      "capzone__createRespawnBase": "respawnBaseGroupActivator",
      "capzone__createdRespawnBaseGroup": 5,
      "capzone__activateChoice:object": {
        "sector_4": 1.0
      }
    }
  },
  {
    "entity": {
      "_template": "defend_zone_chained_box+defend_zone_respawnbase",
      "transform": [
        [-6.55594,0.0,18.9674],
        [0.0,7.61342,0.0],
        [-17.842,0.0,-6.17924],
        [608.366,7.97568,-459.034]
      ],
      "groupName": "sector_3_b",
      "capzone__capRewardPartCap": 1.375,
      "capzone__onlyTeamCanCapture": 1,
      "capzone__capReward": 500.0,
      "capzone__icon": "AAA",
      "capzone__caption": "capzone/apartments",
      "capzone__capTime": 35.0,
      "capzone__capTeam": -1,
      "active": false,
      "capzone__deactivateAfterTimeout": 25.0,
      "capzone__spawnAtZoneTimeout": 25.0,
      "capzone__createRespawnBaseForTeam": 2,
      "decal__height": 3.0,
      "capzone__createRespawnBase": "respawnBaseGroupActivator",
      "capzone__createdRespawnBaseGroup": 9,
      "capzone__activateChoice:object": {
        "sector_4_b": 1.0
      }
    }
  },
  {
    "entity": {
      "_template": "defend_zone_chained_box+defend_zone_respawnbase",
      "transform": [
        [34.4672,0.0,8.9083],
        [0.0,5.90555,0.0],
        [-6.27115,0.0,23.6589],
        [548.64,6.30059,-599.245]
      ],
      "groupName": "sector_4",
      "capzone__capRewardPartCap": 1.5,
      "capzone__onlyTeamCanCapture": 1,
      "capzone__capReward": 250.0,
      "capzone__icon": "AAA",
      "capzone__caption": "capzone/honor_courtyard",
      "capzone__capTime": 35.0,
      "capzone__capTeam": -1,
      "active": false,
      "capzone__deactivateAfterTimeout": 25.0,
      "capzone__spawnAtZoneTimeout": 25.0,
      "capzone__createRespawnBaseForTeam": 2,
      "capzone__createRespawnBase": "respawnBaseGroupActivator",
      "capzone__createdRespawnBaseGroup": 6,
      "capzone__activateChoice:object": {
        "sector_5": 1.0
      }
    }
  },
  {
    "entity": {
      "_template": "defend_zone_chained_box+defend_zone_respawnbase",
      "transform": [
        [34.4672,0.0,8.9083],
        [0.0,5.90555,0.0],
        [-6.27115,0.0,23.6589],
        [548.451,6.30059,-599.294]
      ],
      "groupName": "sector_4_b",
      "capzone__capRewardPartCap": 1.5,
      "capzone__onlyTeamCanCapture": 1,
      "capzone__capReward": 250.0,
      "capzone__icon": "AAA",
      "capzone__caption": "capzone/honor_courtyard",
      "capzone__capTime": 35.0,
      "capzone__capTeam": -1,
      "active": false,
      "capzone__deactivateAfterTimeout": 25.0,
      "capzone__spawnAtZoneTimeout": 25.0,
      "capzone__createRespawnBaseForTeam": 2,
      "capzone__createRespawnBase": "respawnBaseGroupActivator",
      "capzone__createdRespawnBaseGroup": 6,
      "capzone__activateChoice:object": {
        "sector_5": 1.0
      }
    }
  },
  {
    "entity": {
      "_template": "defend_zone_chained_box+defend_zone_respawnbase",
      "transform": [
        [-24.9725,0.0,-4.60479],
        [0.0,4.81688,0.0],
        [2.19389,0.0,-12.7532],
        [377.598,8.66509,-623.881]
      ],
      "groupName": "sector_5",
      "capzone__onlyTeamCanCapture": 1,
      "capzone__capReward": 500.0,
      "capzone__icon": "AAA",
      "capzone__caption": "capzone/hitlers_office",
      "capzone__capTime": 30.0,
      "capzone__capTeam": -1,
      "active": false,
      "capzone__deactivateAfterTimeout": 25.0,
      "capzone__spawnAtZoneTimeout": 25.0,
      "capzone__createRespawnBaseForTeam": 2,
      "capzone__createRespawnBase": "respawnBaseGroupActivator",
      "capzone__createdRespawnBaseGroup": 7
    }
  },
  {
    "entity": {
      "_template": "respawn_camera",
      "respawnCameraForTeam": 1,
      "transform": [
        [1.0,0.0,0.0],
        [0.0,1.0,0.0],
        [0.0,0.0,1.0],
        [397.415,304.764,83.5064]
      ]
    }
  },
  {
    "entity": {
      "_template": "respawn_camera",
      "respawnCameraForTeam": 2,
      "transform": [
        [0.852952,0.0,0.521989],
        [0.0,1.0,0.0],
        [0.0,0.0,1.0],
        [581.643,306.994,-551.84]
      ]
    }
  },
  {
    "entity": {
      "_template": "aircraft_box_battle_area",
      "transform": [
        [10497.0,0.0,4222.32],
        [0.0,8000.03,0.0],
        [-4222.79,0.0,10496.8],
        [309.304,240.916,-358.9]
      ],
      "battle_area__team": -1
    }
  },
  {
    "entity": {
      "_template": "respAircraftInAir",
      "respawnbaseType": "aircraft_fighter",
      "transform": [
        [0.45188,0.0,-0.892079],
        [0.0,1.0,0.0],
        [0.892079,0.0,0.45188],
        [-635.832,1000.0,1596.27]
      ],
      "team": 1,
      "maxVehicleOnSpawn": 1,
      "respTime": 120
    }
  },
  {
    "entity": {
      "_template": "respAircraftInAir",
      "respawnbaseType": "aircraft_assault",
      "transform": [
        [0.45188,0.0,-0.892079],
        [0.0,1.0,0.0],
        [0.892079,0.0,0.45188],
        [-635.832,800.0,1596.27]
      ],
      "team": 1,
      "maxVehicleOnSpawn": 1,
      "respTime": 120
    }
  },
  {
    "entity": {
      "_template": "respAircraftInAir",
      "respawnbaseType": "aircraft_fighter",
      "transform": [
        [0.45188,0.0,-0.892079],
        [0.0,1.0,0.0],
        [0.892079,0.0,0.45188],
        [-517.024,1000.0,1688.8]
      ],
      "team": 1,
      "maxVehicleOnSpawn": 1,
      "respTime": 120
    }
  },
  {
    "entity": {
      "_template": "respAircraftInAir",
      "respawnbaseType": "aircraft_assault",
      "transform": [
        [0.45188,0.0,-0.892079],
        [0.0,1.0,0.0],
        [0.892079,0.0,0.45188],
        [-474.784,800.0,1674.26]
      ],
      "team": 1,
      "maxVehicleOnSpawn": 1,
      "respTime": 120
    }
  },
  {
    "entity": {
      "_template": "resupply_in_air_zone",
      "transform": [
        [-0.999999,0.0,-0.000445871],
        [0.0,1.0,0.0],
        [0.000445871,0.0,-0.999999],
        [1930.38,357.099,2389.42]
      ],
      "resupply_zone__team": 1,
      "sphere_zone__radius": 500.0
    }
  },
  {
    "entity": {
      "_template": "respAircraftInAir",
      "respawnbaseType": "aircraft_fighter",
      "transform": [
        [-0.454893,0.0,0.890547],
        [0.0,1.0,0.0],
        [-0.890547,0.0,-0.454893],
        [1427.25,1023.92,-2469.19]
      ],
      "team": 2,
      "maxVehicleOnSpawn": 1,
      "respTime": 120
    }
  },
  {
    "entity": {
      "_template": "respAircraftInAir",
      "respawnbaseType": "aircraft_assault",
      "transform": [
        [-0.539605,0.0,0.841919],
        [0.0,1.0,0.0],
        [-0.841919,0.0,-0.539605],
        [1271.97,823.92,-2554.61]
      ],
      "team": 2,
      "maxVehicleOnSpawn": 1,
      "respTime": 120
    }
  },
  {
    "entity": {
      "_template": "respAircraftInAir",
      "respawnbaseType": "aircraft_fighter",
      "transform": [
        [-0.493052,0.0,0.870001],
        [0.0,1.0,0.0],
        [-0.870001,0.0,-0.493052],
        [1286.55,1023.92,-2538.0]
      ],
      "team": 2,
      "maxVehicleOnSpawn": 1,
      "respTime": 120
    }
  },
  {
    "entity": {
      "_template": "respAircraftInAir",
      "respawnbaseType": "aircraft_assault",
      "transform": [
        [-0.484346,0.0,0.874877],
        [0.0,1.0,0.0],
        [-0.874877,0.0,-0.484346],
        [1427.25,823.92,-2469.19]
      ],
      "team": 2,
      "maxVehicleOnSpawn": 1,
      "respTime": 120
    }
  },
  {
    "entity": {
      "_template": "resupply_in_air_zone",
      "transform": [
        [0.327869,0.0,-0.944724],
        [0.0,1.0,0.0],
        [0.944724,0.0,0.327869],
        [-1252.31,427.417,-2434.39]
      ],
      "resupply_zone__team": 2,
      "sphere_zone__radius": 500.0
    }
  },
  {
    "entity": {
      "_template": "respawnBaseWithGroupOnCapturePoint",
      "transform": [
        [-0.964865,0.0,0.262743],
        [0.0,1.0,0.0],
        [-0.262743,0.0,-0.964865],
        [532.743,4.72422,-247.749]
      ],
      "groupName": "sector_1",
      "respawnBaseGroup": 3,
      "active": false
    }
  },
  {
    "entity": {
      "_template": "respawnBaseWithGroupOnCapturePoint",
      "transform": [
        [0.708309,0.0,0.705902],
        [0.0,1.0,0.0],
        [-0.705902,0.0,0.708309],
        [484.284,6.33155,-245.093]
      ],
      "groupName": "sector_1",
      "respawnBaseGroup": 3,
      "active": false
    }
  },
  {
    "entity": {
      "_template": "respawnBaseWithGroupOnCapturePoint",
      "transform": [
        [0.921773,0.0,0.387728],
        [0.0,1.0,0.0],
        [-0.387728,0.0,0.921773],
        [466.668,4.72422,-355.81]
      ],
      "groupName": "sector_2",
      "respawnBaseGroup": 4,
      "active": false
    }
  },
  {
    "entity": {
      "_template": "respawnBaseWithGroupOnCapturePoint",
      "transform": [
        [0.317458,0.0,0.948272],
        [0.0,1.0,0.0],
        [-0.948272,0.0,0.317458],
        [487.033,4.22525,-368.989]
      ],
      "groupName": "sector_2",
      "respawnBaseGroup": 4,
      "active": false
    }
  },
  {
    "entity": {
      "_template": "respawnBaseWithGroupOnCapturePoint",
      "transform": [
        [0.687184,0.0,0.726482],
        [0.0,1.0,0.0],
        [-0.726482,0.0,0.687184],
        [546.502,4.63491,-531.35]
      ],
      "groupName": "sector_3",
      "respawnBaseGroup": 5,
      "active": false
    }
  },
  {
    "entity": {
      "_template": "respawnBaseWithGroupOnCapturePoint",
      "transform": [
        [0.945888,0.0,0.324491],
        [0.0,1.0,0.0],
        [-0.324491,0.0,0.945888],
        [547.545,4.63491,-533.866]
      ],
      "groupName": "sector_3",
      "respawnBaseGroup": 5,
      "active": false
    }
  },
  {
    "entity": {
      "_template": "respawnBaseWithGroupOnCapturePoint",
      "transform": [
        [0.0492253,0.0,0.998787],
        [0.0,1.0,0.0],
        [-0.998787,0.0,0.0492253],
        [548.557,5.7943,-626.535]
      ],
      "groupName": "sector_4",
      "respawnBaseGroup": 6,
      "active": false
    }
  },
  {
    "entity": {
      "_template": "respawnBaseWithGroupOnCapturePoint",
      "transform": [
        [0.811875,0.0,0.58383],
        [0.0,1.0,0.0],
        [-0.58383,0.0,0.811875],
        [517.015,5.7943,-610.141]
      ],
      "groupName": "sector_4",
      "respawnBaseGroup": 6,
      "active": false
    }
  },
  {
    "entity": {
      "_template": "respawnBaseWithGroupOnCapturePoint",
      "transform": [
        [0.999973,0.0,0.00731644],
        [0.0,1.0,0.0],
        [-0.00731644,0.0,0.999973],
        [373.127,6.70891,-622.831]
      ],
      "groupName": "sector_5",
      "respawnBaseGroup": 7,
      "active": false
    }
  },
  {
    "entity": {
      "_template": "respawnBaseWithGroupOnCapturePoint",
      "transform": [
        [0.950574,0.0,0.310497],
        [0.0,1.0,0.0],
        [-0.310497,0.0,0.950574],
        [375.444,6.70891,-638.732]
      ],
      "groupName": "sector_5",
      "respawnBaseGroup": 7,
      "active": false
    }
  },
  {
    "entity": {
      "_template": "respawnChooser+respTeam2",
      "transform": [
        [0.412286,0.0,-0.911054],
        [0.0,1.0,0.0],
        [0.911054,0.0,0.412286],
        [430.811,3.68069,-150.88]
      ],
      "groupName": "sector_1",
      "respawnBaseGroup": 1,
      "team": 1,
      "active": false
    }
  },
  {
    "entity": {
      "_template": "respawnChooser+respTeam2",
      "transform": [
        [0.196506,0.0,0.980502],
        [0.0,1.0,0.0],
        [-0.980502,0.0,0.196506],
        [504.707,4.40684,-342.892]
      ],
      "groupName": "sector_1",
      "respawnBaseGroup": 2,
      "active": false
    }
  },
  {
    "entity": {
      "_template": "respawnChooser+respVehicle",
      "transform": [
        [0.80263,0.0,-0.596475],
        [0.0,1.0,0.0],
        [0.596475,0.0,0.80263],
        [432.316,4.5416,-85.1807]
      ],
      "team": 1,
      "maxVehicleOnSpawn": 2,
      "respTime": 150,
      "respawnBaseGroup": 1,
      "active": false,
      "groupName": "sector_1"
    }
  },
  {
    "entity": {
      "_template": "respawnChooser+respVehicle",
      "transform": [
        [0.559651,0.0,0.828726],
        [0.0,1.0,0.0],
        [-0.828726,0.0,0.559651],
        [537.346,4.52955,-371.67]
      ],
      "team": 2,
      "maxVehicleOnSpawn": 2,
      "respTime": 150,
      "respawnBaseGroup": 1,
      "active": false,
      "groupName": "sector_1"
    }
  },
  {
    "entity": {
      "_template": "respawnChooser+respTeam2",
      "transform": [
        [-0.572365,0.0,0.819999],
        [0.0,1.0,0.0],
        [-0.819999,0.0,-0.572365],
        [556.822,4.70117,-331.642]
      ],
      "groupName": "sector_1",
      "active": false
    }
  },
  {
    "entity": {
      "_template": "respawnChooser+respTeam2",
      "transform": [
        [-0.985144,0.0,0.171728],
        [0.0,1.0,0.0],
        [-0.171728,0.0,-0.985144],
        [560.629,4.82998,-310.717]
      ],
      "groupName": "sector_1",
      "active": false
    }
  },
  {
    "entity": {
      "_template": "respawnChooser+respTeam1",
      "transform": [
        [0.597492,0.0,-0.801874],
        [0.0,1.0,0.0],
        [0.801874,0.0,0.597492],
        [444.372,6.06076,-119.333]
      ],
      "groupName": "sector_1",
      "active": false
    }
  },
  {
    "entity": {
      "_template": "respawnChooser+respTeam1",
      "transform": [
        [0.0321789,0.0,-0.999482],
        [0.0,1.0,0.0],
        [0.999482,0.0,0.0321789],
        [487.634,3.83938,-129.702]
      ],
      "groupName": "sector_1",
      "active": false,
      "respawnBaseGroup": 2
    }
  },
  {
    "entity": {
      "_template": "respawnChooser+respTeam1",
      "transform": [
        [0.219581,0.0,-0.975595],
        [0.0,1.0,0.0],
        [0.975595,0.0,0.219581],
        [533.084,3.39418,-131.559]
      ],
      "groupName": "sector_1",
      "respawnBaseGroup": 2,
      "active": false
    }
  },
  {
    "entity": {
      "_template": "respawnChooser+respTeam2",
      "transform": [
        [0.0675373,0.0,0.997717],
        [0.0,1.0,0.0],
        [-0.997717,0.0,0.0675373],
        [491.165,3.99371,-338.636]
      ],
      "groupName": "sector_1",
      "respawnBaseGroup": 2,
      "active": false
    }
  },
  {
    "entity": {
      "_template": "respawnChooser+respTeam2",
      "transform": [
        [-0.992161,0.0,-0.124969],
        [0.0,1.0,0.0],
        [0.124969,0.0,-0.992161],
        [586.151,3.83324,-402.708]
      ],
      "groupName": "sector_2",
      "active": false
    }
  },
  {
    "entity": {
      "_template": "respawnChooser+respTeam2",
      "transform": [
        [0.117531,0.0,0.993069],
        [0.0,1.0,0.0],
        [-0.993069,0.0,0.117531],
        [538.901,3.79998,-411.061]
      ],
      "groupName": "sector_2",
      "active": false,
      "respawnBaseGroup": 2
    }
  },
  {
    "entity": {
      "_template": "respawnChooser+respTeam2",
      "transform": [
        [0.153161,0.0,0.988201],
        [0.0,1.0,0.0],
        [-0.988201,0.0,0.153161],
        [500.686,3.26537,-428.865]
      ],
      "groupName": "sector_2",
      "respawnBaseGroup": 2,
      "active": false
    }
  },
  {
    "entity": {
      "_template": "respawnChooser+respTeam1",
      "transform": [
        [-0.02331,0.0,-0.999728],
        [0.0,1.0,0.0],
        [0.999728,0.0,-0.02331],
        [533.787,7.24227,-195.469]
      ],
      "groupName": "sector_2",
      "active": false
    }
  },
  {
    "entity": {
      "_template": "respawnChooser+respTeam1",
      "transform": [
        [0.00627779,0.0,-0.99998],
        [0.0,1.0,0.0],
        [0.99998,0.0,0.00627779],
        [585.006,4.04549,-243.527]
      ],
      "groupName": "sector_2",
      "active": false
    }
  },
  {
    "entity": {
      "_template": "respawnChooser+respTeam1",
      "transform": [
        [0.261807,0.0,-0.96512],
        [0.0,1.0,0.0],
        [0.96512,0.0,0.261807],
        [480.732,6.11857,-235.268]
      ],
      "groupName": "sector_2",
      "respawnBaseGroup": 2,
      "active": false
    }
  },
  {
    "entity": {
      "_template": "respawnChooser+respTeam1",
      "transform": [
        [0.332362,0.0,-0.943152],
        [0.0,1.0,0.0],
        [0.943152,0.0,0.332362],
        [471.851,6.42664,-238.94]
      ],
      "groupName": "sector_2",
      "respawnBaseGroup": 2,
      "active": false
    }
  },
  {
    "entity": {
      "_template": "respawnChooser+respVehicle",
      "transform": [
        [0.195629,0.0,-0.980678],
        [0.0,1.0,0.0],
        [0.980678,0.0,0.195629],
        [488.778,3.28289,-208.179]
      ],
      "groupName": "sector_2",
      "respTime": 150,
      "maxVehicleOnSpawn": 2,
      "team": 1,
      "active": false
    }
  },
  {
    "entity": {
      "_template": "respawnChooser+respVehicle",
      "transform": [
        [0.062049,0.0,0.998073],
        [0.0,1.0,0.0],
        [-0.998073,0.0,0.062049],
        [588.189,3.78547,-502.109]
      ],
      "groupName": "sector_2",
      "respTime": 150,
      "maxVehicleOnSpawn": 2,
      "team": 2,
      "active": false
    }
  },
  {
    "entity": {
      "_template": "respawnChooser+respTeam1",
      "transform": [
        [0.196886,0.0,-0.980427],
        [0.0,1.0,0.0],
        [0.980427,0.0,0.196886],
        [595.592,4.29468,-343.365]
      ],
      "groupName": "sector_3",
      "active": false
    }
  },
  {
    "entity": {
      "_template": "respawnChooser+respTeam1",
      "transform": [
        [-0.382601,0.0,-0.923913],
        [0.0,1.0,0.0],
        [0.923913,0.0,-0.382601],
        [561.257,4.07049,-347.723]
      ],
      "groupName": "sector_3",
      "active": false
    }
  },
  {
    "entity": {
      "_template": "respawnChooser+respTeam1",
      "transform": [
        [0.766294,0.0,-0.64249],
        [0.0,1.0,0.0],
        [0.64249,0.0,0.766294],
        [477.813,4.69378,-350.01]
      ],
      "groupName": "sector_3",
      "respawnBaseGroup": 2,
      "active": false
    }
  },
  {
    "entity": {
      "_template": "respawnChooser+respTeam1",
      "transform": [
        [-0.271261,0.0,-0.962506],
        [0.0,1.0,0.0],
        [0.962506,0.0,-0.271261],
        [507.695,3.62118,-341.04]
      ],
      "groupName": "sector_3",
      "respawnBaseGroup": 2,
      "active": false
    }
  },
  {
    "entity": {
      "_template": "respawnChooser+respTeam2",
      "transform": [
        [0.842198,0.0,0.539168],
        [0.0,1.0,0.0],
        [-0.539168,0.0,0.842198],
        [541.504,3.48444,-597.792]
      ],
      "groupName": "sector_3",
      "respawnBaseGroup": 2,
      "active": false
    }
  },
  {
    "entity": {
      "_template": "respawnChooser+respTeam2",
      "transform": [
        [0.680076,0.0,0.733142],
        [0.0,1.0,0.0],
        [-0.733142,0.0,0.680076],
        [553.428,3.90728,-601.012]
      ],
      "groupName": "sector_3",
      "respawnBaseGroup": 2,
      "active": false
    }
  },
  {
    "entity": {
      "_template": "respawnChooser+respVehicle",
      "transform": [
        [0.95719,0.0,0.289458],
        [0.0,1.0,0.0],
        [-0.289458,0.0,0.95719],
        [601.547,3.875,-646.346]
      ],
      "groupName": "sector_3",
      "respTime": 150,
      "maxVehicleOnSpawn": 2,
      "team": 2,
      "active": false
    }
  },
  {
    "entity": {
      "_template": "respawnChooser+respVehicle",
      "transform": [
        [0.617994,0.0,-0.786183],
        [0.0,1.0,0.0],
        [0.786183,0.0,0.617994],
        [541.903,3.28525,-368.173]
      ],
      "groupName": "sector_3",
      "respTime": 150,
      "maxVehicleOnSpawn": 2,
      "team": 1,
      "active": false
    }
  },
  {
    "entity": {
      "_template": "respawnChooser+respTeam1",
      "transform": [
        [0.841657,0.0,-0.540015],
        [0.0,1.0,0.0],
        [0.540015,0.0,0.841657],
        [564.292,4.29468,-297.633]
      ],
      "groupName": "sector_3_b",
      "active": false
    }
  },
  {
    "entity": {
      "_template": "respawnChooser+respTeam1",
      "transform": [
        [-0.159744,0.0,-0.987158],
        [0.0,1.0,0.0],
        [0.987158,0.0,-0.159744],
        [559.595,4.07049,-310.118]
      ],
      "groupName": "sector_3_b",
      "active": false
    }
  },
  {
    "entity": {
      "_template": "respawnChooser+respTeam1",
      "transform": [
        [0.90429,0.0,-0.426919],
        [0.0,1.0,0.0],
        [0.426919,0.0,0.90429],
        [478.78,4.69378,-349.478]
      ],
      "groupName": "sector_3_b",
      "respawnBaseGroup": 2,
      "active": false
    }
  },
  {
    "entity": {
      "_template": "respawnChooser+respTeam1",
      "transform": [
        [0.611787,0.0,-0.791023],
        [0.0,1.0,0.0],
        [0.791023,0.0,0.611787],
        [507.241,3.62118,-340.979]
      ],
      "groupName": "sector_3_b",
      "respawnBaseGroup": 2,
      "active": false
    }
  },
  {
    "entity": {
      "_template": "respawnChooser+respTeam2",
      "transform": [
        [0.765922,0.0,0.642933],
        [0.0,1.0,0.0],
        [-0.642933,0.0,0.765922],
        [543.533,3.48444,-595.671]
      ],
      "groupName": "sector_3_b",
      "respawnBaseGroup": 2,
      "active": false
    }
  },
  {
    "entity": {
      "_template": "respawnChooser+respTeam2",
      "transform": [
        [0.680076,0.0,0.733142],
        [0.0,1.0,0.0],
        [-0.733142,0.0,0.680076],
        [557.083,3.90728,-600.941]
      ],
      "groupName": "sector_3_b",
      "respawnBaseGroup": 2,
      "active": false
    }
  },
  {
    "entity": {
      "_template": "respawnChooser+respVehicle",
      "transform": [
        [0.95719,0.0,0.289458],
        [0.0,1.0,0.0],
        [-0.289458,0.0,0.95719],
        [601.547,3.875,-646.346]
      ],
      "groupName": "sector_3_b",
      "respTime": 150,
      "maxVehicleOnSpawn": 2,
      "team": 2,
      "active": false
    }
  },
  {
    "entity": {
      "_template": "respawnChooser+respVehicle",
      "transform": [
        [0.474523,0.0,-0.880243],
        [0.0,1.0,0.0],
        [0.880243,0.0,0.474523],
        [513.042,3.28525,-262.605]
      ],
      "groupName": "sector_3_b",
      "respTime": 150,
      "maxVehicleOnSpawn": 2,
      "team": 1,
      "active": false
    }
  },
  {
    "entity": {
      "_template": "respawnChooser+respTeam1",
      "transform": [
        [0.348266,0.0,-0.937396],
        [0.0,1.0,0.0],
        [0.937396,0.0,0.348266],
        [548.577,4.03177,-529.833]
      ],
      "groupName": "sector_4",
      "active": false
    }
  },
  {
    "entity": {
      "_template": "respawnChooser+respTeam1",
      "transform": [
        [0.155102,0.0,-0.987898],
        [0.0,1.0,0.0],
        [0.987898,0.0,0.155102],
        [570.826,3.68911,-514.238]
      ],
      "groupName": "sector_4",
      "active": false
    }
  },
  {
    "entity": {
      "_template": "respawnChooser+respTeam1",
      "transform": [
        [0.758857,0.0,-0.651258],
        [0.0,1.0,0.0],
        [0.651258,0.0,0.758857],
        [576.51,4.44206,-513.9]
      ],
      "groupName": "sector_4",
      "respawnBaseGroup": 1,
      "active": false
    }
  },
  {
    "entity": {
      "_template": "respawnChooser+respVehicle",
      "transform": [
        [0.424529,0.0,-0.905415],
        [0.0,1.0,0.0],
        [0.905415,0.0,0.424529],
        [575.468,3.74479,-453.14]
      ],
      "groupName": "sector_4",
      "respTime": 150,
      "maxVehicleOnSpawn": 2,
      "team": 1,
      "active": false
    }
  },
  {
    "entity": {
      "_template": "respawnChooser+respTeam2",
      "transform": [
        [0.605185,0.0,0.796086],
        [0.0,1.0,0.0],
        [-0.796086,0.0,0.605185],
        [502.474,5.61888,-635.665]
      ],
      "groupName": "sector_4",
      "active": false
    }
  },
  {
    "entity": {
      "_template": "respawnChooser+respTeam2",
      "transform": [
        [0.886278,0.0,0.463151],
        [0.0,1.0,0.0],
        [-0.463151,0.0,0.886278],
        [463.713,6.71689,-606.315]
      ],
      "groupName": "sector_4",
      "respawnBaseGroup": 2,
      "active": false
    }
  },
  {
    "entity": {
      "_template": "respawnChooser+respTeam2",
      "transform": [
        [0.804912,0.0,0.593395],
        [0.0,1.0,0.0],
        [-0.593395,0.0,0.804912],
        [455.788,7.07515,-626.939]
      ],
      "groupName": "sector_4",
      "respawnBaseGroup": 2,
      "active": false
    }
  },
  {
    "entity": {
      "_template": "respawnChooser+respVehicle",
      "transform": [
        [0.622545,0.0,-0.782584],
        [0.0,1.0,0.0],
        [0.782584,0.0,0.622545],
        [444.22,3.9539,-656.661]
      ],
      "groupName": "sector_4",
      "respTime": 150,
      "maxVehicleOnSpawn": 2,
      "team": 2,
      "active": false
    }
  },
  {
    "entity": {
      "_template": "respawnChooser+respTeam1",
      "transform": [
        [-0.86916,0.0,-0.494532],
        [0.0,1.0,0.0],
        [0.494532,0.0,-0.86916],
        [548.012,4.03177,-449.251]
      ],
      "groupName": "sector_4_b",
      "active": false
    }
  },
  {
    "entity": {
      "_template": "respawnChooser+respTeam1",
      "transform": [
        [-0.92381,0.0,-0.382851],
        [0.0,1.0,0.0],
        [0.382851,0.0,-0.92381],
        [556.936,4.26177,-454.419]
      ],
      "groupName": "sector_4_b",
      "respawnBaseGroup": 1,
      "active": false
    }
  },
  {
    "entity": {
      "_template": "respawnChooser+respVehicle",
      "transform": [
        [0.424529,0.0,-0.905415],
        [0.0,1.0,0.0],
        [0.905415,0.0,0.424529],
        [563.274,3.74479,-409.636]
      ],
      "groupName": "sector_4_b",
      "respTime": 150,
      "maxVehicleOnSpawn": 2,
      "team": 1,
      "active": false
    }
  },
  {
    "entity": {
      "_template": "respawnChooser+respTeam2",
      "transform": [
        [0.605185,0.0,0.796086],
        [0.0,1.0,0.0],
        [-0.796086,0.0,0.605185],
        [502.531,5.61888,-636.163]
      ],
      "groupName": "sector_4_b",
      "active": false
    }
  },
  {
    "entity": {
      "_template": "respawnChooser+respTeam2",
      "transform": [
        [0.886278,0.0,0.463151],
        [0.0,1.0,0.0],
        [-0.463151,0.0,0.886278],
        [464.33,6.71689,-606.356]
      ],
      "groupName": "sector_4_b",
      "respawnBaseGroup": 2,
      "active": false
    }
  },
  {
    "entity": {
      "_template": "respawnChooser+respTeam2",
      "transform": [
        [0.804912,0.0,0.593395],
        [0.0,1.0,0.0],
        [-0.593395,0.0,0.804912],
        [456.441,7.07515,-626.99]
      ],
      "groupName": "sector_4_b",
      "respawnBaseGroup": 2,
      "active": false
    }
  },
  {
    "entity": {
      "_template": "respawnChooser+respVehicle",
      "transform": [
        [0.622545,0.0,-0.782584],
        [0.0,1.0,0.0],
        [0.782584,0.0,0.622545],
        [446.414,3.9539,-659.179]
      ],
      "groupName": "sector_4_b",
      "respTime": 150,
      "maxVehicleOnSpawn": 2,
      "team": 2,
      "active": false
    }
  },
  {
    "entity": {
      "_template": "respawnChooser+respTeam1",
      "transform": [
        [-0.955331,0.0,-0.295539],
        [0.0,1.0,0.0],
        [0.295539,0.0,-0.955331],
        [538.996,6.56973,-582.137]
      ],
      "groupName": "sector_5",
      "active": false
    }
  },
  {
    "entity": {
      "_template": "respawnChooser+respTeam1",
      "transform": [
        [-0.962377,0.0,-0.271714],
        [0.0,1.0,0.0],
        [0.271714,0.0,-0.962377],
        [546.361,4.19436,-593.656]
      ],
      "groupName": "sector_5",
      "active": false
    }
  },
  {
    "entity": {
      "_template": "respawnChooser+respTeam1",
      "transform": [
        [-0.647602,0.0,-0.761979],
        [0.0,1.0,0.0],
        [0.761979,0.0,-0.647602],
        [551.448,6.62503,-618.337]
      ],
      "groupName": "sector_5",
      "respawnBaseGroup": 1,
      "active": false
    }
  },
  {
    "entity": {
      "_template": "respawnChooser+respTeam2",
      "transform": [
        [0.941894,0.0,-0.33591],
        [0.0,1.0,0.0],
        [0.33591,0.0,0.941894],
        [257.688,6.28794,-661.942]
      ],
      "respawnBaseGroup": 1,
      "groupName": "sector_5",
      "active": false
    }
  },
  {
    "entity": {
      "_template": "respawnChooser+respVehicle",
      "transform": [
        [0.575188,0.0,0.818022],
        [0.0,1.0,0.0],
        [-0.818022,0.0,0.575188],
        [196.528,4.11028,-507.03]
      ],
      "groupName": "sector_5",
      "respTime": 150,
      "maxVehicleOnSpawn": 2,
      "team": 2,
      "active": false
    }
  },
  {
    "entity": {
      "_template": "respawnChooser+respVehicle",
      "transform": [
        [-0.967907,0.0,-0.251308],
        [0.0,1.0,0.0],
        [0.251308,0.0,-0.967907],
        [523.984,3.27861,-454.981]
      ],
      "groupName": "sector_5",
      "respTime": 150,
      "maxVehicleOnSpawn": 2,
      "team": 1,
      "active": false
    }
  },
  {
    "entity": {
      "_template": "poly_battle_area",
      "transform": [
        [1.0,0.0,0.0],
        [0.0,1.0,0.0],
        [0.0,0.0,1.0],
        [481.98,3.29619,-171.484]
      ],
      "battleAreaId": "1_area1",
      "battle_area__team": 1,
      "groupName": "sector_1",
      "active": false
    }
  },
  {
    "entity": {
      "_template": "battle_area_polygon_point",
      "transform": [
        [1.0,0.0,0.0],
        [0.0,1.0,0.0],
        [0.0,0.0,1.0],
        [548.916,3.27128,-34.8485]
      ],
      "battle_area_polygon_point__forBattleAreaId": "1_area1",
      "battle_area_polygon_point__id": "point1",
      "battle_area_polygon_point__nextId": "point2"
    }
  },
  {
    "entity": {
      "_template": "battle_area_polygon_point",
      "transform": [
        [1.0,0.0,0.0],
        [0.0,1.0,0.0],
        [0.0,0.0,1.0],
        [331.942,3.28004,-57.3986]
      ],
      "battle_area_polygon_point__forBattleAreaId": "1_area1",
      "battle_area_polygon_point__id": "point2",
      "battle_area_polygon_point__nextId": "point3"
    }
  },
  {
    "entity": {
      "_template": "battle_area_polygon_point",
      "transform": [
        [1.0,0.0,0.0],
        [0.0,1.0,0.0],
        [0.0,0.0,1.0],
        [408.623,3.26768,-337.074]
      ],
      "battle_area_polygon_point__forBattleAreaId": "1_area1",
      "battle_area_polygon_point__id": "point3",
      "battle_area_polygon_point__nextId": "point4"
    }
  },
  {
    "entity": {
      "_template": "battle_area_polygon_point",
      "transform": [
        [1.0,0.0,0.0],
        [0.0,1.0,0.0],
        [0.0,0.0,1.0],
        [614.513,3.89556,-265.14]
      ],
      "battle_area_polygon_point__forBattleAreaId": "1_area1",
      "battle_area_polygon_point__id": "point4",
      "battle_area_polygon_point__nextId": "point1"
    }
  },
  {
    "entity": {
      "_template": "poly_battle_area",
      "transform": [
        [1.0,0.0,0.0],
        [0.0,1.0,0.0],
        [0.0,0.0,1.0],
        [533.406,3.27861,-338.128]
      ],
      "battleAreaId": "1_area2",
      "battle_area__team": 2,
      "groupName": "sector_1",
      "active": false
    }
  },
  {
    "entity": {
      "_template": "battle_area_polygon_point",
      "transform": [
        [1.0,0.0,0.0],
        [0.0,1.0,0.0],
        [0.0,0.0,1.0],
        [434.584,-0.415502,-419.02]
      ],
      "battle_area_polygon_point__forBattleAreaId": "1_area2",
      "battle_area_polygon_point__id": "point1",
      "battle_area_polygon_point__nextId": "point2"
    }
  },
  {
    "entity": {
      "_template": "battle_area_polygon_point",
      "transform": [
        [1.0,0.0,0.0],
        [0.0,1.0,0.0],
        [0.0,0.0,1.0],
        [637.292,3.28474,-348.772]
      ],
      "battle_area_polygon_point__forBattleAreaId": "1_area2",
      "battle_area_polygon_point__id": "point2",
      "battle_area_polygon_point__nextId": "point3"
    }
  },
  {
    "entity": {
      "_template": "battle_area_polygon_point",
      "transform": [
        [1.0,0.0,0.0],
        [0.0,1.0,0.0],
        [0.0,0.0,1.0],
        [596.405,3.35971,-200.897]
      ],
      "battle_area_polygon_point__forBattleAreaId": "1_area2",
      "battle_area_polygon_point__id": "point3",
      "battle_area_polygon_point__nextId": "point4"
    }
  },
  {
    "entity": {
      "_template": "battle_area_polygon_point",
      "transform": [
        [1.0,0.0,0.0],
        [0.0,1.0,0.0],
        [0.0,0.0,1.0],
        [540.373,2.38938,-198.031]
      ],
      "battle_area_polygon_point__forBattleAreaId": "1_area2",
      "battle_area_polygon_point__id": "point4",
      "battle_area_polygon_point__nextId": "point5"
    }
  },
  {
    "entity": {
      "_template": "battle_area_polygon_point",
      "transform": [
        [1.0,0.0,0.0],
        [0.0,1.0,0.0],
        [0.0,0.0,1.0],
        [502.022,3.26458,-186.084]
      ],
      "battle_area_polygon_point__forBattleAreaId": "1_area2",
      "battle_area_polygon_point__id": "point5",
      "battle_area_polygon_point__nextId": "point6"
    }
  },
  {
    "entity": {
      "_template": "battle_area_polygon_point",
      "transform": [
        [1.0,0.0,0.0],
        [0.0,1.0,0.0],
        [0.0,0.0,1.0],
        [440.501,7.49071,-209.369]
      ],
      "battle_area_polygon_point__forBattleAreaId": "1_area2",
      "battle_area_polygon_point__id": "point6",
      "battle_area_polygon_point__nextId": "point7"
    }
  },
  {
    "entity": {
      "_template": "battle_area_polygon_point",
      "transform": [
        [1.0,0.0,0.0],
        [0.0,1.0,0.0],
        [0.0,0.0,1.0],
        [386.387,3.32245,-253.424]
      ],
      "battle_area_polygon_point__forBattleAreaId": "1_area2",
      "battle_area_polygon_point__id": "point7",
      "battle_area_polygon_point__nextId": "point1"
    }
  },
  {
    "entity": {
