[
  {
    "import": [
      {
        "scene": "content/enlisted/gamedata/scenes/_berlin_opera_gpu_objects.blk"
      },
      {
        "scene": "content/enlisted/gamedata/scenes/_berlin_opera_biom_fx.blk"
      },
      {
        "scene": "content/enlisted/gamedata/scenes/_berlin_opera_background_fx.blk"
      },
      {
        "scene": "content/enlisted/gamedata/scenes/_berlin_opera_projectors.blk"
      },
      {
        "scene": "content/enlisted/gamedata/scenes/_berlin_opera_tracers.blk"
      }
    ]
  },
  {
    "import": {
      "scene": "content/enlisted/gamedata/scenes/_berlin_opera_level.blk"
    }
  },
  {
    "entity": {
      "_template": "enemy_attack_marker"
    }
  },
  {
    "entity": {
      "_template": "static_cam",
      "camera__active": true,
      "transform": [
        [-0.980548,0.0,-0.19628],
        [-0.00216131,0.999939,0.0107971],
        [0.196268,0.0110112,-0.980487],
        [-411.103,13.4505,625.634]
      ]
    }
  },
  {
    "entity": {
      "_template": "group_activator",
      "activator__activateChoice:object": {
        "sector_1": 1.0
      }
    }
  },
  {
    "entity": {
      "_template": "briefing_invasion",
      "mission_name": "berlin_opera_inv",
      "loading_images:list<t>": [
        {
          "item": "ui/berlin_opera_inv_01.jpg"
        },
        {
          "item": "ui/berlin_opera_inv_02.jpg"
        },
        {
          "item": "ui/berlin_opera_inv_03.jpg"
        }
      ]
    }
  },
  {
    "entity": {
      "_template": "team_germany_berlin+team_narrator_invasion_attack+respawn_creators_team",
      "team__memberCount": 0.0,
      "team__scoreCap": 2000.0,
      "team__score": 2000.0,
      "team__squadSpawnCost": 250,
      "team__firstSpawnCostMul": 0.0,
      "team__zeroScoreFailTimer": 60.0,
      "team__id": 2,
      "team__briefing": "invasion/attackers_goals",
      "team__winSubtitle": "debriefing/won_invasion_subtitle",
      "team__loseSubtitle": "debriefing/lost_invasion_subtitle",
      "team__winTitle": "debriefing/ger_won_invasion",
      "team__spawnBotArmy": "moscow_allies"
    }
  },
  {
    "entity": {
      "_template": "team_ussr_berlin+team_narrator_invasion_defence+respawn_creators_team",
      "team__countAdd": 0.5,
      "team__memberCount": 0.5,
      "team__scoreCap": 5000.0,
      "team__capturePenalty": 1001.0,
      "team__score": 5000.0,
      "team__id": 1,
      "team__briefing": "invasion/defenders_goals",
      "team__winSubtitle": "debriefing/won_defence_subtitle",
      "team__loseSubtitle": "debriefing/lost_defence_subtitle",
      "team__winTitle": "debriefing/ussr_won_defence",
      "team__spawnBotArmy": "moscow_axis"
    }
  },
  {
    "entity": {
      "_template": "defend_zone_chained_sphere+defend_zone_respawnbase",
      "transform": [
        [2.70655,0.0,0.0],
        [0.0,2.42812,0.0],
        [0.0,0.0,2.04384],
        [-454.234,6.14622,140.341]
      ],
      "capzone__onlyTeamCanCapture": 2,
      "capzone__curTeamCapturingZone": -1,
      "groupName": "sector_1",
      "capzone__capTime": 70.0,
      "capzone__capTeam": -1,
      "active": false,
      "capzone__decapTime": 6000.0,
      "ui_order": 4,
      "capzone__capReward": 250.0,
      "capzone__icon": "AAA",
      "capzone__caption": "capzone/opera_restaurant",
      "capzone__deactivateAfterTimeout": 25.0,
      "capzone__spawnAtZoneTimeout": 25.0,
      "capzone__createRespawnBaseForTeam": 1,
      "capzone__createRespawnBase": "respawnBaseGroupActivator",
      "capzone__createdRespawnBaseGroup": 3,
      "decal__height": 0.5,
      "capzone__iconOffsetY": 1.5,
      "capzone__activateChoice:object": {
        "sector_2_a": 1.0,
        "sector_2_b": 0.0
      }
    }
  },
  {
    "entity": {
      "_template": "defend_zone_chained_box+defend_zone_respawnbase",
      "transform": [
        [23.6852,0.0,-0.650528],
        [0.0,9.50833,0.0],
        [-0.416845,0.0,30.2882],
        [-395.434,4.48852,192.782]
      ],
      "capzone__capRewardPartCap": 1.5,
      "capzone__onlyTeamCanCapture": 2,
      "capzone__curTeamCapturingZone": -1,
      "groupName": "sector_2_a",
      "capzone__capTime": 75.0,
      "capzone__capTeam": -1,
      "active": false,
      "capzone__decapTime": 6000.0,
      "ui_order": 3,
      "capzone__capReward": 250.0,
      "capzone__icon": "AAA",
      "capzone__caption": "capzone/main_hall",
      "capzone__deactivateAfterTimeout": 25.0,
      "capzone__spawnAtZoneTimeout": 25.0,
      "capzone__createRespawnBaseForTeam": 1,
      "decal__height": 4.0,
      "capzone__createRespawnBase": "respawnBaseGroupActivator",
      "capzone__createdRespawnBaseGroup": 4,
      "capzone__activateChoice:object": {
        "sector_3_a": 1.0,
        "sector_3_b": 0.0
      }
    }
  },
  {
    "entity": {
      "_template": "defend_zone_chained_sphere+defend_zone_respawnbase",
      "transform": [
        [1.38873,0.0,-0.0141412],
        [0.0,1.03658,0.0],
        [0.00018669,0.0,1.11258],
        [-436.368,5.96825,192.688]
      ],
      "capzone__capRewardPartCap": 1.375,
      "capzone__onlyTeamCanCapture": 2,
      "capzone__curTeamCapturingZone": -1,
      "groupName": "sector_2_b",
      "capzone__capTime": 75.0,
      "capzone__capTeam": -1,
      "active": false,
      "capzone__decapTime": 6000.0,
      "ui_order": 2,
      "capzone__capReward": 250.0,
      "capzone__icon": "AAA",
      "capzone__caption": "capzone/conference_hall",
      "capzone__deactivateAfterTimeout": 25.0,
      "capzone__spawnAtZoneTimeout": 25.0,
      "capzone__createRespawnBaseForTeam": 1,
      "decal__height": 0.1,
      "capzone__createRespawnBase": "respawnBaseGroupActivator",
      "capzone__createdRespawnBaseGroup": 5,
      "sphere_zone__radius": 10.7,
      "capzone__iconOffsetY": 1.2,
      "capzone__activateChoice:object": {
        "sector_3_a": 1.0,
        "sector_3_b": 0.0
      }
    }
  },
  {
    "entity": {
      "_template": "defend_zone_chained_sphere+defend_zone_respawnbase",
      "transform": [
        [1.27385,0.0,0.0],
        [0.0,1.27385,0.0],
        [0.0,0.0,1.27385],
        [-373.939,3.30225,316.849]
      ],
      "capzone__capRewardPartCap": 1.375,
      "capzone__onlyTeamCanCapture": 2,
      "capzone__curTeamCapturingZone": -1,
      "groupName": "sector_3_a",
      "capzone__capTime": 55.0,
      "capzone__capTeam": -1,
      "active": false,
      "capzone__decapTime": 6000.0,
      "ui_order": 2,
      "capzone__capReward": 250.0,
      "capzone__icon": "AAA",
      "capzone__caption": "capzone/artillery_emplacement",
      "capzone__deactivateAfterTimeout": 25.0,
      "capzone__spawnAtZoneTimeout": 25.0,
      "capzone__createRespawnBaseForTeam": 1,
      "decal__height": 0.3,
      "capzone__createRespawnBase": "respawnBaseGroupActivator",
      "capzone__createdRespawnBaseGroup": 6,
      "sphere_zone__radius": 10.7,
      "capzone__iconOffsetY": 1.7,
      "capzone__activateChoice:object": {
        "sector_4": 1.0
      }
    }
  },
  {
    "entity": {
      "_template": "defend_zone_chained_sphere+defend_zone_respawnbase",
      "transform": [
        [1.27385,0.0,0.0],
        [0.0,1.27385,0.0],
        [0.0,0.0,1.27385],
        [-307.193,3.19395,287.217]
      ],
      "capzone__capRewardPartCap": 1.375,
      "capzone__onlyTeamCanCapture": 2,
      "capzone__curTeamCapturingZone": -1,
      "groupName": "sector_3_b",
      "capzone__capTime": 55.0,
      "capzone__capTeam": -1,
      "active": false,
      "capzone__decapTime": 6000.0,
      "ui_order": 2,
      "capzone__capReward": 250.0,
      "capzone__icon": "AAA",
      "capzone__caption": "capzone/artillery_emplacement",
      "capzone__deactivateAfterTimeout": 25.0,
      "capzone__spawnAtZoneTimeout": 25.0,
      "capzone__createRespawnBaseForTeam": 1,
      "decal__height": 0.3,
      "capzone__createRespawnBase": "respawnBaseGroupActivator",
      "capzone__createdRespawnBaseGroup": 7,
      "sphere_zone__radius": 11.2,
      "capzone__iconOffsetY": 1.7,
      "capzone__activateChoice:object": {
        "sector_4": 1.0
      }
    }
  },
  {
    "entity": {
      "_template": "defend_zone_chained_box+defend_zone_respawnbase",
      "transform": [
        [35.4462,0.0,-0.999877],
        [0.0,11.1732,0.0],
        [0.986714,0.0,35.52],
        [-311.066,8.55304,398.957]
      ],
      "capzone__capRewardPartCap": 1.25,
      "capzone__onlyTeamCanCapture": 2,
      "capzone__curTeamCapturingZone": -1,
      "groupName": "sector_4",
      "capzone__capTime": 40.0,
      "capzone__capTeam": -1,
      "active": false,
      "capzone__decapTime": 6000.0,
      "ui_order": 1,
      "capzone__capReward": 250.0,
      "capzone__icon": "AAA",
      "capzone__caption": "capzone/ministry",
      "capzone__deactivateAfterTimeout": 25.0,
      "capzone__spawnAtZoneTimeout": 25.0,
      "capzone__createRespawnBaseForTeam": 1,
      "decal__height": 1.0,
      "capzone__createRespawnBase": "respawnBaseGroupActivator",
      "capzone__createdRespawnBaseGroup": 8,
      "capzone__activateChoice:object": {
        "sector_5": 1.0
      }
    }
  },
  {
    "entity": {
      "_template": "defend_zone_chained_box+defend_zone_respawnbase",
      "transform": [
        [42.376,0.0,-34.4335],
        [0.0,7.76617,0.0],
        [12.3776,0.0,15.2915],
        [-393.03,6.68079,558.383]
      ],
      "capzone__capRewardPartCap": 1.125,
      "capzone__onlyTeamCanCapture": 2,
      "capzone__curTeamCapturingZone": -1,
      "groupName": "sector_5",
      "capzone__capTime": 40.0,
      "capzone__capTeam": -1,
      "active": false,
      "capzone__decapTime": 6000.0,
      "ui_order": 0,
      "capzone__capReward": 250.0,
      "capzone__icon": "AAA",
      "capzone__caption": "capzone/moltke_bridge",
      "capzone__deactivateAfterTimeout": 25.0,
      "capzone__spawnAtZoneTimeout": 25.0,
      "capzone__createRespawnBaseForTeam": 1,
      "capzone__createRespawnBase": "respawnBaseGroupActivator",
      "capzone__createdRespawnBaseGroup": 9,
      "decal__height": 1.0
    }
  },
  {
    "entity": {
      "_template": "respawnBaseWithGroupOnCapturePoint",
      "transform": [
        [-0.76378,0.0,0.645475],
        [0.0,1.0,0.0],
        [-0.645475,0.0,-0.76378],
        [-383.727,4.47012,557.875]
      ],
      "groupName": "sector_5",
      "active": false,
      "respawnBaseGroup": 9,
      "team": 1
    }
  },
  {
    "entity": {
      "_template": "respawnBaseWithGroupOnCapturePoint",
      "transform": [
        [-0.858461,0.0,0.512876],
        [0.0,1.0,0.0],
        [-0.512876,0.0,-0.858461],
        [-387.803,4.3137,553.209]
      ],
      "groupName": "sector_5",
      "active": false,
      "respawnBaseGroup": 9,
      "team": 1
    }
  },
  {
    "entity": {
      "_template": "respawnBaseWithGroupOnCapturePoint",
      "transform": [
        [-0.622267,0.0,0.782805],
        [0.0,1.0,0.0],
        [-0.782805,0.0,-0.622267],
        [-313.937,4.92325,407.879]
      ],
      "groupName": "sector_4",
      "active": false,
      "respawnBaseGroup": 8,
      "team": 1
    }
  },
  {
    "entity": {
      "_template": "respawnBaseWithGroupOnCapturePoint",
      "transform": [
        [0.324012,0.0,0.946053],
        [0.0,1.0,0.0],
        [-0.946053,0.0,0.324012],
        [-307.584,4.90353,407.701]
      ],
      "groupName": "sector_4",
      "active": false,
      "respawnBaseGroup": 8,
      "team": 1
    }
  },
  {
    "entity": {
      "_template": "respawnBaseWithGroupOnCapturePoint",
      "transform": [
        [-0.231589,0.0,0.972814],
        [0.0,1.0,0.0],
        [-0.972814,0.0,-0.231589],
        [-381.77,3.80316,302.012]
      ],
      "groupName": "sector_3_a",
      "active": false,
      "respawnBaseGroup": 6,
      "team": 1
    }
  },
  {
    "entity": {
      "_template": "respawnBaseWithGroupOnCapturePoint",
      "transform": [
        [0.905629,0.0,0.424071],
        [0.0,1.0,0.0],
        [-0.424071,0.0,0.905629],
        [-377.869,3.80316,301.889]
      ],
      "groupName": "sector_3_a",
      "active": false,
      "respawnBaseGroup": 6,
      "team": 1
    }
  },
  {
    "entity": {
      "_template": "respawnBaseWithGroupOnCapturePoint",
      "transform": [
        [0.762813,0.0,0.64662],
        [0.0,1.0,0.0],
        [-0.64662,0.0,0.762813],
        [-350.364,3.9403,273.444]
      ],
      "active": false,
      "groupName": "sector_3_b",
      "respawnBaseGroup": 7,
      "team": 1
    }
  },
  {
    "entity": {
      "_template": "respawnBaseWithGroupOnCapturePoint",
      "transform": [
        [-0.0459873,0.0,0.998942],
        [0.0,1.0,0.0],
        [-0.998942,0.0,-0.0459873],
        [-292.222,4.21797,236.032]
      ],
      "active": false,
      "groupName": "sector_3_b",
      "respawnBaseGroup": 7,
      "team": 1
    }
  },
  {
    "entity": {
      "_template": "respawnBaseWithGroupOnCapturePoint",
      "transform": [
        [-0.184738,0.0,0.982788],
        [0.0,1.0,0.0],
        [-0.982788,0.0,-0.184738],
        [-388.122,6.81186,184.311]
      ],
      "groupName": "sector_2_a",
      "active": false,
      "respawnBaseGroup": 4,
      "team": 1
    }
  },
  {
    "entity": {
      "_template": "respawnBaseWithGroupOnCapturePoint",
      "transform": [
        [0.0671276,0.0,0.997745],
        [0.0,1.0,0.0],
        [-0.997745,0.0,0.0671276],
        [-391.205,3.34308,183.366]
      ],
      "groupName": "sector_2_a",
      "active": false,
      "respawnBaseGroup": 4,
      "team": 1
    }
  },
  {
    "entity": {
      "_template": "respawnBaseWithGroupOnCapturePoint",
      "transform": [
        [-1.23042e-05,0.0,1.0],
        [0.0,1.0,0.0],
        [-1.0,0.0,-1.23042e-05],
        [-405.671,3.34308,189.867]
      ],
      "groupName": "sector_2_a",
      "active": false,
      "respawnBaseGroup": 4,
      "team": 1
    }
  },
  {
    "entity": {
      "_template": "respawnBaseWithGroupOnCapturePoint",
      "transform": [
        [0.0114849,0.0,0.999934],
        [0.0,1.0,0.0],
        [-0.999934,0.0,0.0114849],
        [-412.082,6.97553,185.26]
      ],
      "groupName": "sector_2_a",
      "active": false,
      "respawnBaseGroup": 4,
      "team": 1
    }
  },
  {
    "entity": {
      "_template": "respawnBaseWithGroupOnCapturePoint",
      "transform": [
        [-0.92733,0.0,0.374244],
        [0.0,1.0,0.0],
        [-0.374244,0.0,-0.92733],
        [-428.318,5.71318,192.457]
      ],
      "active": false,
      "groupName": "sector_2_b",
      "respawnBaseGroup": 5,
      "team": 1
    }
  },
  {
    "entity": {
      "_template": "respawnBaseWithGroupOnCapturePoint",
      "transform": [
        [-0.847693,0.0,0.530488],
        [0.0,1.0,0.0],
        [-0.530488,0.0,-0.847693],
        [-428.511,2.68129,208.902]
      ],
      "active": false,
      "groupName": "sector_2_b",
      "respawnBaseGroup": 5,
      "team": 1
    }
  },
  {
    "entity": {
      "_template": "respawnBaseWithGroupOnCapturePoint",
      "transform": [
        [-0.546801,0.0,0.837261],
        [0.0,1.0,0.0],
        [-0.837261,0.0,-0.546801],
        [-419.552,11.7969,200.842]
      ],
      "active": false,
      "groupName": "sector_2_b",
      "respawnBaseGroup": 5,
      "team": 1
    }
  },
  {
    "entity": {
      "_template": "respawnBaseWithGroupOnCapturePoint",
      "transform": [
        [0.991972,0.0,0.126455],
        [0.0,1.0,0.0],
        [-0.126455,0.0,0.991972],
        [-471.214,10.8629,129.756]
      ],
      "groupName": "sector_1",
      "active": false,
      "respawnBaseGroup": 3,
      "team": 1
    }
  },
  {
    "entity": {
      "_template": "respawnBaseWithGroupOnCapturePoint",
      "transform": [
        [0.991005,0.0,-0.133821],
        [0.0,1.0,0.0],
        [0.133821,0.0,0.991005],
        [-467.769,6.62693,140.556]
      ],
      "groupName": "sector_1",
      "active": false,
      "respawnBaseGroup": 3,
      "team": 1
    }
  },
  {
    "entity": {
      "_template": "respawnBaseWithGroupOnCapturePoint",
      "transform": [
        [0.969028,0.0,0.246949],
        [0.0,1.0,0.0],
        [-0.246949,0.0,0.969028],
        [-468.442,7.36798,152.727]
      ],
      "groupName": "sector_1",
      "active": false,
      "respawnBaseGroup": 3,
      "team": 1
    }
  },
  {
    "entity": {
      "_template": "respawnChooser+respTeam1",
      "transform": [
        [0.985002,0.0,-0.172539],
        [0.0,1.0,0.0],
        [0.172539,0.0,0.985002],
        [-477.911,3.68965,653.843]
      ],
      "groupName": "sector_5",
      "active": false
    }
  },
  {
    "entity": {
      "_template": "respawnChooser+respTeam1",
      "transform": [
        [0.615917,0.0,-0.78781],
        [0.0,1.0,0.0],
        [0.78781,0.0,0.615917],
        [-463.596,3.75292,671.366]
      ],
      "groupName": "sector_5",
      "active": false
    }
  },
  {
    "entity": {
      "_template": "respawnChooser+respTeam2",
      "transform": [
        [-0.315845,0.0,0.94881],
        [0.0,1.0,0.0],
        [-0.94881,0.0,-0.315845],
        [-336.868,4.03478,467.997]
      ],
      "groupName": "sector_5",
      "active": false
    }
  },
  {
    "entity": {
      "_template": "respawnChooser+respTeam1",
      "transform": [
        [0.0632875,0.0,-0.997995],
        [0.0,1.0,0.0],
        [0.997995,0.0,0.0632875],
        [-465.83,3.87158,671.294]
      ],
      "groupName": "sector_5",
      "active": false
    }
  },
  {
    "entity": {
      "_template": "respawnChooser+respTeam2",
      "transform": [
        [0.0896433,0.0,0.995973],
        [0.0,1.0,0.0],
        [-0.995973,0.0,0.0896433],
        [-321.442,6.58665,475.859]
      ],
      "groupName": "sector_5",
      "active": false
    }
  },
  {
    "entity": {
      "_template": "respawnChooser+respTeam2",
      "transform": [
        [-0.315845,0.0,0.94881],
        [0.0,1.0,0.0],
        [-0.94881,0.0,-0.315845],
        [-348.742,6.72815,469.429]
      ],
      "groupName": "sector_5",
      "active": false
    }
  },
  {
    "entity": {
      "_template": "respawnChooser+respTeam2",
      "transform": [
        [-0.76378,0.0,0.645475],
        [0.0,1.0,0.0],
        [-0.645475,0.0,-0.76378],
        [-286.362,4.47012,531.397]
      ],
      "groupName": "sector_5",
      "active": false,
      "respawnBaseGroup": 2
    }
  },
  {
    "entity": {
      "_template": "respawnChooser+respTeam1",
      "transform": [
        [0.782285,0.0,-0.62292],
        [0.0,1.0,0.0],
        [0.62292,0.0,0.782285],
        [-515.074,4.09077,603.841]
      ],
      "groupName": "sector_5",
      "active": false,
      "respawnBaseGroup": 2
    }
  },
  {
    "entity": {
      "_template": "respawnChooser+respTeam1",
      "transform": [
        [0.955826,0.0,0.29393],
        [0.0,1.0,0.0],
        [-0.29393,0.0,0.955826],
        [-514.187,3.80126,606.375]
      ],
      "groupName": "sector_5",
      "active": false,
      "respawnBaseGroup": 2
    }
  },
  {
    "entity": {
      "_template": "respawnChooser+respTeam2",
      "transform": [
        [-0.762732,0.0,0.646713],
        [0.0,1.0,0.0],
        [-0.646713,0.0,-0.762732],
        [-281.463,5.4126,547.824]
      ],
      "groupName": "sector_5",
      "active": false,
      "respawnBaseGroup": 2
    }
  },
  {
    "entity": {
      "_template": "respawnChooser+respTeam2",
      "transform": [
        [-0.845484,0.0,0.534001],
        [0.0,1.0,0.0],
        [-0.534001,0.0,-0.845484],
        [-302.732,4.89043,500.172]
      ],
      "groupName": "sector_5",
      "active": false,
      "respawnBaseGroup": 2
    }
  },
  {
    "entity": {
      "_template": "respawnChooser+respVehicle",
      "respTime": 150,
      "groupName": "sector_5",
      "team": 1,
      "maxVehicleOnSpawn": 2,
      "transform": [
        [0.993455,0.0,-0.114224],
        [0.0,1.0,0.0],
        [0.114224,0.0,0.993455],
        [-553.568,5.60089,633.077]
      ],
      "active": false,
      "respawnBaseGroup": 1
    }
  },
  {
    "entity": {
      "_template": "respawnChooser+respVehicle",
      "transform": [
        [0.0637128,0.0,0.997968],
        [0.0,1.0,0.0],
        [-0.997968,0.0,0.0637128],
        [-368.19,3.70131,376.215]
      ],
      "groupName": "sector_5",
      "team": 2,
      "respTime": 150,
      "maxVehicleOnSpawn": 2,
      "active": false,
      "respawnBaseGroup": 1
    }
  },
  {
    "entity": {
      "_template": "respawnChooser+respTeam2",
      "transform": [
        [0.199395,0.0,0.979919],
        [0.0,1.0,0.0],
        [-0.979919,0.0,0.199395],
        [-352.028,3.83325,270.035]
      ],
      "groupName": "sector_4",
      "respawnBaseGroup": 2,
      "active": false
    }
  },
  {
    "entity": {
      "_template": "respawnChooser+respTeam1",
      "transform": [
        [0.916227,0.0,0.400659],
        [0.0,1.0,0.0],
        [-0.400659,0.0,0.916227],
        [-363.933,-0.73781,540.504]
      ],
      "active": false,
      "groupName": "sector_4"
    }
  },
  {
    "entity": {
      "_template": "respawnChooser+respTeam1",
      "transform": [
        [0.719028,0.0,-0.694981],
        [0.0,1.0,0.0],
        [0.694981,0.0,0.719028],
        [-361.061,-1.05207,550.325]
      ],
      "active": false,
      "groupName": "sector_4"
    }
  },
  {
    "entity": {
      "_template": "respawnChooser+respTeam1",
      "transform": [
        [-0.0488141,0.0,-0.998808],
        [0.0,1.0,0.0],
        [0.998808,0.0,-0.0488141],
        [-370.591,-0.798269,533.19]
      ],
      "groupName": "sector_4",
      "active": false,
      "respawnBaseGroup": 1
    }
  },
  {
    "entity": {
      "_template": "respawnChooser+respTeam2",
      "transform": [
        [0.0722822,0.0,0.997384],
        [0.0,1.0,0.0],
        [-0.997384,0.0,0.0722822],
        [-390.021,4.04785,273.928]
      ],
      "groupName": "sector_4",
      "active": false,
      "respawnBaseGroup": 2
    }
  },
  {
    "entity": {
      "_template": "respawnChooser+respTeam2",
      "transform": [
        [0.859313,0.0,0.511448],
        [0.0,1.0,0.0],
        [-0.511448,0.0,0.859313],
        [-414.192,3.49341,301.672]
      ],
      "active": false,
      "groupName": "sector_4"
    }
  },
  {
    "entity": {
      "_template": "respawnChooser+respTeam2",
      "transform": [
        [0.830055,0.0,0.557681],
        [0.0,1.0,0.0],
        [-0.557681,0.0,0.830055],
        [-416.146,3.52798,304.573]
      ],
      "active": false,
      "groupName": "sector_4"
    }
  },
  {
    "entity": {
      "_template": "respawnChooser+respTeam2",
      "transform": [
        [0.783291,0.0,0.621655],
        [0.0,1.0,0.0],
        [-0.621655,0.0,0.783291],
        [-348.961,3.83325,268.147]
      ],
      "active": false,
      "groupName": "sector_4",
      "respawnBaseGroup": 2
    }
  },
  {
    "entity": {
      "_template": "respawnChooser+respVehicle",
      "transform": [
        [-0.567514,0.0,-0.823364],
        [0.0,1.0,0.0],
        [0.823364,0.0,-0.567514],
        [-316.082,4.0385,584.982]
      ],
      "groupName": "sector_4",
      "team": 1,
      "respTime": 150,
      "maxVehicleOnSpawn": 2,
      "active": false,
      "respawnBaseGroup": 1
    }
  },
  {
    "entity": {
      "_template": "respawnChooser+respVehicle",
      "transform": [
        [0.871076,0.0,0.491148],
        [0.0,1.0,0.0],
        [-0.491148,0.0,0.871076],
        [-455.89,3.59543,297.311]
      ],
      "groupName": "sector_4",
      "team": 2,
      "respTime": 150,
      "maxVehicleOnSpawn": 2,
      "active": false,
      "respawnBaseGroup": 1
    }
  },
  {
    "entity": {
      "_template": "respawnChooser+respTeam1",
      "transform": [
        [-0.549926,0.0,-0.835213],
        [0.0,1.0,0.0],
        [0.835213,0.0,-0.549926],
        [-315.559,5.25936,396.293]
      ],
      "active": false,
      "groupName": "sector_3_a"
    }
  },
  {
    "entity": {
      "_template": "respawnChooser+respTeam1",
      "transform": [
        [-0.303633,0.0,-0.952789],
        [0.0,1.0,0.0],
        [0.952789,0.0,-0.303633],
        [-299.074,5.1158,390.522]
      ],
      "active": false,
      "groupName": "sector_3_a"
    }
  },
  {
    "entity": {
      "_template": "respawnChooser+respTeam1",
      "transform": [
        [-0.838511,0.0,-0.544884],
        [0.0,1.0,0.0],
        [0.544884,0.0,-0.838511],
        [-324.343,5.25936,400.299]
      ],
      "active": false,
      "groupName": "sector_3_a",
      "team": 1
    }
  },
  {
    "entity": {
      "_template": "respawnChooser+respTeam1",
      "transform": [
        [-0.726505,0.0,-0.687162],
        [0.0,1.0,0.0],
        [0.687162,0.0,-0.726505],
        [-306.408,5.00063,388.69]
      ],
      "active": false,
      "groupName": "sector_3_a"
    }
  },
  {
    "entity": {
      "_template": "respawnChooser+respTeam2",
      "transform": [
        [0.360104,0.0,0.932912],
        [0.0,1.0,0.0],
        [-0.932912,0.0,0.360104],
        [-385.335,6.38631,212.641]
      ],
      "active": false,
      "groupName": "sector_3_a"
    }
  },
  {
    "entity": {
      "_template": "respawnChooser+respTeam2",
      "transform": [
        [-0.60149,0.0,0.79888],
        [0.0,1.0,0.0],
        [-0.79888,0.0,-0.60149],
        [-406.483,3.47241,229.212]
      ],
      "active": false,
      "groupName": "sector_3_a"
    }
  },
  {
    "entity": {
      "_template": "respawnChooser+respTeam2",
      "transform": [
        [0.194856,0.0,0.980832],
        [0.0,1.0,0.0],
        [-0.980832,0.0,0.194856],
        [-394.834,3.80316,218.021]
      ],
      "active": false,
      "groupName": "sector_3_a"
    }
  },
  {
    "entity": {
      "_template": "respawnChooser+respTeam2",
      "transform": [
        [0.132068,0.0,0.991241],
        [0.0,1.0,0.0],
        [-0.991241,0.0,0.132068],
        [-348.934,3.90173,218.515]
      ],
      "active": false,
      "groupName": "sector_3_a",
      "respawnBaseGroup": 2
    }
  },
  {
    "entity": {
      "_template": "respawnChooser+respTeam2",
      "transform": [
        [-0.225559,0.0,0.97423],
        [0.0,1.0,0.0],
        [-0.97423,0.0,-0.225559],
        [-344.869,3.90917,217.593]
      ],
      "active": false,
      "groupName": "sector_3_a",
      "respawnBaseGroup": 2
    }
  },
  {
    "entity": {
      "_template": "respawnChooser+respVehicle",
      "transform": [
        [0.438661,0.0,-0.898653],
        [0.0,1.0,0.0],
        [0.898653,0.0,0.438661],
        [-397.777,3.9821,469.738]
      ],
      "groupName": "sector_3_a",
      "team": 1,
      "respTime": 150,
      "maxVehicleOnSpawn": 2,
      "active": false,
      "respawnBaseGroup": 1
    }
  },
  {
    "entity": {
      "_template": "respawnChooser+respVehicle",
      "transform": [
        [0.405031,0.0,0.914302],
        [0.0,1.0,0.0],
        [-0.914302,0.0,0.405031],
        [-488.526,4.63066,159.61]
      ],
      "groupName": "sector_3_a",
      "team": 2,
      "respTime": 150,
      "maxVehicleOnSpawn": 2,
      "active": false,
      "respawnBaseGroup": 1
    }
  },
  {
    "entity": {
      "_template": "respawnChooser+respTeam1",
      "transform": [
        [-0.549926,0.0,-0.835213],
        [0.0,1.0,0.0],
        [0.835213,0.0,-0.549926],
        [-315.339,5.25936,396.424]
      ],
      "active": false,
      "groupName": "sector_3_b"
    }
  },
  {
    "entity": {
      "_template": "respawnChooser+respTeam1",
      "transform": [
        [-0.303633,0.0,-0.952789],
        [0.0,1.0,0.0],
        [0.952789,0.0,-0.303633],
        [-299.144,5.1158,390.23]
      ],
      "active": false,
      "groupName": "sector_3_b"
    }
  },
  {
    "entity": {
      "_template": "respawnChooser+respTeam1",
      "transform": [
        [-0.838511,0.0,-0.544884],
        [0.0,1.0,0.0],
        [0.544884,0.0,-0.838511],
        [-324.166,5.25936,400.157]
      ],
      "active": false,
      "groupName": "sector_3_b",
      "team": 1
    }
  },
  {
    "entity": {
      "_template": "respawnChooser+respTeam1",
      "transform": [
        [-0.684143,0.0,-0.729348],
        [0.0,1.0,0.0],
        [0.729348,0.0,-0.684143],
        [-307.7,5.28725,389.47]
      ],
      "active": false,
      "groupName": "sector_3_b"
    }
  },
  {
    "entity": {
      "_template": "respawnChooser+respTeam2",
      "transform": [
        [0.360104,0.0,0.932912],
        [0.0,1.0,0.0],
        [-0.932912,0.0,0.360104],
        [-385.29,6.38631,212.285]
      ],
      "active": false,
      "groupName": "sector_3_b"
    }
  },
  {
    "entity": {
      "_template": "respawnChooser+respTeam2",
      "transform": [
        [0.993047,0.0,0.117722],
        [0.0,1.0,0.0],
        [-0.117722,0.0,0.993047],
        [-386.972,3.31189,211.743]
      ],
      "active": false,
      "groupName": "sector_3_b"
    }
  },
  {
    "entity": {
      "_template": "respawnChooser+respTeam2",
      "transform": [
        [0.8886,0.0,0.458684],
        [0.0,1.0,0.0],
        [-0.458684,0.0,0.8886],
        [-344.616,3.90173,196.2]
      ],
      "active": false,
      "groupName": "sector_3_b",
      "respawnBaseGroup": 2
    }
  },
  {
    "entity": {
      "_template": "respawnChooser+respTeam2",
      "transform": [
        [0.969811,0.0,0.24386],
        [0.0,1.0,0.0],
        [-0.24386,0.0,0.969811],
        [-341.926,3.90917,190.274]
      ],
      "active": false,
      "groupName": "sector_3_b",
      "respawnBaseGroup": 2
    }
  },
  {
    "entity": {
      "_template": "respawnChooser+respVehicle",
      "transform": [
        [0.438661,0.0,-0.898653],
        [0.0,1.0,0.0],
        [0.898653,0.0,0.438661],
        [-397.777,3.9821,469.738]
      ],
      "groupName": "sector_3_b",
      "team": 1,
      "respTime": 150,
      "maxVehicleOnSpawn": 2,
      "active": false,
      "respawnBaseGroup": 1
    }
  },
  {
    "entity": {
      "_template": "respawnChooser+respVehicle",
      "transform": [
        [0.405031,0.0,0.914302],
        [0.0,1.0,0.0],
        [-0.914302,0.0,0.405031],
        [-488.701,4.63066,159.196]
      ],
      "groupName": "sector_3_b",
      "team": 2,
      "respTime": 150,
      "maxVehicleOnSpawn": 2,
      "active": false,
      "respawnBaseGroup": 1
    }
  },
  {
    "entity": {
      "_template": "respawnChooser+respTeam1",
      "transform": [
        [-0.192499,0.0,-0.981297],
        [0.0,1.0,0.0],
        [0.981297,0.0,-0.192499],
        [-350.97,3.68446,294.329]
      ],
      "active": false,
      "groupName": "sector_2_a"
    }
  },
  {
    "entity": {
      "_template": "respawnChooser+respTeam1",
      "transform": [
        [-0.228482,0.0,-0.973548],
        [0.0,1.0,0.0],
        [0.973548,0.0,-0.228482],
        [-347.105,3.73373,293.372]
      ],
      "active": false,
      "groupName": "sector_2_a",
      "respawnBaseGroup": 1
    }
  },
  {
    "entity": [
      {
        "_template": "respawnChooser+respTeam2"
      },
      {
        "transform": [
          [0.479715,0.0,0.877423],
          [0.0,1.0,0.0],
          [-0.877423,0.0,0.479715],
          [-382.374,4.15978,75.0624]
        ]
      },
      {
        "active": false
      },
      {
        "active": false
      },
      {
        "groupName": "sector_2_a"
      }
    ]
  },
  {
    "entity": {
      "_template": "respawnChooser+respTeam2",
      "transform": [
        [0.15063,0.0,0.988591],
        [0.0,1.0,0.0],
        [-0.988591,0.0,0.15063],
        [-474.159,3.54446,93.6834]
      ],
      "active": false,
      "groupName": "sector_2_a",
      "respawnBaseGroup": 2
    }
  },
  {
    "entity": {
      "_template": "respawnChooser+respTeam2",
      "transform": [
        [-0.611731,0.0,0.791066],
        [0.0,1.0,0.0],
        [-0.791066,0.0,-0.611731],
        [-386.085,4.15978,73.7753]
      ],
      "active": false,
      "groupName": "sector_2_a"
    }
  },
  {
    "entity": {
      "_template": "respawnChooser+respTeam2",
      "transform": [
        [-0.00646096,0.0,0.999979],
        [0.0,1.0,0.0],
        [-0.999979,0.0,-0.00646096],
        [-455.643,3.66196,89.1451]
      ],
      "active": false,
      "groupName": "sector_2_a",
      "respawnBaseGroup": 2
    }
  },
  {
    "entity": {
      "_template": "respawnChooser+respVehicle",
      "transform": [
        [-0.0299858,0.0,-0.99955],
        [0.0,1.0,0.0],
        [0.99955,0.0,-0.0299858],
        [-369.458,4.13817,371.591]
      ],
      "groupName": "sector_2_a",
      "team": 1,
      "respTime": 150,
      "maxVehicleOnSpawn": 2,
      "active": false,
      "respawnBaseGroup": 1
    }
  },
  {
    "entity": {
      "_template": "respawnChooser+respVehicle",
      "transform": [
        [0.988303,0.0,-0.1525],
        [0.0,1.0,0.0],
        [0.1525,0.0,0.988303],
        [-567.498,3.70866,56.7392]
      ],
      "groupName": "sector_2_a",
      "team": 2,
      "respTime": 150,
      "maxVehicleOnSpawn": 2,
      "active": false,
      "respawnBaseGroup": 1
    }
  },
  {
    "entity": {
      "_template": "respawnChooser+respTeam1",
      "transform": [
        [-0.192499,0.0,-0.981297],
        [0.0,1.0,0.0],
        [0.981297,0.0,-0.192499],
        [-350.571,3.68446,292.636]
      ],
      "active": false,
      "groupName": "sector_2_b"
    }
  },
  {
    "entity": {
      "_template": "respawnChooser+respTeam1",
      "transform": [
        [-0.371622,0.0,-0.928384],
        [0.0,1.0,0.0],
        [0.928384,0.0,-0.371622],
        [-348.956,3.80638,308.742]
      ],
      "active": false,
      "groupName": "sector_2_b",
      "respawnBaseGroup": 1
    }
  },
  {
    "entity": {
      "_template": "respawnChooser+respTeam1",
      "transform": [
        [-0.428824,0.0,-0.903388],
        [0.0,1.0,0.0],
        [0.903388,0.0,-0.428824],
        [-347.655,3.73373,287.888]
      ],
      "active": false,
      "groupName": "sector_2_b",
      "respawnBaseGroup": 1
    }
  },
  {
    "entity": [
      {
        "_template": "respawnChooser+respTeam2"
      },
      {
        "transform": [
          [-0.395877,0.0,0.918302],
          [0.0,1.0,0.0],
          [-0.918302,0.0,-0.395877],
          [-421.157,4.00286,93.0344]
        ]
      },
      {
        "active": false
      },
      {
        "active": false
      },
      {
        "groupName": "sector_2_b"
      }
    ]
  },
  {
    "entity": {
      "_template": "respawnChooser+respTeam2",
      "transform": [
        [-0.0492865,0.0,0.998785],
        [0.0,1.0,0.0],
        [-0.998785,0.0,-0.0492865],
        [-455.518,4.70263,91.9884]
      ],
      "active": false,
      "groupName": "sector_2_b",
      "respawnBaseGroup": 2
    }
  },
  {
    "entity": {
      "_template": "respawnChooser+respTeam2",
      "transform": [
        [-0.514003,0.0,0.857789],
        [0.0,1.0,0.0],
        [-0.857789,0.0,-0.514003],
        [-412.15,4.00286,98.7554]
      ],
      "active": false,
      "groupName": "sector_2_b"
    }
  },
  {
    "entity": {
      "_template": "respawnChooser+respTeam2",
      "transform": [
        [0.182041,-0.0037246,0.983284],
        [-0.00703147,0.999962,0.00508956],
        [-0.983265,-0.00784043,0.182007],
        [-472.652,4.28941,96.8317]
      ],
      "active": false,
      "groupName": "sector_2_b",
      "respawnBaseGroup": 2
    }
  },
  {
    "entity": {
      "_template": "respawnChooser+respVehicle",
      "transform": [
        [-0.0299858,0.0,-0.99955],
        [0.0,1.0,0.0],
        [0.99955,0.0,-0.0299858],
        [-368.22,4.13817,370.46]
      ],
      "groupName": "sector_2_b",
      "team": 1,
      "respTime": 150,
      "maxVehicleOnSpawn": 2,
      "active": false,
      "respawnBaseGroup": 1
    }
  },
  {
    "entity": {
      "_template": "respawnChooser+respVehicle",
      "transform": [
        [0.94137,0.0,0.337374],
        [0.0,1.0,0.0],
        [-0.337374,0.0,0.94137],
        [-413.113,3.70866,38.7832]
      ],
      "groupName": "sector_2_b",
      "team": 2,
      "respTime": 150,
      "maxVehicleOnSpawn": 2,
      "active": false,
      "respawnBaseGroup": 1
    }
  },
  {
    "entity": {
      "_template": "respawnChooser+respTeam1",
      "transform": [
        [-0.0343329,0.0,-0.999411],
        [0.0,1.0,0.0],
        [0.999411,0.0,-0.0343329],
        [-433.037,3.60994,230.677]
      ],
      "respawnBaseGroup": 2,
      "groupName": "sector_1",
      "active": false
    }
  },
  {
    "entity": {
      "_template": "respawnChooser+respTeam1",
      "transform": [
        [-0.0297921,0.0,-0.999556],
        [0.0,1.0,0.0],
        [0.999556,0.0,-0.0297921],
        [-404.145,7.02261,212.903]
      ],
      "groupName": "sector_1",
      "active": false
    }
  },
  {
    "entity": {
      "_template": "respawnChooser+respTeam1",
      "transform": [
        [-0.411492,0.0,-0.911413],
        [0.0,1.0,0.0],
        [0.911413,0.0,-0.411492],
        [-394.243,4.03844,221.279]
      ],
      "active": false,
      "groupName": "sector_1"
    }
  },
  {
    "entity": {
      "_template": "respawnChooser+respTeam1",
      "transform": [
        [-0.499387,0.0,-0.866379],
        [0.0,1.0,0.0],
        [0.866379,0.0,-0.499387],
        [-384.43,6.68168,212.492]
      ],
      "active": false,
      "groupName": "sector_1"
    }
  },
  {
    "entity": {
      "_template": "respawnChooser+respTeam1",
      "transform": [
        [0.0188914,0.0,-0.999822],
        [0.0,1.0,0.0],
        [0.999822,0.0,0.0188914],
        [-381.523,11.5909,211.721]
      ],
      "active": false,
      "groupName": "sector_1"
    }
  },
  {
    "entity": {
      "_template": "respawnChooser+respTeam1",
      "transform": [
        [0.00564028,0.0,-0.999985],
        [0.0,1.0,0.0],
        [0.999985,0.0,0.00564028],
        [-417.117,3.80897,230.181]
      ],
      "active": false,
      "groupName": "sector_1",
      "respawnBaseGroup": 2
    }
  },
  {
    "entity": {
      "_template": "respawnChooser+respTeam2",
      "transform": [
        [0.997473,0.0,0.0710444],
        [0.0,1.0,0.0],
        [-0.0710444,0.0,0.997473],
        [-608.145,6.64132,124.576]
      ],
      "active": false,
      "groupName": "sector_1",
      "respawnBaseGroup": 1,
      "team": 2
    }
  },
  {
    "entity": {
      "_template": "respawnChooser+respTeam2",
      "transform": [
        [0.359898,0.0,0.932993],
        [0.0,1.0,0.0],
        [-0.932993,0.0,0.359898],
        [-523.679,7.86665,-9.13018]
      ],
      "active": false,
      "groupName": "sector_1",
      "respawnBaseGroup": 2
    }
  },
  {
    "entity": {
      "_template": "respawnChooser+respVehicle",
      "transform": [
        [-0.868503,0.0,-0.495684],
        [0.0,1.0,0.0],
        [0.495684,0.0,-0.868503],
        [-394.066,3.29863,296.562]
      ],
      "groupName": "sector_1",
      "team": 1,
      "respTime": 150,
      "maxVehicleOnSpawn": 2,
      "active": false,
      "respawnBaseGroup": 1
    }
  },
  {
    "entity": {
      "_template": "respawnChooser+respVehicle",
      "transform": [
        [0.999059,0.0,-0.0433925],
        [0.0,1.0,0.0],
        [0.0433925,0.0,0.999059],
        [-667.236,3.65586,67.0188]
      ],
      "team": 2,
      "groupName": "sector_1",
      "respTime": 150,
      "maxVehicleOnSpawn": 2,
      "active": false,
      "respawnBaseGroup": 1
    }
  },
  {
    "entity": {
      "_template": "respawnChooser+respTeam2",
      "transform": [
        [0.357734,0.0,0.933824],
        [0.0,1.0,0.0],
        [-0.933824,0.0,0.357734],
        [-497.998,6.00093,-20.6028]
      ],
      "active": false,
      "groupName": "sector_1",
      "respawnBaseGroup": 2
    }
  },
  {
    "entity": {
      "_template": "respawnChooser+respTeam2",
      "transform": [
        [0.934488,0.0,-0.355996],
        [0.0,1.0,0.0],
        [0.355996,0.0,0.934488],
        [-609.259,6.75603,118.31]
      ],
      "active": false,
      "groupName": "sector_1",
      "respawnBaseGroup": 1
    }
  },
  {
    "entity": {
      "_template": "poly_battle_area",
      "transform": [
        [1.0,0.0,0.0],
        [0.0,1.0,0.0],
        [0.0,0.0,1.0],
        [-422.855,3.11635,587.561]
      ],
      "battleAreaId": "5_area1",
      "battle_area__team": 1,
