[
  {
    "import": {
      "scene": "content/enlisted/gamedata/scenes/_berlin_opera_gpu_objects.blk"
    }
  },
  {
    "import": {
      "scene": "content/enlisted/gamedata/scenes/_berlin_opera_biom_fx.blk"
    }
  },
  {
    "import": {
      "scene": "content/enlisted/gamedata/scenes/_berlin_opera_background_fx.blk"
    }
  },
  {
    "import": {
      "scene": "content/enlisted/gamedata/scenes/_berlin_opera_projectors.blk"
    }
  },
  {
    "import": {
      "scene": "content/enlisted/gamedata/scenes/_berlin_opera_tracers.blk"
    }
  },
  {
    "import": {
      "scene": "content/enlisted/gamedata/scenes/_berlin_opera_level.blk"
    }
  },
  {
    "entity": {
      "_template": "battle_area_polygon_point",
      "transform": [
        [1.0,0.0,0.0],
        [0.0,1.0,0.0],
        [0.0,0.0,1.0],
        [-360.825,3.29864,500.238]
      ],
      "battle_area_polygon_point__forBattleAreaId": "1_area1",
      "battle_area_polygon_point__id": "point1",
      "battle_area_polygon_point__nextId": "point2"
    }
  },
  {
    "entity": {
      "_template": "battle_area_polygon_point",
      "transform": [
        [1.0,0.0,0.0],
        [0.0,1.0,0.0],
        [0.0,0.0,1.0],
        [-463.947,3.05206,409.529]
      ],
      "battle_area_polygon_point__forBattleAreaId": "1_area1",
      "battle_area_polygon_point__id": "point2",
      "battle_area_polygon_point__nextId": "point3"
    }
  },
  {
    "entity": {
      "_template": "battle_area_polygon_point",
      "transform": [
        [1.0,0.0,0.0],
        [0.0,1.0,0.0],
        [0.0,0.0,1.0],
        [-554.939,3.05304,348.647]
      ],
      "battle_area_polygon_point__forBattleAreaId": "1_area1",
      "battle_area_polygon_point__id": "point3",
      "battle_area_polygon_point__nextId": "point4"
    }
  },
  {
    "entity": {
      "_template": "battle_area_polygon_point",
      "transform": [
        [1.0,0.0,0.0],
        [0.0,1.0,0.0],
        [0.0,0.0,1.0],
        [-636.88,3.05301,313.028]
      ],
      "battle_area_polygon_point__forBattleAreaId": "1_area1",
      "battle_area_polygon_point__id": "point4",
      "battle_area_polygon_point__nextId": "point5"
    }
  },
  {
    "entity": {
      "_template": "battle_area_polygon_point",
      "transform": [
        [1.0,0.0,0.0],
        [0.0,1.0,0.0],
        [0.0,0.0,1.0],
        [-587.349,3.29961,231.464]
      ],
      "battle_area_polygon_point__forBattleAreaId": "1_area1",
      "battle_area_polygon_point__id": "point5",
      "battle_area_polygon_point__nextId": "point6"
    }
  },
  {
    "entity": {
      "_template": "battle_area_polygon_point",
      "transform": [
        [1.0,0.0,0.0],
        [0.0,1.0,0.0],
        [0.0,0.0,1.0],
        [-670.819,3.64182,139.149]
      ],
      "battle_area_polygon_point__forBattleAreaId": "1_area1",
      "battle_area_polygon_point__id": "point6",
      "battle_area_polygon_point__nextId": "point7"
    }
  },
  {
    "entity": {
      "_template": "battle_area_polygon_point",
      "transform": [
        [1.0,0.0,0.0],
        [0.0,1.0,0.0],
        [0.0,0.0,1.0],
        [-746.634,3.30923,100.298]
      ],
      "battle_area_polygon_point__forBattleAreaId": "1_area1",
      "battle_area_polygon_point__id": "point7",
      "battle_area_polygon_point__nextId": "point8"
    }
  },
  {
    "entity": {
      "_template": "battle_area_polygon_point",
      "transform": [
        [1.0,0.0,0.0],
        [0.0,1.0,0.0],
        [0.0,0.0,1.0],
        [-750.673,3.30152,57.1163]
      ],
      "battle_area_polygon_point__forBattleAreaId": "1_area1",
      "battle_area_polygon_point__id": "point8",
      "battle_area_polygon_point__nextId": "point9"
    }
  },
  {
    "entity": {
      "_template": "battle_area_polygon_point",
      "transform": [
        [1.0,0.0,0.0],
        [0.0,1.0,0.0],
        [0.0,0.0,1.0],
        [-356.166,3.29863,27.5975]
      ],
      "battle_area_polygon_point__forBattleAreaId": "1_area1",
      "battle_area_polygon_point__id": "point9",
      "battle_area_polygon_point__nextId": "point1"
    }
  },
  {
    "entity": {
      "_template": "battle_area_polygon_point",
      "transform": [
        [1.0,0.0,0.0],
        [0.0,1.0,0.0],
        [0.0,0.0,1.0],
        [-511.059,3.29866,64.8686]
      ],
      "battle_area_polygon_point__forBattleAreaId": "1_area2",
      "battle_area_polygon_point__id": "point1",
      "battle_area_polygon_point__nextId": "point2"
    }
  },
  {
    "entity": {
      "_template": "battle_area_polygon_point",
      "transform": [
        [1.0,0.0,0.0],
        [0.0,1.0,0.0],
        [0.0,0.0,1.0],
        [-432.041,5.57796,-39.5249]
      ],
      "battle_area_polygon_point__forBattleAreaId": "1_area2",
      "battle_area_polygon_point__id": "point2",
      "battle_area_polygon_point__nextId": "point3"
    }
  },
  {
    "entity": {
      "_template": "battle_area_polygon_point",
      "transform": [
        [1.0,0.0,0.0],
        [0.0,1.0,0.0],
        [0.0,0.0,1.0],
        [-295.405,5.98925,-72.7953]
      ],
      "battle_area_polygon_point__forBattleAreaId": "1_area2",
      "battle_area_polygon_point__id": "point3",
      "battle_area_polygon_point__nextId": "point4"
    }
  },
  {
    "entity": {
      "_template": "battle_area_polygon_point",
      "transform": [
        [1.0,0.0,0.0],
        [0.0,1.0,0.0],
        [0.0,0.0,1.0],
        [-233.23,3.29863,114.682]
      ],
      "battle_area_polygon_point__forBattleAreaId": "1_area2",
      "battle_area_polygon_point__id": "point4",
      "battle_area_polygon_point__nextId": "point5"
    }
  },
  {
    "entity": {
      "_template": "battle_area_polygon_point",
      "transform": [
        [1.0,0.0,0.0],
        [0.0,1.0,0.0],
        [0.0,0.0,1.0],
        [-227.96,3.28635,436.126]
      ],
      "battle_area_polygon_point__forBattleAreaId": "1_area2",
      "battle_area_polygon_point__id": "point5",
      "battle_area_polygon_point__nextId": "point6"
    }
  },
  {
    "entity": {
      "_template": "battle_area_polygon_point",
      "transform": [
        [1.0,0.0,0.0],
        [0.0,1.0,0.0],
        [0.0,0.0,1.0],
        [-378.188,3.29916,433.698]
      ],
      "battle_area_polygon_point__forBattleAreaId": "1_area2",
      "battle_area_polygon_point__id": "point6",
      "battle_area_polygon_point__nextId": "point7"
    }
  },
  {
    "entity": {
      "_template": "battle_area_polygon_point",
      "transform": [
        [1.0,0.0,0.0],
        [0.0,1.0,0.0],
        [0.0,0.0,1.0],
        [-378.518,3.29889,316.153]
      ],
      "battle_area_polygon_point__forBattleAreaId": "1_area2",
      "battle_area_polygon_point__id": "point7",
      "battle_area_polygon_point__nextId": "point8"
    }
  },
  {
    "entity": {
      "_template": "battle_area_polygon_point",
      "transform": [
        [1.0,0.0,0.0],
        [0.0,1.0,0.0],
        [0.0,0.0,1.0],
        [-446.092,3.2996,271.047]
      ],
      "battle_area_polygon_point__forBattleAreaId": "1_area2",
      "battle_area_polygon_point__id": "point8",
      "battle_area_polygon_point__nextId": "point1"
    }
  },
  {
    "entity": {
      "_template": "battle_area_polygon_point",
      "transform": [
        [1.0,0.0,0.0],
        [0.0,1.0,0.0],
        [0.0,0.0,1.0],
        [-243.011,3.2982,341.12]
      ],
      "battle_area_polygon_point__forBattleAreaId": "2_area1",
      "battle_area_polygon_point__id": "point1",
      "battle_area_polygon_point__nextId": "point2"
    }
  },
  {
    "entity": {
      "_template": "battle_area_polygon_point",
      "transform": [
        [1.0,0.0,0.0],
        [0.0,1.0,0.0],
        [0.0,0.0,1.0],
        [-399.419,3.29863,348.153]
      ],
      "battle_area_polygon_point__forBattleAreaId": "2_area1",
      "battle_area_polygon_point__id": "point2",
      "battle_area_polygon_point__nextId": "point3"
    }
  },
  {
    "entity": {
      "_template": "battle_area_polygon_point",
      "transform": [
        [0.865953,0.0,0.500126],
        [0.0,1.0,-0.0],
        [-0.500126,0.0,0.865953],
        [-591.844,3.2996,236.556]
      ],
      "battle_area_polygon_point__forBattleAreaId": "2_area1",
      "battle_area_polygon_point__id": "point3",
      "battle_area_polygon_point__nextId": "point4"
    }
  },
  {
    "entity": {
      "_template": "battle_area_polygon_point",
      "transform": [
        [1.0,0.0,0.0],
        [0.0,1.0,0.0],
        [0.0,0.0,1.0],
        [-550.195,4.14484,156.488]
      ],
      "battle_area_polygon_point__forBattleAreaId": "2_area1",
      "battle_area_polygon_point__id": "point4",
      "battle_area_polygon_point__nextId": "point5"
    }
  },
  {
    "entity": {
      "_template": "battle_area_polygon_point",
      "transform": [
        [1.0,0.0,0.0],
        [0.0,1.0,0.0],
        [0.0,0.0,1.0],
        [-535.423,3.50977,40.5039]
      ],
      "battle_area_polygon_point__forBattleAreaId": "2_area1",
      "battle_area_polygon_point__id": "point5",
      "battle_area_polygon_point__nextId": "point6"
    }
  },
  {
    "entity": {
      "_template": "battle_area_polygon_point",
      "transform": [
        [0.998,0.0,-0.0632075],
        [0.0,1.0,0.0],
        [0.0632075,-0.0,0.998],
        [-251.156,3.29864,15.0815]
      ],
      "battle_area_polygon_point__forBattleAreaId": "2_area1",
      "battle_area_polygon_point__id": "point6",
      "battle_area_polygon_point__nextId": "point1"
    }
  },
  {
    "entity": {
      "_template": "battle_area_polygon_point",
      "transform": [
        [1.0,0.0,0.0],
        [0.0,1.0,0.0],
        [0.0,0.0,1.0],
        [-340.226,5.05303,337.461]
      ],
      "battle_area_polygon_point__forBattleAreaId": "2_area2",
      "battle_area_polygon_point__id": "point1",
      "battle_area_polygon_point__nextId": "point2"
    }
  },
  {
    "entity": {
      "_template": "battle_area_polygon_point",
      "transform": [
        [1.0,0.0,0.0],
        [0.0,1.0,0.0],
        [0.0,0.0,1.0],
        [-337.517,3.29862,29.102]
      ],
      "battle_area_polygon_point__forBattleAreaId": "2_area2",
      "battle_area_polygon_point__id": "point2",
      "battle_area_polygon_point__nextId": "point3"
    }
  },
  {
    "entity": {
      "_template": "battle_area_polygon_point",
      "transform": [
        [1.0,0.0,0.0],
        [0.0,1.0,0.0],
        [0.0,0.0,1.0],
        [-75.7074,3.32146,-0.798241]
      ],
      "battle_area_polygon_point__forBattleAreaId": "2_area2",
      "battle_area_polygon_point__id": "point3",
      "battle_area_polygon_point__nextId": "point4"
    }
  },
  {
    "entity": {
      "_template": "battle_area_polygon_point",
      "transform": [
        [1.0,0.0,0.0],
        [0.0,1.0,0.0],
        [0.0,0.0,1.0],
        [-62.0806,4.11505,324.404]
      ],
      "battle_area_polygon_point__forBattleAreaId": "2_area2",
      "battle_area_polygon_point__id": "point4",
      "battle_area_polygon_point__nextId": "point1"
    }
  },
  {
    "entity": {
      "_template": "battle_area_polygon_point",
      "transform": [
        [1.0,0.0,0.0],
        [0.0,1.0,0.0],
        [0.0,0.0,1.0],
        [-38.8666,3.36956,322.668]
      ],
      "battle_area_polygon_point__forBattleAreaId": "3_area1",
      "battle_area_polygon_point__id": "point1",
      "battle_area_polygon_point__nextId": "point2"
    }
  },
  {
    "entity": {
      "_template": "battle_area_polygon_point",
      "transform": [
        [1.0,0.0,0.0],
        [0.0,1.0,0.0],
        [0.0,0.0,1.0],
        [-154.775,3.23912,372.721]
      ],
      "battle_area_polygon_point__forBattleAreaId": "3_area1",
      "battle_area_polygon_point__id": "point2",
      "battle_area_polygon_point__nextId": "point3"
    }
  },
  {
    "entity": {
      "_template": "battle_area_polygon_point",
      "transform": [
        [1.0,0.0,0.0],
        [0.0,1.0,0.0],
        [0.0,0.0,1.0],
        [-236.7,2.34011,403.153]
      ],
      "battle_area_polygon_point__forBattleAreaId": "3_area1",
      "battle_area_polygon_point__id": "point3",
      "battle_area_polygon_point__nextId": "point4"
    }
  },
  {
    "entity": {
      "_template": "battle_area_polygon_point",
      "transform": [
        [1.0,0.0,0.0],
        [0.0,1.0,0.0],
        [0.0,0.0,1.0],
        [-402.732,3.83664,407.578]
      ],
      "battle_area_polygon_point__forBattleAreaId": "3_area1",
      "battle_area_polygon_point__id": "point4",
      "battle_area_polygon_point__nextId": "point5"
    }
  },
  {
    "entity": {
      "_template": "battle_area_polygon_point",
      "transform": [
        [1.0,0.0,0.0],
        [0.0,1.0,0.0],
        [0.0,0.0,1.0],
        [-401.259,4.01544,263.768]
      ],
      "battle_area_polygon_point__forBattleAreaId": "3_area1",
      "battle_area_polygon_point__id": "point5",
      "battle_area_polygon_point__nextId": "point6"
    }
  },
  {
    "entity": {
      "_template": "battle_area_polygon_point",
      "transform": [
        [1.0,0.0,0.0],
        [0.0,1.0,0.0],
        [0.0,0.0,1.0],
        [-397.64,3.33287,23.0715]
      ],
      "battle_area_polygon_point__forBattleAreaId": "3_area1",
      "battle_area_polygon_point__id": "point6",
      "battle_area_polygon_point__nextId": "point7"
    }
  },
  {
    "entity": {
      "_template": "battle_area_polygon_point",
      "transform": [
        [0.995497,0.0,-0.094794],
        [0.0,1.0,0.0],
        [0.094794,-0.0,0.995497],
        [-41.1364,3.34465,2.60239]
      ],
      "battle_area_polygon_point__forBattleAreaId": "3_area1",
      "battle_area_polygon_point__id": "point7",
      "battle_area_polygon_point__nextId": "point1"
    }
  },
  {
    "entity": {
      "_template": "battle_area_polygon_point",
      "transform": [
        [1.0,0.0,0.0],
        [0.0,1.0,0.0],
        [0.0,0.0,1.0],
        [83.0894,3.31379,326.604]
      ],
      "battle_area_polygon_point__forBattleAreaId": "3_area2",
      "battle_area_polygon_point__id": "point1",
      "battle_area_polygon_point__nextId": "point2"
    }
  },
  {
    "entity": {
      "_template": "battle_area_polygon_point",
      "transform": [
        [1.0,0.0,0.0],
        [0.0,1.0,0.0],
        [0.0,0.0,1.0],
        [-115.438,5.09778,344.566]
      ],
      "battle_area_polygon_point__forBattleAreaId": "3_area2",
      "battle_area_polygon_point__id": "point2",
      "battle_area_polygon_point__nextId": "point3"
    }
  },
  {
    "entity": {
      "_template": "battle_area_polygon_point",
      "transform": [
        [1.0,0.0,0.0],
        [0.0,1.0,0.0],
        [0.0,0.0,1.0],
        [-164.01,3.2996,310.347]
      ],
      "battle_area_polygon_point__forBattleAreaId": "3_area2",
      "battle_area_polygon_point__id": "point3",
      "battle_area_polygon_point__nextId": "point4"
    }
  },
  {
    "entity": {
      "_template": "battle_area_polygon_point",
      "transform": [
        [1.0,0.0,0.0],
        [0.0,1.0,0.0],
        [0.0,0.0,1.0],
        [-189.398,3.29962,278.359]
      ],
      "battle_area_polygon_point__forBattleAreaId": "3_area2",
      "battle_area_polygon_point__id": "point4",
      "battle_area_polygon_point__nextId": "point5"
    }
  },
  {
    "entity": {
      "_template": "battle_area_polygon_point",
      "transform": [
        [1.0,0.0,0.0],
        [0.0,1.0,0.0],
        [0.0,0.0,1.0],
        [-183.503,3.29865,10.1604]
      ],
      "battle_area_polygon_point__forBattleAreaId": "3_area2",
      "battle_area_polygon_point__id": "point5",
      "battle_area_polygon_point__nextId": "point6"
    }
  },
  {
    "entity": {
      "_template": "battle_area_polygon_point",
      "transform": [
        [1.0,0.0,0.0],
        [0.0,1.0,0.0],
        [0.0,0.0,1.0],
        [76.4469,3.29714,-12.9104]
      ],
      "battle_area_polygon_point__forBattleAreaId": "3_area2",
      "battle_area_polygon_point__id": "point6",
      "battle_area_polygon_point__nextId": "point1"
    }
  },
  {
    "entity": {
      "_template": "poly_battle_area",
      "transform": [
        [1.0,0.0,0.0],
        [0.0,1.0,0.0],
        [0.0,0.0,1.0],
        [-175.161,3.3007,173.955]
      ],
      "battleAreaId": "3_area1",
      "battle_area__team": 1,
      "groupName": "sector_3",
      "active": false
    }
  },
  {
    "entity": {
      "_template": "poly_battle_area",
      "transform": [
        [1.0,0.0,0.0],
        [0.0,1.0,0.0],
        [0.0,0.0,1.0],
        [-128.713,2.1124,156.847]
      ],
      "battleAreaId": "3_area2",
      "battle_area__team": 2,
      "groupName": "sector_3",
      "active": false
    }
  },
  {
    "entity": {
      "_template": "poly_battle_area",
      "transform": [
        [1.0,0.0,0.0],
        [0.0,1.0,0.0],
        [0.0,0.0,1.0],
        [-538.378,4.14136,154.329]
      ],
      "battleAreaId": "1_area1",
      "groupName": "sector_1",
      "battle_area__team": 1,
      "active": false
    }
  },
  {
    "entity": {
      "_template": "poly_battle_area",
      "transform": [
        [1.0,0.0,0.0],
        [0.0,1.0,0.0],
        [0.0,0.0,1.0],
        [-507.232,3.29863,74.5823]
      ],
      "battleAreaId": "1_area2",
      "battle_area__team": 2,
      "groupName": "sector_1",
      "active": false
    }
  },
  {
    "entity": {
      "_template": "poly_battle_area",
      "transform": [
        [1.0,0.0,0.0],
        [0.0,1.0,0.0],
        [0.0,0.0,1.0],
        [-331.553,3.30272,186.523]
      ],
      "battleAreaId": "2_area1",
      "battle_area__team": 1,
      "groupName": "sector_2",
      "active": false
    }
  },
  {
    "entity": {
      "_template": "poly_battle_area",
      "transform": [
        [1.0,0.0,0.0],
        [0.0,1.0,0.0],
        [0.0,0.0,1.0],
        [-319.745,3.10321,220.173]
      ],
      "battleAreaId": "2_area2",
      "groupName": "sector_2",
      "battle_area__team": 2,
      "active": false
    }
  },
  {
    "entity": {
      "_template": "aircraft_box_battle_area",
      "transform": [
        [25814.7,0.0,112.793],
        [0.0,8000.36,0.0],
        [-111.84,0.0,25814.3],
        [-123.334,240.916,421.197]
      ],
      "battle_area__team": -1
    }
  },
  {
    "entity": {
      "_template": "static_cam",
      "camera__active": true,
      "transform": [
        [0.849233,0.0,0.528018],
        [0.00581415,0.999939,-0.00935113],
        [-0.527985,0.0110112,0.849181],
        [-171.113,25.4492,23.3539]
      ]
    }
  },
  {
    "entity": {
      "_template": "briefing_destruction",
      "mission_name": "berlin_opera_bomb",
      "loading_images:list<t>": [
        {
          "item": "ui/berlin_opera_inv_01.avif"
        },
        {
          "item": "ui/berlin_moat_01.avif"
        },
        {
          "item": "ui/berlin_moat_02.avif"
        }
      ]
    }
  },
  {
    "entity": {
      "_template": "group_activator",
      "activator__activateChoice:object": {
        "sector_1": 1.0
      }
    }
  },
  {
    "entity": {
      "_template": "team_ussr_berlin+team_narrator_destruction_attack+respawn_creators_team",
      "team__memberCount": 0.0,
      "team__scoreCap": 2000.0,
      "team__score": 2000.0,
      "team__squadSpawnCost": 250,
      "team__firstSpawnCostMul": 0.0,
      "team__zeroScoreFailTimer": 60.0,
      "team__id": 1,
      "team__briefing": "destruction/attackers_goals",
      "team__winSubtitle": "debriefing/won_invasion_destruction",
      "team__loseSubtitle": "debriefing/lost_invasion_destruction",
      "team__winTitle": "debriefing/britain_won_destruction_attack_title",
      "team__allowRebalance": false,
      "team__spawnBotArmy": "moscow_allies"
    }
  },
  {
    "entity": {
      "_template": "team_germany_berlin+team_narrator_destruction_defence+respawn_creators_team",
      "team__countAdd": 0.5,
      "team__memberCount": 0.5,
      "team__scoreCap": 3000.0,
      "team__capturePenalty": 1001.0,
      "team__score": 3000.0,
      "team__id": 2,
      "team__briefing": "destruction/defenders_goals",
      "team__winSubtitle": "debriefing/won_defence_destruction",
      "team__loseSubtitle": "debriefing/lost_defence_destruction",
      "team__winTitle": "debriefing/axis_won_destruction_defence_title",
      "team__allowRebalance": false,
      "team__spawnBotArmy": "moscow_axis"
    }
  },
  {
    "entity": {
      "_template": "respawn_camera",
      "respawnCameraForTeam": 1,
      "transform": [
        [1.0,0.0,0.0],
        [0.0,1.0,0.0],
        [0.0,0.0,1.0],
        [-986.602,298.681,248.739]
      ]
    }
  },
  {
    "entity": {
      "_template": "respawn_camera",
      "respawnCameraForTeam": 2,
      "transform": [
        [1.0,0.0,0.0],
        [0.0,1.0,0.0],
        [0.0,0.0,1.0],
        [-44.5755,300.261,263.964]
      ]
    }
  },
  {
    "entity": {
      "_template": "bomb_site_zone_chained_box+defend_zone_respawnbase",
      "transform": [
        [23.6941,0.0,0.0465466],
        [0.0,9.50833,0.0],
        [-1.30771,0.0,30.2628],
        [-413.492,8.40099,195.874]
      ],
      "capzone__capRewardPartCap": 1.8,
      "capzone__mustBeCapturedByTeam": 1,
      "groupName": "sector_1",
      "active": false,
      "ui_order": 0,
      "capzone__capReward": 500.0,
      "capzone__caption": "capzone/main_hall",
      "capzone__checkAllZonesInGroup": true,
      "capzone__deactivateAfterTimeout": 0.0,
      "capzone__spawnAtZoneTimeout": 35.0,
      "capzone__createRespawnBaseForTeam": 2,
      "capzone__createdRespawnBaseGroup": 3,
      "capzone__createRespawnBase": "respawnBaseGroupActivator",
      "capzone__plantingTeam": 1,
      "capzone__bombTemplate": "bomb_site+bomb_site_radar_hardware_animchar_01",
      "capzone__bombTransformLocalPos": [
        [0.999529,0.0,-0.0306931],
        [0.0,1.0,0.0],
        [0.0306931,-0.0,0.999529],
        [-0.0674438,-2.1972,0.0583954]
      ],
      "capzone__activateChoice:object": {
        "sector_2": 1.0
      }
    }
  },
  {
    "entity": {
      "_template": "bomb_site_zone_chained_sphere+defend_zone_respawnbase",
      "transform": [
        [0.151175,0.0,1.69149],
        [0.0,1.69823,0.0],
        [-1.69149,0.0,0.151175],
        [-412.672,4.91729,99.0496]
      ],
      "groupName": "sector_1",
      "capzone__capRewardPartCap": 1.8,
      "capzone__mustBeCapturedByTeam": 1,
      "capzone__caption": "capzone/opera",
      "active": false,
      "ui_order": 2,
      "capzone__owningTeam": 2,
      "capzone__capReward": 500.0,
      "capzone__checkAllZonesInGroup": true,
      "capzone__deactivateAfterTimeout": 0.0,
      "capzone__spawnAtZoneTimeout": 35.0,
      "capzone__createRespawnBaseForTeam": 2,
      "sphere_zone__radius": 7.0,
      "capzone__createdRespawnBaseGroup": 4,
      "capzone__createRespawnBase": "respawnBaseGroupActivator",
      "capzone__plantingTeam": 1,
      "capzone__bombTemplate": "bomb_site+bomb_site_radar_hardware_animchar_02",
      "capzone__bombTransformLocalPos": [
        [-0.94738,0.0,-0.320113],
        [0.0,1.0,0.0],
        [0.320113,0.0,-0.94738],
        [0.0873413,-1.6427,-0.0110779]
      ],
      "capzone__activateChoice:object": {
        "sector_2": 1.0
      }
    }
  },
  {
    "entity": {
      "_template": "bomb_site_zone_chained_sphere+defend_zone_respawnbase",
      "transform": [
        [2.03716,0.0,-1.34361],
        [0.0,2.44035,0.0],
        [1.34361,0.0,2.03716],
        [-294.814,4.76592,282.838]
      ],
      "groupName": "sector_2",
      "capzone__capRewardPartCap": 1.8,
      "capzone__mustBeCapturedByTeam": 1,
      "capzone__caption": "capzone/artillery_emplacement",
      "active": false,
      "ui_order": 2,
      "capzone__owningTeam": 2,
      "capzone__capReward": 500.0,
      "capzone__checkAllZonesInGroup": true,
      "capzone__deactivateAfterTimeout": 0.0,
      "capzone__spawnAtZoneTimeout": 35.0,
      "capzone__createRespawnBaseForTeam": 2,
      "sphere_zone__radius": 7.0,
      "capzone__createdRespawnBaseGroup": 5,
      "capzone__createRespawnBase": "respawnBaseGroupActivator",
      "capzone__plantingTeam": 1,
      "capzone__bombTemplate": "bomb_site+bomb_site_radar_hardware_animchar_04",
      "capzone__bombTransformLocalPos": [
        [-0.94738,0.0,-0.320113],
        [0.0,1.0,0.0],
        [0.320113,0.0,-0.94738],
        [0.0873413,-1.47407,-0.0110779]
      ],
      "capzone__activateChoice:object": {
        "sector_3": 1.0
      }
    }
  },
  {
    "entity": {
      "_template": "bomb_site_zone_chained_sphere+defend_zone_respawnbase",
      "transform": [
        [2.44035,0.0,0.0],
        [0.0,2.44035,0.0],
        [0.0,0.0,2.44035],
        [-286.212,4.81918,185.708]
      ],
      "groupName": "sector_2",
      "capzone__capRewardPartCap": 1.8,
      "capzone__mustBeCapturedByTeam": 1,
      "capzone__caption": "capzone/monument",
      "active": false,
      "ui_order": 2,
      "capzone__owningTeam": 2,
      "capzone__capReward": 500.0,
      "capzone__checkAllZonesInGroup": true,
      "capzone__deactivateAfterTimeout": 0.0,
      "capzone__spawnAtZoneTimeout": 35.0,
      "capzone__createRespawnBaseForTeam": 2,
      "sphere_zone__radius": 7.0,
      "capzone__createdRespawnBaseGroup": 6,
      "capzone__createRespawnBase": "respawnBaseGroupActivator",
      "capzone__plantingTeam": 1,
      "capzone__bombTemplate": "bomb_site+bomb_site_radar_hardware_animchar_05",
      "capzone__bombTransformLocalPos": [
        [-0.94738,0.0,-0.320113],
        [0.0,1.0,0.0],
        [0.320113,0.0,-0.94738],
        [0.0873413,-1.50513,-0.0110779]
      ],
      "capzone__activateChoice:object": {
        "sector_3": 1.0
      }
    }
  },
  {
    "entity": [
      {
        "_template": "bomb_site_zone_chained_sphere+defend_zone_respawnbase"
      },
      {
        "transform": [
          [0.885815,0.0,0.0],
          [0.0,1.0,0.0],
          [0.0,0.0,1.0],
          [-78.3921,4.60551,275.455]
        ]
      },
      {
        "groupName": "sector_3"
      },
      {
        "capzone__capRewardPartCap": 1.8
      },
      {
        "capzone__mustBeCapturedByTeam": 1
      },
      {
        "capzone__caption": "capzone/bunker"
      },
      {
        "active": false
      },
      {
        "ui_order": 2
      },
      {
        "capzone__owningTeam": 2
      },
      {
        "capzone__capReward": 500.0
      },
      {
        "capzone__checkAllZonesInGroup": true
      },
      {
        "capzone__deactivateAfterTimeout": 0.0
      },
      {
        "capzone__spawnAtZoneTimeout": 35.0
      },
      {
        "capzone__createRespawnBaseForTeam": 2
      },
      {
        "sphere_zone__radius": 19.0
      },
      {
        "capzone__createdRespawnBaseGroup": 4
      },
      {
        "capzone__createdRespawnBaseGroup": 8
      },
      {
        "capzone__createRespawnBase": "respawnBaseGroupActivator"
      },
      {
        "capzone__plantingTeam": 1
      },
      {
        "capzone__bombTemplate": "bomb_site+bomb_site_radar_hardware_animchar_03"
      },
      {
        "capzone__bombTransformLocalPos": [
          [-0.94738,0.0,-0.320113],
          [0.0,1.0,0.0],
          [0.320113,0.0,-0.94738],
          [0.0873413,-1.3233,-0.0110779]
        ]
      }
    ]
  },
  {
    "entity": [
      {
        "_template": "bomb_site_zone_chained_sphere+defend_zone_respawnbase"
      },
      {
        "transform": [
          [1.0,0.0,0.0],
          [0.0,1.0,0.0],
          [0.0,0.0,1.0],
          [-134.414,4.27944,176.688]
        ]
      },
      {
        "groupName": "sector_3"
      },
      {
        "capzone__capRewardPartCap": 1.8
      },
      {
        "capzone__mustBeCapturedByTeam": 1
      },
      {
        "capzone__caption": "capzone/moat"
      },
      {
        "active": false
      },
      {
        "ui_order": 2
      },
      {
        "capzone__owningTeam": 2
      },
      {
        "capzone__capReward": 500.0
      },
      {
        "capzone__checkAllZonesInGroup": true
      },
      {
        "capzone__deactivateAfterTimeout": 0.0
      },
      {
        "capzone__spawnAtZoneTimeout": 35.0
      },
      {
        "capzone__createRespawnBaseForTeam": 2
      },
      {
        "sphere_zone__radius": 21.0
      },
      {
        "capzone__createdRespawnBaseGroup": 4
      },
      {
        "capzone__createdRespawnBaseGroup": 7
      },
      {
        "capzone__createRespawnBase": "respawnBaseGroupActivator"
      },
      {
        "capzone__plantingTeam": 1
      },
      {
        "capzone__bombTemplate": "bomb_site+bomb_site_radar_hardware_animchar_02"
      },
      {
        "capzone__bombTransformLocalPos": [
          [-0.94738,0.0,-0.320113],
          [0.0,1.0,0.0],
          [0.320113,0.0,-0.94738],
          [-0.0263519,-1.75356,0.171143]
        ]
      }
    ]
  },
  {
    "entity": {
      "_template": "respAircraftInAir",
      "respawnbaseType": "aircraft_fighter",
      "transform": [
        [-0.0947848,0.0,0.995499],
        [0.0,1.0,0.0],
        [-0.995499,0.0,-0.0947848],
        [-120.242,1023.92,-1403.82]
      ],
      "team": 2,
      "maxVehicleOnSpawn": 1,
      "respTime": 120
    }
  },
  {
    "entity": {
      "_template": "resupply_in_air_zone",
      "transform": [
        [-0.999999,0.0,-0.000445871],
        [0.0,1.0,0.0],
        [0.000445871,0.0,-0.999999],
        [2420.23,1000.0,2575.03]
      ],
      "resupply_zone__team": 1
    }
  },
  {
    "entity": {
      "_template": "respAircraftInAir",
      "respawnbaseType": "aircraft_assault",
      "transform": [
        [-0.191454,0.0,0.981502],
        [0.0,1.0,0.0],
        [-0.981502,0.0,-0.191454],
        [-296.071,823.92,-1426.02]
      ],
      "team": 2,
      "maxVehicleOnSpawn": 1,
      "respTime": 120
    }
  },
  {
    "entity": {
      "_template": "respAircraftInAir",
      "respawnbaseType": "aircraft_fighter",
      "transform": [
        [-0.137829,0.0,0.990457],
        [0.0,1.0,0.0],
        [-0.990457,0.0,-0.137829],
        [-276.397,1023.92,-1415.95]
      ],
      "team": 2,
      "maxVehicleOnSpawn": 1,
      "respTime": 120
    }
  },
  {
    "entity": {
      "_template": "respAircraftInAir",
      "respawnbaseType": "aircraft_assault",
      "transform": [
        [-0.127939,0.0,0.991782],
        [0.0,1.0,0.0],
        [-0.991782,0.0,-0.127939],
        [-120.242,823.92,-1403.82]
      ],
      "team": 2,
      "maxVehicleOnSpawn": 1,
      "respTime": 120
    }
  },
  {
    "entity": {
      "_template": "resupply_in_air_zone",
      "transform": [
        [0.327869,0.0,-0.944724],
        [0.0,1.0,0.0],
        [0.944724,0.0,0.327869],
        [-2045.64,1023.92,-1918.21]
      ],
      "resupply_zone__team": 2
    }
  },
  {
    "entity": {
      "_template": "respAircraftInAir",
      "respawnbaseType": "aircraft_fighter",
      "transform": [
        [0.0218614,0.0,-0.999761],
        [0.0,1.0,0.0],
        [0.999761,0.0,0.0218614],
        [-540.338,1000.0,3135.76]
      ],
      "team": 1,
      "maxVehicleOnSpawn": 1,
      "respTime": 120
    }
  },
  {
    "entity": {
      "_template": "respAircraftInAir",
      "respawnbaseType": "aircraft_assault",
      "transform": [
        [-0.0188785,0.0,-0.999822],
        [0.0,1.0,0.0],
        [0.999822,0.0,-0.0188785],
        [-540.338,800.0,3135.76]
      ],
      "team": 1,
      "maxVehicleOnSpawn": 1,
      "respTime": 120
    }
  },
  {
    "entity": {
      "_template": "respAircraftInAir",
      "respawnbaseType": "aircraft_fighter",
      "transform": [
        [0.0283146,0.0,-0.999599],
        [0.0,1.0,0.0],
        [0.999599,0.0,0.0283146],
        [-395.797,1000.0,3178.0]
      ],
      "team": 1,
      "maxVehicleOnSpawn": 1,
      "respTime": 120
    }
  },
  {
    "entity": {
      "_template": "respAircraftInAir",
      "respawnbaseType": "aircraft_assault",
      "transform": [
        [0.0602217,0.0,-0.998185],
        [0.0,1.0,0.0],
        [0.998185,0.0,0.0602217],
        [-361.886,800.0,3148.92]
      ],
      "team": 1,
      "maxVehicleOnSpawn": 1,
      "respTime": 120
    }
  },
  {
    "entity": {
      "_template": "respawnChooser+respMotorcycle",
      "active": false,
      "transform": [
        [0.998768,0.0,0.0496313],
        [0.0,1.0,0.0],
        [-0.0496313,0.0,0.998768],
        [-725.689,3.82587,72.5362]
      ],
      "team": 1,
      "groupName": "sector_1"
    }
  },
  {
    "entity": {
      "_template": "respawnChooser+respMotorcycle",
      "active": false,
      "transform": [
        [-0.599636,0.0,-0.800274],
        [0.0,1.0,0.0],
        [0.800274,0.0,-0.599636],
        [-247.98,3.30519,362.217]
      ],
      "team": 2,
      "groupName": "sector_1"
    }
  },
  {
    "entity": {
      "_template": "respawnChooser+respMotorcycle",
      "active": false,
      "transform": [
        [-0.996541,0.0,-0.0831201],
        [0.0,1.0,0.0],
        [0.0831201,0.0,-0.996541],
        [-119.341,3.49675,65.2659]
      ],
      "team": 2,
      "groupName": "sector_2"
    }
  },
  {
    "entity": {
      "_template": "respawnChooser+respMotorcycle",
      "active": false,
      "transform": [
        [0.862659,0.0,0.505785],
        [0.0,1.0,0.0],
        [-0.505785,0.0,0.862659],
        [-561.077,3.70004,237.617]
      ],
      "team": 1,
      "groupName": "sector_2"
    }
  },
  {
    "entity": {
      "_template": "respawnChooser+respMotorcycle",
      "active": false,
      "transform": [
        [0.0524067,0.0,-0.998626],
        [0.0,1.0,0.0],
        [0.998626,0.0,0.0524067],
        [-370.046,3.73131,356.99]
      ],
      "team": 1,
      "groupName": "sector_3"
    }
  },
  {
    "entity": {
      "_template": "respawnChooser+respMotorcycle",
      "active": false,
      "transform": [
        [-0.10795,0.0,0.994156],
        [0.0,1.0,0.0],
        [-0.994156,0.0,-0.10795],
        [18.6357,3.68185,27.146]
      ],
      "team": 2,
      "groupName": "sector_3"
    }
  },
  {
    "entity": {
      "_template": "respawnChooser+respTeam1",
      "transform": [
        [0.968268,0.0,0.249913],
        [0.0,1.0,0.0],
        [-0.249913,0.0,0.968268],
        [-578.132,3.45328,141.504]
      ],
      "groupName": "sector_1",
      "active": false
    }
  },
  {
    "entity": {
      "_template": "respawnChooser+respTeam1",
      "transform": [
        [0.971515,0.0,-0.236979],
        [0.0,1.0,0.0],
        [0.236979,0.0,0.971515],
        [-577.415,3.79839,137.247]
      ],
      "groupName": "sector_1",
      "active": false
    }
  },
  {
    "entity": {
      "_template": "respawnChooser+respTeam1",
      "transform": [
        [0.591987,0.0,-0.805948],
        [0.0,1.0,0.0],
        [0.805948,0.0,0.591987],
        [-499.953,4.10789,336.993]
      ],
      "groupName": "sector_1",
      "respawnBaseGroup": 2,
      "active": false
    }
  },
  {
    "entity": {
      "_template": "respawnChooser+respTeam1",
      "transform": [
        [0.711809,0.0,-0.702374],
        [0.0,1.0,0.0],
        [0.702374,0.0,0.711809],
        [-515.675,4.85939,323.987]
      ],
      "respawnBaseGroup": 2,
      "groupName": "sector_1",
      "active": false
    }
  },
  {
    "entity": {
      "_template": "respawnChooser+respTeam2",
      "transform": [
        [-0.411905,0.0,0.911227],
        [0.0,1.0,0.0],
        [-0.911227,0.0,-0.411905],
        [-332.671,6.96878,-41.2748]
      ],
      "groupName": "sector_1",
      "active": false
    }
  },
  {
    "entity": {
      "_template": "respawnChooser+respTeam2",
      "transform": [
        [-0.245367,0.0,0.969431],
        [0.0,1.0,0.0],
        [-0.969431,0.0,-0.245367],
        [-328.027,6.89369,-40.7515]
      ],
      "groupName": "sector_1",
      "active": false
    }
  },
  {
    "entity": {
      "_template": "respawnChooser+respTeam2",
      "transform": [
        [-0.936947,0.0,-0.349473],
        [0.0,1.0,0.0],
        [0.349473,0.0,-0.936947],
        [-291.873,3.54244,240.641]
      ],
      "groupName": "sector_1",
      "respawnBaseGroup": 2,
      "active": false
    }
  },
  {
    "entity": {
      "_template": "respawnChooser+respTeam2",
      "transform": [
        [-0.922735,0.0,0.385436],
        [0.0,1.0,0.0],
        [-0.385436,0.0,-0.922735],
        [-291.92,3.51004,234.586]
      ],
      "groupName": "sector_1",
      "respawnBaseGroup": 2,
      "active": false
    }
  },
  {
    "entity": {
      "_template": "respawnChooser+respTeam2",
      "transform": [
        [-0.939989,0.0,0.341204],
        [0.0,1.0,0.0],
        [-0.341204,0.0,-0.939989],
        [-185.988,3.62969,185.222]
      ],
      "groupName": "sector_2",
      "active": false
    }
  },
  {
    "entity": {
      "_template": "respawnChooser+respTeam2",
      "transform": [
        [-0.939989,0.0,0.341204],
        [0.0,1.0,0.0],
        [-0.341204,0.0,-0.939989],
        [-185.988,3.62969,185.222]
      ],
      "groupName": "sector_2",
      "active": false
    }
  },
  {
    "entity": {
      "_template": "respawnChooser+respTeam2",
      "transform": [
        [-0.87611,0.0,-0.482111],
        [0.0,1.0,0.0],
        [0.482111,0.0,-0.87611],
        [-186.249,3.54025,183.001]
      ],
      "groupName": "sector_2",
      "active": false
    }
  },
  {
    "entity": {
      "_template": "respawnChooser+respTeam2",
      "transform": [
        [-0.87611,0.0,-0.482111],
        [0.0,1.0,0.0],
        [0.482111,0.0,-0.87611],
        [-186.249,3.54025,183.001]
      ],
      "groupName": "sector_2",
      "active": false
    }
  },
  {
    "entity": {
      "_template": "respawnChooser+respTeam2",
      "transform": [
        [-0.869736,0.0,-0.493517],
        [0.0,1.0,0.0],
        [0.493517,0.0,-0.869736],
        [-197.042,3.76516,300.927]
      ],
      "groupName": "sector_2",
      "respawnBaseGroup": 2,
      "active": false
    }
  },
  {
    "entity": {
      "_template": "respawnChooser+respTeam2",
      "transform": [
        [-0.869736,0.0,-0.493517],
        [0.0,1.0,0.0],
        [0.493517,0.0,-0.869736],
        [-197.042,3.76516,300.927]
      ],
      "groupName": "sector_2",
      "respawnBaseGroup": 2,
      "active": false
    }
  },
  {
    "entity": {
      "_template": "respawnChooser+respTeam2",
      "transform": [
        [-0.871921,0.0,0.489646],
        [0.0,1.0,0.0],
        [-0.489646,0.0,-0.871921],
        [-203.927,4.1466,289.29]
      ],
      "groupName": "sector_2",
      "respawnBaseGroup": 2,
      "active": false
    }
  },
  {
    "entity": {
      "_template": "respawnChooser+respTeam2",
      "transform": [
        [-0.871921,0.0,0.489646],
        [0.0,1.0,0.0],
        [-0.489646,0.0,-0.871921],
        [-203.927,4.1466,289.29]
      ],
      "groupName": "sector_2",
      "respawnBaseGroup": 2,
      "active": false
    }
  },
  {
    "entity": {
      "_template": "respawnChooser+respTeam1",
      "transform": [
        [1.0,0.0,0.0],
        [0.0,1.0,0.0],
        [0.0,0.0,1.0],
        [-413.553,2.81255,192.777]
      ],
      "groupName": "sector_2",
      "active": false
    }
  },
  {
    "entity": {
      "_template": "respawnChooser+respTeam1",
      "transform": [
        [1.0,0.0,0.0],
        [0.0,1.0,0.0],
        [0.0,0.0,1.0],
        [-413.79,2.93805,179.438]
      ],
      "groupName": "sector_2",
      "active": false
    }
  },
  {
    "entity": {
      "_template": "respawnChooser+respTeam1",
      "transform": [
        [0.916636,0.0,-0.399723],
        [0.0,1.0,0.0],
        [0.399723,0.0,0.916636],
        [-293.674,3.80114,240.387]
      ],
      "groupName": "sector_3",
      "active": false
    }
  },
  {
    "entity": {
      "_template": "respawnChooser+respTeam1",
      "transform": [
        [0.951838,0.0,0.306602],
        [0.0,1.0,0.0],
        [-0.306602,0.0,0.951838],
        [-294.279,3.74728,234.961]
      ],
      "groupName": "sector_3",
      "active": false
    }
  },
  {
    "entity": {
      "_template": "respawnChooser+respTeam1",
      "transform": [
        [0.714244,0.0,-0.699896],
        [0.0,1.0,0.0],
        [0.699896,0.0,0.714244],
        [-243.972,3.69984,288.138]
      ],
      "groupName": "sector_3",
      "respawnBaseGroup": 2,
      "active": false
    }
  },
  {
    "entity": {
      "_template": "respawnChooser+respTeam1",
      "transform": [
