[
  {
    "import": {
      "scene": "content/enlisted/gamedata/scenes/_berlin_bridge_sounds.blk"
    }
  },
  {
    "entity": {
      "_template": "box_battle_area",
      "transform": [
        [1530.84,0.0,0.0],
        [0.0,243.881,0.0],
        [0.0,0.0,402.435],
        [252.352,10.8968,314.426]
      ]
    }
  },
  {
    "entity": {
      "_template": "aircraft_box_battle_area",
      "transform": [
        [11314.0,0.0,95.0636],
        [0.0,8000.03,0.0],
        [-95.5912,0.0,11313.9],
        [652.401,240.916,331.582]
      ],
      "battle_area__team": -1
    }
  },
  {
    "entity": {
      "_template": "railroad"
    }
  },
  {
    "entity": {
      "_template": "shaderVars",
      "shader_vars__vars:object": {
        "hmap_displacement_up": 0.3,
        "ocean1": "#8e894700",
        "ocean0": "#4c3f0500",
        "ocean_density": 0.1,
        "river1": "#40401d00",
        "river0": "#312f2900",
        "hmap_displacement_down": -0.15,
        "leaves_ss_profile": [1.0,1.0,1.0,0.0],
        "paint_details_tex": "germany_wall_color_tex_palette*",
        "layered_fog_height": 20.0,
        "water_color_noise_size": 71.0,
        "water_depth_hardness": 0.41,
        "river_density": 0.5
      }
    }
  },
  {
    "entity": {
      "_template": "ri_gpu_object",
      "ri_gpu_object__name": "tree_fraxinus_bush_small_a",
      "ri_gpu_object__biom_indexes": [22.0,-1.0,-1.0,-1.0],
      "ri_gpu_object__grid_size": 16,
      "ri_gpu_object__grid_tiling": 1,
      "ri_gpu_object__cell_size": 8.0,
      "ri_gpu_object__incline_delta": 0.0,
      "ri_gpu_object__scale_range": [0.9,1.05],
      "ri_gpu_object__rotate_range": [0.0,0.0],
      "ri_gpu_object__seed": 1127,
      "ri_gpu_object__is_using_normal": false,
      "ri_gpu_object__sparse_weight": 17.5,
      "ri_gpu_object__multiple_objects:array": [
        {
          "ri_gpu_object__multiple_objects:object": {
            "name": "tree_fraxinus_bush_small_a",
            "weight": 1.0
          }
        },
        {
          "ri_gpu_object__multiple_objects:object": {
            "name": "tree_fraxinus_bush_small_b",
            "weight": 1.0
          }
        },
        {
          "ri_gpu_object__multiple_objects:object": {
            "name": "tree_fraxinus_bush_small_c",
            "weight": 1.0
          }
        },
        {
          "ri_gpu_object__multiple_objects:object": {
            "name": "tree_fraxinus_bush_small_d",
            "weight": 1.0
          }
        },
        {
          "ri_gpu_object__multiple_objects:object": {
            "name": "tree_fraxinus_bush_small_e",
            "weight": 1.0
          }
        }
      ]
    }
  },
  {
    "entity": {
      "_template": "ri_gpu_object",
      "ri_gpu_object__name": "tree_dry_branches_a",
      "ri_gpu_object__biom_indexes": [2.0,-1.0,-1.0,-1.0],
      "ri_gpu_object__grid_size": 8,
      "ri_gpu_object__grid_tiling": 2,
      "ri_gpu_object__cell_size": 16.0,
      "ri_gpu_object__incline_delta": 0.0,
      "ri_gpu_object__scale_range": [0.6,1.05],
      "ri_gpu_object__rotate_range": [135.0,960.0],
      "ri_gpu_object__seed": 55112,
      "ri_gpu_object__is_using_normal": true,
      "ri_gpu_object__multiple_objects:array": [
        {
          "ri_gpu_object__multiple_objects:object": {
            "name": "tree_dry_branches_a",
            "weight": 1.0
          }
        },
        {
          "ri_gpu_object__multiple_objects:object": {
            "name": "tree_dry_branches_b",
            "weight": 1.0
          }
        },
        {
          "ri_gpu_object__multiple_objects:object": {
            "name": "tree_dry_branches_c",
            "weight": 1.0
          }
        },
        {
          "ri_gpu_object__multiple_objects:object": {
            "name": "tree_branches_small_a",
            "weight": 0.33
          }
        },
        {
          "ri_gpu_object__multiple_objects:object": {
            "name": "tree_branches_small_b",
            "weight": 0.33
          }
        },
        {
          "ri_gpu_object__multiple_objects:object": {
            "name": "tree_branches_small_c",
            "weight": 0.33
          }
        },
        {
          "ri_gpu_object__multiple_objects:object": {
            "name": "tree_branches_small_d",
            "weight": 0.33
          }
        }
      ]
    }
  },
  {
    "entity": {
      "_template": "ri_gpu_object",
      "ri_gpu_object__name": "tree_dry_pine_branches_e",
      "ri_gpu_object__biom_indexes": [22.0,1.0,-1.0,-1.0],
      "ri_gpu_object__grid_size": 8,
      "ri_gpu_object__grid_tiling": 1,
      "ri_gpu_object__cell_size": 8.0,
      "ri_gpu_object__incline_delta": 0.0,
      "ri_gpu_object__scale_range": [0.5,0.65],
      "ri_gpu_object__rotate_range": [135.0,960.0],
      "ri_gpu_object__seed": 5542,
      "ri_gpu_object__sparse_weight": 5.0,
      "ri_gpu_object__is_using_normal": true,
      "ri_gpu_object__multiple_objects:array": [
        {
          "ri_gpu_object__multiple_objects:object": {
            "name": "tree_dry_pine_branches_pile_a",
            "weight": 1.0
          }
        },
        {
          "ri_gpu_object__multiple_objects:object": {
            "name": "tree_dry_pine_branches_pile_b",
            "weight": 1.0
          }
        },
        {
          "ri_gpu_object__multiple_objects:object": {
            "name": "tree_dry_pine_branches_pile_c",
            "weight": 1.0
          }
        },
        {
          "ri_gpu_object__multiple_objects:object": {
            "name": "tree_dry_pine_branches_pile_d",
            "weight": 1.0
          }
        },
        {
          "ri_gpu_object__multiple_objects:object": {
            "name": "tree_dry_pine_branches_a",
            "weight": 1.0
          }
        },
        {
          "ri_gpu_object__multiple_objects:object": {
            "name": "tree_dry_pine_branches_b",
            "weight": 1.0
          }
        },
        {
          "ri_gpu_object__multiple_objects:object": {
            "name": "tree_dry_pine_branches_c",
            "weight": 1.0
          }
        },
        {
          "ri_gpu_object__multiple_objects:object": {
            "name": "tree_dry_pine_branches_d",
            "weight": 1.0
          }
        },
        {
          "ri_gpu_object__multiple_objects:object": {
            "name": "tree_dry_pine_branches_e",
            "weight": 1.0
          }
        }
      ]
    }
  },
  {
    "entity": {
      "_template": "ri_gpu_object",
      "ri_gpu_object__name": "generic_stone_small_a",
      "ri_gpu_object__biom_indexes": [2.0,3.0,52.0,-1.0],
      "ri_gpu_object__grid_size": 8,
      "ri_gpu_object__grid_tiling": 8,
      "ri_gpu_object__cell_size": 16.0,
      "ri_gpu_object__incline_delta": 0.0,
      "ri_gpu_object__scale_range": [0.05,1.4],
      "ri_gpu_object__rotate_range": [135.0,960.0],
      "ri_gpu_object__seed": 75112,
      "ri_gpu_object__sparse_weight": 5.0,
      "ri_gpu_object__is_using_normal": true,
      "ri_gpu_object__multiple_objects:array": [
        {
          "ri_gpu_object__multiple_objects:object": {
            "name": "generic_stone_small_a",
            "weight": 1.0
          }
        },
        {
          "ri_gpu_object__multiple_objects:object": {
            "name": "generic_stone_small_b",
            "weight": 1.0
          }
        },
        {
          "ri_gpu_object__multiple_objects:object": {
            "name": "generic_stone_small_c",
            "weight": 1.0
          }
        },
        {
          "ri_gpu_object__multiple_objects:object": {
            "name": "generic_stone_small_d",
            "weight": 1.0
          }
        },
        {
          "ri_gpu_object__multiple_objects:object": {
            "name": "generic_stone_small_e",
            "weight": 1.0
          }
        },
        {
          "ri_gpu_object__multiple_objects:object": {
            "name": "generic_stone_small_f",
            "weight": 1.0
          }
        }
      ]
    }
  },
  {
    "entity": {
      "_template": "ri_gpu_object",
      "ri_gpu_object__name": "clover_a",
      "ri_gpu_object__biom_indexes": [22.0,-1.0,-1.0,-1.0],
      "ri_gpu_object__grid_size": 8,
      "ri_gpu_object__grid_tiling": 16,
      "ri_gpu_object__cell_size": 8.0,
      "ri_gpu_object__incline_delta": 15.0,
      "ri_gpu_object__scale_range": [0.5,1.4],
      "ri_gpu_object__rotate_range": [180.0,360.0],
      "ri_gpu_object__seed": 2,
      "ri_gpu_object__is_using_normal": true,
      "ri_gpu_object__sparse_weight": 5.0,
      "ri_gpu_object__up_vector": [0.0,1.0,0.0]
    }
  },
  {
    "entity": {
      "_template": "postfx_roundctrl",
      "post_fx:object": []
    }
  },
  {
    "entity": {
      "_template": "postfx_color_grading_tonemap_death_alive_enlisted"
    }
  },
  {
    "entity": {
      "_template": "minimap_berlin_seelow_heights"
    }
  },
  {
    "entity": {
      "_template": "door_mult_ent_generator",
      "ri_extra_gen__blk": "content/e_berlin/gamedata/berlin_doors.blk"
    }
  },
  {
    "entity": {
      "_template": "session_finalizer",
      "session_finalizer__timer": 10.0
    }
  },
  {
    "entity": {
      "_template": "static_cam",
      "camera__active": true,
      "transform": [
        [0.458247,0.0,0.888825],
        [0.0,1.0,0.0],
        [-0.888825,0.0,0.458247],
        [374.706,14.3633,279.603]
      ]
    }
  },
  {
    "entity": {
      "_template": "briefing_escort",
      "mission_name": "berlin_bridge_escort",
      "loading_images:list<t>": [
        {
          "item": "ui/berlin_escort_01.jpg"
        },
        {
          "item": "ui/berlin_escort_04.jpg"
        },
        {
          "item": "ui/berlin_escort_07.jpg"
        }
      ]
    }
  },
  {
    "entity": {
      "_template": "team_germany_berlin+team_narrator_escort_defence+respawn_creators_team",
      "team__countAdd": 0.5,
      "team__memberCount": 0.5,
      "team__scoreCap": 14000.0,
      "team__score": 14000.0,
      "team__capturePenalty": 1001.0,
      "team__id": 2,
      "team__briefing": "escort/defenders_goals",
      "team__winSubtitle": "debriefing/escort/won_defence_subtitle",
      "team__loseSubtitle": "debriefing/escort/lost_defence_subtitle",
      "team__winTitle": "debriefing/escort/axis_won_defence",
      "team__spawnBotArmy": "moscow_axis"
    }
  },
  {
    "entity": {
      "_template": "team_ussr_berlin+team_narrator_escort_attack+respawn_creators_team",
      "team__memberCount": 0.0,
      "team__scoreCap": 1300.0,
      "team__score": 1300.0,
      "team__squadSpawnCost": 250,
      "team__firstSpawnCostMul": 0.0,
      "team__zeroScoreFailTimer": 60.0,
      "team__id": 1,
      "team__briefing": "escort/attackers_goals_allies",
      "team__winSubtitle": "debriefing/escort/won_attack_subtitle",
      "team__loseSubtitle": "debriefing/escort/lost_attack_subtitle",
      "team__winTitle": "debriefing/escort/allies_won_attack",
      "team__spawnBotArmy": "moscow_allies"
    }
  },
  {
    "entity": {
      "_template": "berlin_train_carts",
      "transform": [
        [-1.0,0.0,0.0],
        [0.0,1.0,0.0],
        [0.0,0.0,-1.0],
        [816.404,10.1016,319.403]
      ],
      "train__teamOffense": 1,
      "train__teamDefense": 2,
      "train__offenseTeamAdvantageWeight": 1,
      "train__defenseTeamAdvantageWeight": 1
    }
  },
  {
    "entity": {
      "_template": "train_destination_point",
      "transform": [
        [1.0,0.0,0.0],
        [0.0,1.0,0.0],
        [0.0,0.0,1.0],
        [-366.684,10.9087,319.406]
      ]
    }
  },
  {
    "entity": {
      "_template": "basic_box+building_restricted_zone",
      "transform": [
        [1629.7,0.0,0.0],
        [0.0,7.26678,0.0],
        [0.0,0.0,8.43925],
        [251.733,9.71422,319.455]
      ]
    }
  },
  {
    "entity": {
      "_template": "respawn_camera",
      "respawnCameraForTeam": 1,
      "transform": [
        [1.0,0.0,0.0],
        [0.0,1.0,0.0],
        [0.0,0.0,1.0],
        [-61.0213,304.004,346.092]
      ]
    }
  },
  {
    "entity": {
      "_template": "respawn_camera",
      "respawnCameraForTeam": 2,
      "transform": [
        [1.0,0.0,0.0],
        [0.0,1.0,0.0],
        [0.0,0.0,1.0],
        [1138.09,312.541,313.673]
      ]
    }
  },
  {
    "entity": {
      "_template": "group_activator",
      "activator__activateChoice:object": {
        "sector_15": 1.0
      }
    }
  },
  {
    "entity": {
      "_template": "objective_train_zone",
      "capzone__onlyTeamCanCapture": 1,
      "groupName": "sector_15",
      "active": false,
      "transform": [
        [1.0,0.0,0.0],
        [0.0,1.0,0.0],
        [0.0,0.0,1.0],
        [606.89,8.57356,319.43]
      ],
      "capzone__activateChoice:object": {
        "sector_16": 1.0
      }
    }
  },
  {
    "entity": {
      "_template": "objective_train_zone",
      "capzone__onlyTeamCanCapture": 1,
      "groupName": "sector_16",
      "active": false,
      "transform": [
        [1.0,0.0,0.0],
        [0.0,1.0,0.0],
        [0.0,0.0,1.0],
        [544.762,8.57356,319.43]
      ],
      "capzone__activateChoice:object": {
        "sector_17": 1.0
      }
    }
  },
  {
    "entity": {
      "_template": "objective_train_zone",
      "capzone__onlyTeamCanCapture": 1,
      "groupName": "sector_17",
      "active": false,
      "transform": [
        [1.0,0.0,0.0],
        [0.0,1.0,0.0],
        [0.0,0.0,1.0],
        [485.46,8.57356,319.43]
      ],
      "capzone__activateChoice:object": {
        "sector_18": 1.0
      }
    }
  },
  {
    "entity": {
      "_template": "objective_train_zone",
      "capzone__onlyTeamCanCapture": 1,
      "groupName": "sector_18",
      "active": false,
      "transform": [
        [1.0,0.0,0.0],
        [0.0,1.0,0.0],
        [0.0,0.0,1.0],
        [425.018,8.57356,319.43]
      ],
      "capzone__activateChoice:object": {
        "sector_19": 1.0
      }
    }
  },
  {
    "entity": {
      "_template": "objective_train_zone",
      "capzone__onlyTeamCanCapture": 1,
      "groupName": "sector_19",
      "active": false,
      "transform": [
        [1.0,0.0,0.0],
        [0.0,1.0,0.0],
        [0.0,0.0,1.0],
        [367.275,8.57356,319.43]
      ],
      "capzone__activateChoice:object": {
        "sector_20": 1.0
      }
    }
  },
  {
    "entity": {
      "_template": "objective_train_zone",
      "capzone__onlyTeamCanCapture": 1,
      "groupName": "sector_20",
      "active": false,
      "transform": [
        [1.0,0.0,0.0],
        [0.0,1.0,0.0],
        [0.0,0.0,1.0],
        [310.104,8.57356,319.43]
      ],
      "capzone__activateChoice:object": {
        "sector_21": 1.0
      }
    }
  },
  {
    "entity": {
      "_template": "objective_train_zone",
      "capzone__onlyTeamCanCapture": 1,
      "groupName": "sector_21",
      "capzone__capReward": 250.0,
      "capzone__capRewardPartCap": 1.125,
      "capzone__alwaysHide": false,
      "capzone_timer__timeLeft": 2700.0,
      "capzone__icon": "train_cross",
      "capzone__iconOffsetY": 3.0,
      "capzone__narrator_zoneCaptured": "trainHalfWay",
      "capzone__narrator_zoneCapturedMessage": "Our train is halfway there",
      "capzone__narrator_zoneCapturedEnemy": "trainHalfWay",
      "capzone__narrator_zoneCapturedEnemyMessage": "Enemy train is halfway there",
      "capzone__narrator_zoneCapturedEnable": true,
      "active": false,
      "transform": [
        [1.0,0.0,0.0],
        [0.0,1.0,0.0],
        [0.0,0.0,1.0],
        [250.307,8.57356,319.43]
      ],
      "capzone__activateChoice:object": {
        "sector_22": 1.0
      }
    }
  },
  {
    "entity": {
      "_template": "objective_train_zone",
      "capzone__onlyTeamCanCapture": 1,
      "groupName": "sector_22",
      "active": false,
      "transform": [
        [1.0,0.0,0.0],
        [0.0,1.0,0.0],
        [0.0,0.0,1.0],
        [189.862,8.57356,319.43]
      ],
      "capzone__activateChoice:object": {
        "sector_23": 1.0
      }
    }
  },
  {
    "entity": {
      "_template": "objective_train_zone",
      "capzone__onlyTeamCanCapture": 1,
      "groupName": "sector_23",
      "active": false,
      "transform": [
        [1.0,0.0,0.0],
        [0.0,1.0,0.0],
        [0.0,0.0,1.0],
        [129.441,8.57356,319.43]
      ],
      "capzone__activateChoice:object": {
        "sector_24": 1.0
      }
    }
  },
  {
    "entity": {
      "_template": "objective_train_zone",
      "capzone__onlyTeamCanCapture": 1,
      "groupName": "sector_24",
      "active": false,
      "transform": [
        [1.0,0.0,0.0],
        [0.0,1.0,0.0],
        [0.0,0.0,1.0],
        [69.1722,9.43955,319.43]
      ],
      "capzone__activateChoice:object": {
        "sector_25": 1.0
      }
    }
  },
  {
    "entity": {
      "_template": "objective_train_zone",
      "capzone__onlyTeamCanCapture": 1,
      "groupName": "sector_25",
      "active": false,
      "transform": [
        [1.0,0.0,0.0],
        [0.0,1.0,0.0],
        [0.0,0.0,1.0],
        [10.4674,10.2976,319.43]
      ],
      "capzone__activateChoice:object": {
        "sector_26": 1.0
      }
    }
  },
  {
    "entity": {
      "_template": "objective_train_zone",
      "capzone__onlyTeamCanCapture": 1,
      "groupName": "sector_26",
      "active": false,
      "capzone__narrator_zoneCaptured": "trainAlmostWay",
      "capzone__narrator_zoneCapturedMessage": "Our train is almost there",
      "capzone__narrator_zoneCapturedEnemy": "trainAlmostWay",
      "capzone__narrator_zoneCapturedEnemyMessage": "Enemy train is almost there",
      "capzone__narrator_zoneCapturedEnable": true,
      "transform": [
        [1.0,0.0,0.0],
        [0.0,1.0,0.0],
        [0.0,0.0,1.0],
        [-47.7082,10.2976,319.43]
      ],
      "capzone__activateChoice:object": {
        "sector_27": 1.0
      }
    }
  },
  {
    "entity": {
      "_template": "objective_train_zone",
      "capzone__onlyTeamCanCapture": 1,
      "groupName": "sector_27",
      "active": false,
      "transform": [
        [1.0,0.0,0.0],
        [0.0,1.0,0.0],
        [0.0,0.0,1.0],
        [-106.193,10.2976,319.43]
      ],
      "capzone__activateChoice:object": {
        "sector_28": 1.0
      }
    }
  },
  {
    "entity": {
      "_template": "objective_train_zone",
      "capzone__onlyTeamCanCapture": 1,
      "groupName": "sector_28",
      "capzone__alwaysHide": false,
      "capzone_timer__timeLeft": 2700.0,
      "capzone__icon": "train_cross",
      "capzone__iconOffsetY": 3.0,
      "capzone__narrator_zoneCapturedEnable": true,
      "active": false,
      "transform": [
        [1.0,0.0,0.0],
        [0.0,1.0,0.0],
        [0.0,0.0,1.0],
        [-172.14,9.41165,319.43]
      ]
    }
  },
  {
    "entity": {
      "_template": "berlin_level",
      "level__blk": "content/enlisted/levels/battle_of_berlin_seelow_heights.blk"
    }
  },
  {
    "entity": {
      "_template": "water",
      "water__strength": 0.3,
      "water__level": 0.0
    }
  },
  {
    "entity": {
      "_template": "wind",
      "wind__strength": 1.3,
      "wind__dir": 190.0
    }
  },
  {
    "entity": {
      "_template": "clouds_hole_target",
      "transform": [
        [1.0,0.0,0.0],
        [0.0,1.0,0.0],
        [0.0,0.0,1.0],
        [0.0,0.0,0.0]
      ]
    }
  },
  {
    "entity": {
      "_template": "resupply_in_air_zone",
      "transform": [
        [-0.999999,0.0,-0.000445871],
        [0.0,1.0,0.0],
        [0.000445871,0.0,-0.999999],
        [3547.42,1000.0,957.255]
      ],
      "resupply_zone__team": 1
    }
  },
  {
    "entity": {
      "_template": "respAircraftInAir",
      "respawnbaseType": "aircraft_fighter",
      "transform": [
        [0.808044,0.0,0.589123],
        [0.0,1.0,0.0],
        [-0.589123,0.0,0.808044],
        [-1341.3,1023.92,-1281.53]
      ],
      "team": 2,
      "maxVehicleOnSpawn": 1,
      "respTime": 120
    }
  },
  {
    "entity": {
      "_template": "respAircraftInAir",
      "respawnbaseType": "aircraft_assault",
      "transform": [
        [0.746714,0.0,0.665145],
        [0.0,1.0,0.0],
        [-0.665145,0.0,0.746714],
        [-1450.05,823.92,-1141.59]
      ],
      "team": 2,
      "maxVehicleOnSpawn": 1,
      "respTime": 120
    }
  },
  {
    "entity": {
      "_template": "respAircraftInAir",
      "respawnbaseType": "aircraft_fighter",
      "transform": [
        [0.78176,0.0,0.623581],
        [0.0,1.0,0.0],
        [-0.623581,0.0,0.78176],
        [-1431.36,1023.92,-1153.38]
      ],
      "team": 2,
      "maxVehicleOnSpawn": 1,
      "respTime": 120
    }
  },
  {
    "entity": {
      "_template": "respAircraftInAir",
      "respawnbaseType": "aircraft_assault",
      "transform": [
        [0.787942,0.0,0.615749],
        [0.0,1.0,0.0],
        [-0.615749,0.0,0.787942],
        [-1341.3,823.92,-1281.53]
      ],
      "team": 2,
      "maxVehicleOnSpawn": 1,
      "respTime": 120
    }
  },
  {
    "entity": {
      "_template": "resupply_in_air_zone",
      "transform": [
        [0.327869,0.0,-0.944724],
        [0.0,1.0,0.0],
        [0.944724,0.0,0.327869],
        [-2825.47,1023.92,-369.472]
      ],
      "resupply_zone__team": 2
    }
  },
  {
    "entity": {
      "_template": "respAircraftInAir",
      "respawnbaseType": "aircraft_fighter",
      "transform": [
        [-0.784018,0.0,-0.620738],
        [0.0,1.0,0.0],
        [0.620738,0.0,-0.784018],
        [2063.69,988.137,1912.87]
      ],
      "team": 1,
      "maxVehicleOnSpawn": 1,
      "respTime": 120
    }
  },
  {
    "entity": {
      "_template": "respAircraftInAir",
      "respawnbaseType": "aircraft_assault",
      "transform": [
        [-0.784018,0.0,-0.620738],
        [0.0,1.0,0.0],
        [0.620738,0.0,-0.784018],
        [2063.69,788.137,1912.87]
      ],
      "team": 1,
      "maxVehicleOnSpawn": 1,
      "respTime": 120
    }
  },
  {
    "entity": {
      "_template": "respAircraftInAir",
      "respawnbaseType": "aircraft_fighter",
      "transform": [
        [-0.784018,0.0,-0.620738],
        [0.0,1.0,0.0],
        [0.620738,0.0,-0.784018],
        [2178.05,988.137,1814.91]
      ],
      "team": 1,
      "maxVehicleOnSpawn": 1,
      "respTime": 120
    }
  },
  {
    "entity": {
      "_template": "respAircraftInAir",
      "respawnbaseType": "aircraft_assault",
      "transform": [
        [-0.784018,0.0,-0.620738],
        [0.0,1.0,0.0],
        [0.620738,0.0,-0.784018],
        [2172.23,788.137,1770.62]
      ],
      "team": 1,
      "maxVehicleOnSpawn": 1,
      "respTime": 120
    }
  },
  {
    "entity": {
      "_template": "respawnChooser+respTeam2",
      "transform": [
        [0.990969,0.0,-0.134087],
        [0.0,1.0,0.0],
        [0.134087,0.0,0.990969],
        [477.962,10.2178,336.37]
      ],
      "groupName": "sector_15",
      "active": false
    }
  },
  {
    "entity": {
      "_template": "respawnChooser+respTeam2",
      "transform": [
        [0.704619,0.0,0.709585],
        [0.0,1.0,0.0],
        [-0.709585,0.0,0.704619],
        [499.085,7.98307,278.37]
      ],
      "groupName": "sector_15",
      "active": false
    }
  },
  {
    "entity": {
      "_template": "respawnChooser+respTeam2",
      "transform": [
        [0.998882,0.0,-0.0472731],
        [0.0,1.0,0.0],
        [0.0472731,0.0,0.998882],
        [441.598,8.15486,298.998]
      ],
      "groupName": "sector_16",
      "active": false
    }
  },
  {
    "entity": {
      "_template": "respawnChooser+respTeam2",
      "transform": [
        [0.975777,0.0,-0.218766],
        [0.0,1.0,0.0],
        [0.218766,0.0,0.975777],
        [427.779,9.6037,333.446]
      ],
      "groupName": "sector_16",
      "active": false
    }
  },
  {
    "entity": {
      "_template": "respawnChooser+respTeam2",
      "transform": [
        [0.337249,0.0,-0.941415],
        [0.0,1.0,0.0],
        [0.941415,0.0,0.337249],
        [433.583,9.82823,340.289]
      ],
      "groupName": "sector_16",
      "active": false
    }
  },
  {
    "entity": {
      "_template": "respawnChooser+respTeam2",
      "transform": [
        [0.968307,0.0,0.24976],
        [0.0,1.0,0.0],
        [-0.24976,0.0,0.968307],
        [413.596,8.82931,305.435]
      ],
      "groupName": "sector_17",
      "active": false
    }
  },
  {
    "entity": {
      "_template": "respawnChooser+respTeam2",
      "transform": [
        [0.352492,0.0,-0.935814],
        [0.0,1.0,0.0],
        [0.935814,0.0,0.352492],
        [393.131,9.07848,332.075]
      ],
      "groupName": "sector_17",
      "active": false
    }
  },
  {
    "entity": {
      "_template": "respawnChooser+respTeam2",
      "transform": [
        [0.194347,0.0,-0.980933],
        [0.0,1.0,0.0],
        [0.980933,0.0,0.194347],
        [397.708,9.26809,333.073]
      ],
      "groupName": "sector_17",
      "active": false
    }
  },
  {
    "entity": {
      "_template": "respawnChooser+respTeam2",
      "transform": [
        [0.993919,0.0,-0.11011],
        [0.0,1.0,0.0],
        [0.11011,0.0,0.993919],
        [335.025,0.866199,362.983]
      ],
      "groupName": "sector_18",
      "active": false
    }
  },
  {
    "entity": {
      "_template": "respawnChooser+respTeam2",
      "transform": [
        [0.948897,0.0,0.315584],
        [0.0,1.0,0.0],
        [-0.315584,0.0,0.948897],
        [333.534,1.87612,291.167]
      ],
      "groupName": "sector_18",
      "active": false
    }
  },
  {
    "entity": {
      "_template": "respawnChooser+respTeam2",
      "transform": [
        [0.999212,0.0,-0.0396908],
        [0.0,1.0,0.0],
        [0.0396908,0.0,0.999212],
        [323.801,2.32435,329.183]
      ],
      "groupName": "sector_18",
      "active": false
    }
  },
  {
    "entity": {
      "_template": "respawnChooser+respTeam2",
      "transform": [
        [0.922424,0.0,0.386178],
        [0.0,1.0,0.0],
        [-0.386178,0.0,0.922424],
        [197.642,8.91254,303.065]
      ],
      "groupName": "sector_19",
      "active": false
    }
  },
  {
    "entity": {
      "_template": "respawnChooser+respTeam2",
      "transform": [
        [0.741295,0.0,-0.67118],
        [0.0,1.0,0.0],
        [0.67118,0.0,0.741295],
        [185.026,5.98011,349.52]
      ],
      "groupName": "sector_19",
      "active": false
    }
  },
  {
    "entity": {
      "_template": "respawnChooser+respTeam2",
      "transform": [
        [0.921624,0.0,0.388084],
        [0.0,1.0,0.0],
        [-0.388084,0.0,0.921624],
        [137.312,8.6642,298.459]
      ],
      "groupName": "sector_20",
      "active": false
    }
  },
  {
    "entity": {
      "_template": "respawnChooser+respTeam2",
      "transform": [
        [0.913905,0.0,-0.405929],
        [0.0,1.0,0.0],
        [0.405929,0.0,0.913905],
        [152.021,7.53036,360.904]
      ],
      "groupName": "sector_20",
      "active": false
    }
  },
  {
    "entity": {
      "_template": "respawnChooser+respTeam2",
      "transform": [
        [0.708365,0.0,0.705846],
        [0.0,1.0,0.0],
        [-0.705846,0.0,0.708365],
        [82.3042,8.76516,301.066]
      ],
      "groupName": "sector_21",
      "active": false
    }
  },
  {
    "entity": {
      "_template": "respawnChooser+respTeam2",
      "transform": [
        [0.9675,0.0,0.252872],
        [0.0,1.0,0.0],
        [-0.252872,0.0,0.9675],
        [97.1176,9.10025,290.073]
      ],
      "groupName": "sector_21",
      "active": false
    }
  },
  {
    "entity": {
      "_template": "respawnChooser+respTeam2",
      "transform": [
        [0.749641,0.0,0.661845],
        [0.0,1.0,0.0],
        [-0.661845,0.0,0.749641],
        [103.497,8.78022,283.434]
      ],
      "groupName": "sector_21",
      "active": false
    }
  },
  {
    "entity": {
      "_template": "respawnChooser+respTeam2",
      "transform": [
        [0.813095,0.0,0.582131],
        [0.0,1.0,0.0],
        [-0.582131,0.0,0.813095],
        [22.6358,8.88932,302.856]
      ],
      "groupName": "sector_22",
      "active": false
    }
  },
  {
    "entity": {
      "_template": "respawnChooser+respTeam2",
      "transform": [
        [0.999271,0.0,-0.0381758],
        [0.0,1.0,0.0],
        [0.0381758,0.0,0.999271],
        [20.9415,9.10025,296.448]
      ],
      "groupName": "sector_22",
      "active": false
    }
  },
  {
    "entity": {
      "_template": "respawnChooser+respTeam2",
      "transform": [
        [0.9675,0.0,0.252872],
        [0.0,1.0,0.0],
        [-0.252872,0.0,0.9675],
        [-5.13674,9.10025,296.827]
      ],
      "groupName": "sector_23",
      "active": false
    }
  },
  {
    "entity": {
      "_template": "respawnChooser+respTeam2",
      "transform": [
        [0.996656,0.0,0.0817152],
        [0.0,1.0,0.0],
        [-0.0817152,0.0,0.996656],
        [-5.67881,9.10025,300.003]
      ],
      "groupName": "sector_23",
      "active": false
    }
  },
  {
    "entity": {
      "_template": "respawnChooser+respTeam2",
      "transform": [
        [0.983978,0.0,0.17829],
        [0.0,1.0,0.0],
        [-0.17829,0.0,0.983978],
        [-6.01875,9.10025,289.699]
      ],
      "groupName": "sector_23",
      "active": false
    }
  },
  {
    "entity": {
      "_template": "respawnChooser+respTeam2",
      "transform": [
        [0.9675,0.0,0.252872],
        [0.0,1.0,0.0],
        [-0.252872,0.0,0.9675],
        [-85.3686,10.0326,299.442]
      ],
      "groupName": "sector_24",
      "active": false
    }
  },
  {
    "entity": {
      "_template": "respawnChooser+respTeam2",
      "transform": [
        [0.459118,0.0,-0.888376],
        [0.0,1.0,0.0],
        [0.888376,0.0,0.459118],
        [-84.0665,9.87648,337.57]
      ],
      "groupName": "sector_24",
      "active": false
    }
  },
  {
    "entity": {
      "_template": "respawnChooser+respTeam2",
      "transform": [
        [0.834212,0.0,-0.551445],
        [0.0,1.0,0.0],
        [0.551445,0.0,0.834212],
        [-145.672,10.4354,333.919]
      ],
      "groupName": "sector_25",
      "active": false
    }
  },
  {
    "entity": {
      "_template": "respawnChooser+respTeam2",
      "transform": [
        [0.9675,0.0,0.252872],
        [0.0,1.0,0.0],
        [-0.252872,0.0,0.9675],
        [-151.168,11.1771,303.435]
      ],
      "groupName": "sector_25",
      "active": false
    }
  },
  {
    "entity": {
      "_template": "respawnChooser+respTeam2",
      "transform": [
        [0.986408,0.0,0.164314],
        [0.0,1.0,0.0],
        [-0.164314,0.0,0.986408],
        [-269.47,11.714,286.765]
      ],
      "groupName": "sector_27",
      "active": false
    }
  },
  {
    "entity": {
      "_template": "respawnChooser+respTeam2",
      "transform": [
        [0.96743,0.0,-0.253138],
        [0.0,1.0,0.0],
        [0.253138,0.0,0.96743],
        [-270.11,11.9167,334.656]
      ],
      "groupName": "sector_27",
      "active": false
    }
  },
  {
    "entity": {
      "_template": "respawnChooser+respTeam2",
      "transform": [
        [0.674583,0.0,0.738199],
        [0.0,1.0,0.0],
        [-0.738199,0.0,0.674583],
        [-279.117,11.9982,288.815]
      ],
      "groupName": "sector_27",
      "active": false
    }
  },
  {
    "entity": {
      "_template": "respawnChooser+respTeam2",
      "transform": [
        [0.900913,0.0,-0.434],
        [0.0,1.0,0.0],
        [0.434,0.0,0.900913],
        [-218.181,11.8443,337.167]
      ],
      "groupName": "sector_26",
      "active": false
    }
  },
  {
    "entity": {
      "_template": "respawnChooser+respTeam2",
      "transform": [
        [0.996113,0.0,0.088085],
        [0.0,1.0,0.0],
        [-0.088085,0.0,0.996113],
        [-205.801,10.9451,296.107]
      ],
      "groupName": "sector_26",
      "active": false
    }
  },
  {
    "entity": {
      "_template": "respawnChooser+respTeam2",
      "transform": [
        [0.995836,0.0,0.0911655],
        [0.0,1.0,0.0],
        [-0.0911655,0.0,0.995836],
        [-324.277,11.7816,278.204]
      ],
      "groupName": "sector_28",
      "active": false
    }
  },
  {
    "entity": {
      "_template": "respawnChooser+respTeam2",
      "transform": [
        [0.398825,0.0,-0.917027],
        [0.0,1.0,0.0],
        [0.917027,0.0,0.398825],
        [-316.478,11.9443,333.125]
      ],
      "groupName": "sector_28",
      "active": false
    }
  },
  {
    "entity": {
      "_template": "respawnChooser+respTeam2",
      "transform": [
        [0.502403,0.0,-0.864634],
        [0.0,1.0,0.0],
        [0.864634,0.0,0.502403],
        [-330.72,11.8261,334.686]
      ],
      "groupName": "sector_28",
      "active": false
    }
  },
  {
    "entity": {
      "_template": "respawnChooser+respTeam1",
      "transform": [
        [-0.171267,0.0,0.985225],
        [0.0,1.0,0.0],
        [-0.985225,0.0,-0.171267],
        [738.197,9.33738,280.499]
      ],
      "groupName": "sector_15",
      "active": false
    }
  },
  {
    "entity": {
      "_template": "respawnChooser+respTeam1",
      "transform": [
        [-0.28084,0.0,-0.959754],
        [0.0,1.0,0.0],
        [0.959754,0.0,-0.28084],
        [795.48,11.4567,337.44]
      ],
      "groupName": "sector_15",
      "active": false
    }
  },
  {
    "entity": {
      "_template": "respawnChooser+respTeam1",
      "transform": [
        [-0.884337,0.0,-0.46685],
        [0.0,1.0,0.0],
        [0.46685,0.0,-0.884337],
        [734.283,10.4207,344.501]
      ],
      "groupName": "sector_16",
      "active": false
    }
  },
  {
    "entity": {
      "_template": "respawnChooser+respTeam1",
      "transform": [
        [-0.177618,0.0,-0.984099],
        [0.0,1.0,0.0],
        [0.984099,0.0,-0.177618],
        [728.433,9.58671,371.351]
      ],
      "groupName": "sector_16",
      "active": false
    }
  },
  {
    "entity": {
      "_template": "respawnChooser+respTeam1",
      "transform": [
        [-0.990539,0.0,0.137227],
        [0.0,1.0,0.0],
        [-0.137227,0.0,-0.990539],
        [727.412,9.81866,276.462]
      ],
      "groupName": "sector_16",
      "active": false
    }
  },
  {
    "entity": {
      "_template": "respawnChooser+respTeam1",
      "transform": [
        [-0.946184,0.0,0.323631],
        [0.0,1.0,0.0],
        [-0.323631,0.0,-0.946184],
        [673.676,10.4207,289.262]
      ],
      "groupName": "sector_17",
      "active": false
    }
  },
  {
    "entity": {
      "_template": "respawnChooser+respTeam1",
      "transform": [
        [-0.992164,0.0,-0.124938],
        [0.0,1.0,0.0],
        [0.124938,0.0,-0.992164],
        [683.07,10.8802,345.195]
      ],
      "groupName": "sector_17",
      "active": false
    }
  },
  {
    "entity": {
      "_template": "respawnChooser+respTeam1",
      "transform": [
        [-0.865862,0.0,0.500283],
        [0.0,1.0,0.0],
        [-0.500283,0.0,-0.865862],
        [676.499,10.0505,295.971]
      ],
      "groupName": "sector_17",
      "active": false
    }
  },
  {
    "entity": {
      "_template": "respawnChooser+respTeam1",
      "transform": [
        [-0.950429,0.0,-0.310939],
        [0.0,1.0,0.0],
        [0.310939,0.0,-0.950429],
        [640.091,10.4207,338.345]
      ],
      "groupName": "sector_18",
      "active": false
    }
  },
  {
    "entity": {
      "_template": "respawnChooser+respTeam1",
      "transform": [
        [-0.968417,0.0,0.249333],
        [0.0,1.0,0.0],
        [-0.249333,0.0,-0.968417],
        [604.224,10.2181,274.791]
      ],
      "groupName": "sector_18",
      "active": false
    }
  },
  {
    "entity": {
      "_template": "respawnChooser+respTeam1",
      "transform": [
        [-0.326805,0.0,0.945092],
        [0.0,1.0,0.0],
        [-0.945092,0.0,-0.326805],
        [544.839,9.27679,283.412]
      ],
      "groupName": "sector_19",
      "active": false
    }
  },
  {
    "entity": {
      "_template": "respawnChooser+respTeam1",
      "transform": [
        [-0.986408,0.0,-0.164312],
        [0.0,1.0,0.0],
        [0.164312,0.0,-0.986408],
        [564.893,10.4207,354.078]
      ],
      "groupName": "sector_19",
      "active": false
    }
  },
  {
    "entity": {
      "_template": "respawnChooser+respTeam1",
      "transform": [
        [-0.804762,0.0,0.593595],
        [0.0,1.0,0.0],
        [-0.593595,0.0,-0.804762],
        [558.738,10.4207,304.105]
      ],
      "groupName": "sector_19",
      "active": false
    }
  },
  {
    "entity": {
      "_template": "respawnChooser+respTeam1",
      "transform": [
        [-0.760173,0.0,-0.64972],
        [0.0,1.0,0.0],
        [0.64972,0.0,-0.760173],
        [508.971,9.07623,350.648]
      ],
      "groupName": "sector_20",
      "active": false
    }
  },
  {
    "entity": {
      "_template": "respawnChooser+respTeam1",
      "transform": [
        [-0.824221,0.0,-0.566267],
        [0.0,1.0,0.0],
        [0.566267,0.0,-0.824221],
        [515.454,9.21549,338.466]
      ],
      "groupName": "sector_20",
      "active": false
    }
  },
  {
    "entity": {
      "_template": "respawnChooser+respTeam1",
      "transform": [
        [-0.674978,0.0,0.737837],
        [0.0,1.0,0.0],
        [-0.737837,0.0,-0.674978],
        [528.664,9.12714,304.552]
      ],
      "groupName": "sector_20",
      "active": false
    }
  },
  {
    "entity": {
      "_template": "respawnChooser+respTeam1",
      "transform": [
        [-0.174009,0.0,0.984744],
        [0.0,1.0,0.0],
        [-0.984744,0.0,-0.174009],
        [500.587,8.1054,278.557]
      ],
      "groupName": "sector_20",
      "active": false
    }
  },
  {
    "entity": {
      "_template": "respawnChooser+respTeam1",
      "transform": [
        [-0.581577,0.0,-0.813491],
        [0.0,1.0,0.0],
        [0.813491,0.0,-0.581577],
        [455.335,10.0423,339.623]
      ],
      "groupName": "sector_21",
      "active": false
    }
  },
  {
    "entity": {
      "_template": "respawnChooser+respTeam1",
      "transform": [
        [-0.694778,0.0,-0.719224],
        [0.0,1.0,0.0],
        [0.719224,0.0,-0.694778],
        [462.583,10.4354,336.2]
      ],
      "groupName": "sector_21",
      "active": false
    }
  },
  {
    "entity": {
      "_template": "respawnChooser+respTeam1",
      "transform": [
        [-0.339554,0.0,-0.940586],
        [0.0,1.0,0.0],
        [0.940586,0.0,-0.339554],
        [435.768,9.67287,340.389]
      ],
      "groupName": "sector_21",
      "active": false
    }
  },
  {
    "entity": {
      "_template": "respawnChooser+respTeam1",
      "transform": [
        [-0.741795,0.0,-0.670626],
        [0.0,1.0,0.0],
        [0.670626,0.0,-0.741795],
        [398.265,8.74743,332.495]
      ],
      "groupName": "sector_22",
      "active": false
    }
  },
  {
    "entity": {
      "_template": "respawnChooser+respTeam1",
      "transform": [
        [-0.421863,0.0,0.906659],
        [0.0,1.0,0.0],
        [-0.906659,0.0,-0.421863],
        [421.601,8.92451,304.478]
      ],
      "groupName": "sector_22",
      "active": false
    }
  },
  {
    "entity": {
      "_template": "respawnChooser+respTeam1",
      "transform": [
        [-0.741139,0.0,-0.67135],
        [0.0,1.0,0.0],
        [0.67135,0.0,-0.741139],
        [375.429,7.00387,363.559]
      ],
      "groupName": "sector_22",
      "active": false
    }
  },
  {
    "entity": {
      "_template": "respawnChooser+respTeam1",
      "transform": [
        [-0.996495,0.0,-0.0836386],
        [0.0,1.0,0.0],
        [0.0836386,0.0,-0.996495],
        [390.71,8.92451,305.563]
      ],
      "groupName": "sector_23",
      "active": false
    }
  },
  {
    "entity": {
      "_template": "respawnChooser+respTeam1",
      "transform": [
        [-0.348669,0.0,-0.937245],
        [0.0,1.0,0.0],
        [0.937245,0.0,-0.348669],
        [394.592,8.68187,332.818]
      ],
      "groupName": "sector_23",
      "active": false
    }
  },
  {
    "entity": {
      "_template": "respawnChooser+respTeam1",
      "transform": [
        [-0.721245,0.0,0.692678],
        [0.0,1.0,0.0],
        [-0.692678,0.0,-0.721245],
        [275.363,3.16585,317.804]
      ],
      "groupName": "sector_24",
      "active": false
    }
  },
  {
    "entity": {
