[
  {
    "entity": {
      "_template": "battle_area_polygon_point",
      "transform": [
        [0.960359,0.0,0.278767],
        [0.0,1.0,0.0],
        [-0.278767,0.0,0.960359],
        [338.162,0.182863,-518.236]
      ],
      "battle_area_polygon_point__forBattleAreaId": "1_area1",
      "battle_area_polygon_point__id": "point1",
      "battle_area_polygon_point__nextId": "point2"
    }
  },
  {
    "entity": {
      "_template": "battle_area_polygon_point",
      "transform": [
        [0.985179,0.0,0.171535],
        [0.0,1.0,0.0],
        [-0.171535,0.0,0.985179],
        [357.068,1.94759,-598.652]
      ],
      "battle_area_polygon_point__forBattleAreaId": "1_area1",
      "battle_area_polygon_point__id": "point2",
      "battle_area_polygon_point__nextId": "point3"
    }
  },
  {
    "entity": {
      "_template": "battle_area_polygon_point",
      "transform": [
        [0.976135,0.0,0.217164],
        [0.0,1.0,0.0],
        [-0.217164,0.0,0.976135],
        [526.431,2.54762,-568.476]
      ],
      "battle_area_polygon_point__forBattleAreaId": "1_area1",
      "battle_area_polygon_point__id": "point3",
      "battle_area_polygon_point__nextId": "point4"
    }
  },
  {
    "entity": {
      "_template": "battle_area_polygon_point",
      "transform": [
        [0.955779,0.0,0.294087],
        [0.0,1.0,0.0],
        [-0.294087,0.0,0.955779],
        [628.299,2.0669,-535.01]
      ],
      "battle_area_polygon_point__forBattleAreaId": "1_area1",
      "battle_area_polygon_point__id": "point4",
      "battle_area_polygon_point__nextId": "point5"
    }
  },
  {
    "entity": {
      "_template": "battle_area_polygon_point",
      "transform": [
        [0.938686,0.0,0.344774],
        [0.0,1.0,-0.0],
        [-0.344774,0.0,0.938686],
        [678.276,3.25163,-516.391]
      ],
      "battle_area_polygon_point__forBattleAreaId": "1_area1",
      "battle_area_polygon_point__id": "point5",
      "battle_area_polygon_point__nextId": "point6"
    }
  },
  {
    "entity": {
      "_template": "battle_area_polygon_point",
      "transform": [
        [0.946175,0.0,0.323656],
        [0.0,1.0,-0.0],
        [-0.323656,0.0,0.946175],
        [658.503,2.26954,-457.869]
      ],
      "battle_area_polygon_point__forBattleAreaId": "1_area1",
      "battle_area_polygon_point__id": "point6",
      "battle_area_polygon_point__nextId": "point7"
    }
  },
  {
    "entity": {
      "_template": "battle_area_polygon_point",
      "transform": [
        [0.994673,0.0,0.103083],
        [0.0,1.0,-0.0],
        [-0.103083,0.0,0.994673],
        [577.96,1.91122,-216.629]
      ],
      "battle_area_polygon_point__forBattleAreaId": "1_area1",
      "battle_area_polygon_point__id": "point7",
      "battle_area_polygon_point__nextId": "point8"
    }
  },
  {
    "entity": {
      "_template": "battle_area_polygon_point",
      "transform": [
        [0.949023,0.0,0.315207],
        [0.0,1.0,0.0],
        [-0.315207,0.0,0.949023],
        [530.467,1.91122,-221.297]
      ],
      "battle_area_polygon_point__forBattleAreaId": "1_area1",
      "battle_area_polygon_point__id": "point8",
      "battle_area_polygon_point__nextId": "point9"
    }
  },
  {
    "entity": {
      "_template": "battle_area_polygon_point",
      "transform": [
        [0.949023,0.0,0.315207],
        [0.0,1.0,0.0],
        [-0.315207,0.0,0.949023],
        [502.676,1.91122,-211.259]
      ],
      "battle_area_polygon_point__forBattleAreaId": "1_area1",
      "battle_area_polygon_point__id": "point9",
      "battle_area_polygon_point__nextId": "point10"
    }
  },
  {
    "entity": {
      "_template": "battle_area_polygon_point",
      "transform": [
        [0.949023,0.0,0.315207],
        [0.0,1.0,0.0],
        [-0.315207,0.0,0.949023],
        [434.026,1.91122,-229.131]
      ],
      "battle_area_polygon_point__forBattleAreaId": "1_area1",
      "battle_area_polygon_point__id": "point10",
      "battle_area_polygon_point__nextId": "point11"
    }
  },
  {
    "entity": {
      "_template": "battle_area_polygon_point",
      "transform": [
        [0.949023,0.0,0.315207],
        [0.0,1.0,0.0],
        [-0.315207,0.0,0.949023],
        [329.015,1.91122,-245.335]
      ],
      "battle_area_polygon_point__forBattleAreaId": "1_area1",
      "battle_area_polygon_point__id": "point11",
      "battle_area_polygon_point__nextId": "point12"
    }
  },
  {
    "entity": {
      "_template": "battle_area_polygon_point",
      "transform": [
        [0.999997,0.0,0.00262718],
        [0.0,1.0,-0.0],
        [-0.00262718,0.0,0.999997],
        [325.349,1.91122,-281.165]
      ],
      "battle_area_polygon_point__forBattleAreaId": "1_area1",
      "battle_area_polygon_point__id": "point12",
      "battle_area_polygon_point__nextId": "point13"
    }
  },
  {
    "entity": {
      "_template": "battle_area_polygon_point",
      "transform": [
        [0.991501,0.0,0.1301],
        [0.0,1.0,-0.0],
        [-0.1301,0.0,0.991501],
        [275.498,1.91122,-287.373]
      ],
      "battle_area_polygon_point__forBattleAreaId": "1_area1",
      "battle_area_polygon_point__id": "point13",
      "battle_area_polygon_point__nextId": "point14"
    }
  },
  {
    "entity": {
      "_template": "battle_area_polygon_point",
      "transform": [
        [0.991501,0.0,0.1301],
        [0.0,1.0,-0.0],
        [-0.1301,0.0,0.991501],
        [304.118,1.91122,-437.569]
      ],
      "battle_area_polygon_point__forBattleAreaId": "1_area1",
      "battle_area_polygon_point__id": "point14",
      "battle_area_polygon_point__nextId": "point15"
    }
  },
  {
    "entity": {
      "_template": "battle_area_polygon_point",
      "transform": [
        [0.991501,0.0,0.1301],
        [0.0,1.0,-0.0],
        [-0.1301,0.0,0.991501],
        [325.836,1.91122,-484.273]
      ],
      "battle_area_polygon_point__forBattleAreaId": "1_area1",
      "battle_area_polygon_point__id": "point15",
      "battle_area_polygon_point__nextId": "point1"
    }
  },
  {
    "entity": {
      "_template": "battle_area_polygon_point",
      "transform": [
        [0.931439,0.0,0.363897],
        [0.0,1.0,0.0],
        [-0.363897,0.0,0.931439],
        [720.976,-0.840502,-629.271]
      ],
      "battle_area_polygon_point__forBattleAreaId": "1_area2",
      "battle_area_polygon_point__id": "point1",
      "battle_area_polygon_point__nextId": "point2"
    }
  },
  {
    "entity": {
      "_template": "battle_area_polygon_point",
      "transform": [
        [0.948738,0.0,0.316063],
        [0.0,1.0,0.0],
        [-0.316063,0.0,0.948738],
        [632.846,1.16173,-369.958]
      ],
      "battle_area_polygon_point__forBattleAreaId": "1_area2",
      "battle_area_polygon_point__id": "point2",
      "battle_area_polygon_point__nextId": "point3"
    }
  },
  {
    "entity": {
      "_template": "battle_area_polygon_point",
      "transform": [
        [0.95221,0.0,0.305445],
        [0.0,1.0,0.0],
        [-0.305445,0.0,0.95221],
        [538.987,-0.255541,-398.876]
      ],
      "battle_area_polygon_point__forBattleAreaId": "1_area2",
      "battle_area_polygon_point__id": "point3",
      "battle_area_polygon_point__nextId": "point4"
    }
  },
  {
    "entity": {
      "_template": "battle_area_polygon_point",
      "transform": [
        [0.951196,0.0,0.308586],
        [0.0,1.0,-0.0],
        [-0.308586,0.0,0.951196],
        [533.733,-0.529949,-398.394]
      ],
      "battle_area_polygon_point__forBattleAreaId": "1_area2",
      "battle_area_polygon_point__id": "point4",
      "battle_area_polygon_point__nextId": "point5"
    }
  },
  {
    "entity": {
      "_template": "battle_area_polygon_point",
      "transform": [
        [0.951196,0.0,0.308586],
        [0.0,1.0,-0.0],
        [-0.308586,0.0,0.951196],
        [454.951,-0.529949,-423.952]
      ],
      "battle_area_polygon_point__forBattleAreaId": "1_area2",
      "battle_area_polygon_point__id": "point5",
      "battle_area_polygon_point__nextId": "point6"
    }
  },
  {
    "entity": {
      "_template": "battle_area_polygon_point",
      "transform": [
        [0.951196,0.0,0.308586],
        [0.0,1.0,-0.0],
        [-0.308586,0.0,0.951196],
        [413.123,-0.529949,-427.301]
      ],
      "battle_area_polygon_point__forBattleAreaId": "1_area2",
      "battle_area_polygon_point__id": "point6",
      "battle_area_polygon_point__nextId": "point7"
    }
  },
  {
    "entity": {
      "_template": "battle_area_polygon_point",
      "transform": [
        [0.951196,0.0,0.308586],
        [0.0,1.0,-0.0],
        [-0.308586,0.0,0.951196],
        [373.483,-0.529949,-438.52]
      ],
      "battle_area_polygon_point__forBattleAreaId": "1_area2",
      "battle_area_polygon_point__id": "point7",
      "battle_area_polygon_point__nextId": "point8"
    }
  },
  {
    "entity": {
      "_template": "battle_area_polygon_point",
      "transform": [
        [0.951196,0.0,0.308586],
        [0.0,1.0,-0.0],
        [-0.308586,0.0,0.951196],
        [309.55,-0.529949,-462.648]
      ],
      "battle_area_polygon_point__forBattleAreaId": "1_area2",
      "battle_area_polygon_point__id": "point8",
      "battle_area_polygon_point__nextId": "point9"
    }
  },
  {
    "entity": {
      "_template": "battle_area_polygon_point",
      "transform": [
        [0.951196,0.0,0.308586],
        [0.0,1.0,-0.0],
        [-0.308586,0.0,0.951196],
        [294.008,-0.529949,-474.111]
      ],
      "battle_area_polygon_point__forBattleAreaId": "1_area2",
      "battle_area_polygon_point__id": "point9",
      "battle_area_polygon_point__nextId": "point10"
    }
  },
  {
    "entity": {
      "_template": "battle_area_polygon_point",
      "transform": [
        [0.993392,0.0,-0.114773],
        [0.0,1.0,0.0],
        [0.114773,-0.0,0.993392],
        [182.354,-0.529949,-465.317]
      ],
      "battle_area_polygon_point__forBattleAreaId": "1_area2",
      "battle_area_polygon_point__id": "point10",
      "battle_area_polygon_point__nextId": "point11"
    }
  },
  {
    "entity": {
      "_template": "battle_area_polygon_point",
      "transform": [
        [0.99862,0.0,-0.0525161],
        [0.0,1.0,0.0],
        [0.0525161,-0.0,0.99862],
        [167.631,-0.529949,-729.366]
      ],
      "battle_area_polygon_point__forBattleAreaId": "1_area2",
      "battle_area_polygon_point__id": "point11",
      "battle_area_polygon_point__nextId": "point12"
    }
  },
  {
    "entity": {
      "_template": "battle_area_polygon_point",
      "transform": [
        [0.991208,0.0,0.132314],
        [0.0,1.0,-0.0],
        [-0.132314,0.0,0.991208],
        [709.755,-0.529949,-648.214]
      ],
      "battle_area_polygon_point__forBattleAreaId": "1_area2",
      "battle_area_polygon_point__id": "point12",
      "battle_area_polygon_point__nextId": "point1"
    }
  },
  {
    "entity": {
      "_template": "battle_area_polygon_point",
      "transform": [
        [0.937137,0.0,0.34896],
        [0.0,1.0,-0.0],
        [-0.34896,0.0,0.937137],
        [573.254,4.07727,-322.28]
      ],
      "battle_area_polygon_point__forBattleAreaId": "2_area1",
      "battle_area_polygon_point__id": "point1",
      "battle_area_polygon_point__nextId": "point2"
    }
  },
  {
    "entity": {
      "_template": "battle_area_polygon_point",
      "transform": [
        [0.937137,0.0,0.34896],
        [0.0,1.0,-0.0],
        [-0.34896,0.0,0.937137],
        [379.014,4.07727,-389.287]
      ],
      "battle_area_polygon_point__forBattleAreaId": "2_area1",
      "battle_area_polygon_point__id": "point2",
      "battle_area_polygon_point__nextId": "point3"
    }
  },
  {
    "entity": {
      "_template": "battle_area_polygon_point",
      "transform": [
        [0.937137,0.0,0.34896],
        [0.0,1.0,-0.0],
        [-0.34896,0.0,0.937137],
        [342.843,4.07727,-406.274]
      ],
      "battle_area_polygon_point__forBattleAreaId": "2_area1",
      "battle_area_polygon_point__id": "point3",
      "battle_area_polygon_point__nextId": "point4"
    }
  },
  {
    "entity": {
      "_template": "battle_area_polygon_point",
      "transform": [
        [0.967724,0.0,0.25201],
        [0.0,1.0,-0.0],
        [-0.25201,0.0,0.967724],
        [314.999,4.07727,-415.996]
      ],
      "battle_area_polygon_point__forBattleAreaId": "2_area1",
      "battle_area_polygon_point__id": "point4",
      "battle_area_polygon_point__nextId": "point5"
    }
  },
  {
    "entity": {
      "_template": "battle_area_polygon_point",
      "transform": [
        [0.984468,0.0,0.175563],
        [0.0,1.0,-0.0],
        [-0.175563,0.0,0.984468],
        [311.712,4.07727,-499.193]
      ],
      "battle_area_polygon_point__forBattleAreaId": "2_area1",
      "battle_area_polygon_point__id": "point5",
      "battle_area_polygon_point__nextId": "point6"
    }
  },
  {
    "entity": {
      "_template": "battle_area_polygon_point",
      "transform": [
        [0.984468,0.0,0.175563],
        [0.0,1.0,-0.0],
        [-0.175563,0.0,0.984468],
        [324.249,4.07727,-569.494]
      ],
      "battle_area_polygon_point__forBattleAreaId": "2_area1",
      "battle_area_polygon_point__id": "point6",
      "battle_area_polygon_point__nextId": "point7"
    }
  },
  {
    "entity": {
      "_template": "battle_area_polygon_point",
      "transform": [
        [0.984468,0.0,0.175563],
        [0.0,1.0,-0.0],
        [-0.175563,0.0,0.984468],
        [317.993,4.07727,-615.314]
      ],
      "battle_area_polygon_point__forBattleAreaId": "2_area1",
      "battle_area_polygon_point__id": "point7",
      "battle_area_polygon_point__nextId": "point8"
    }
  },
  {
    "entity": {
      "_template": "battle_area_polygon_point",
      "transform": [
        [0.987665,0.0,0.15658],
        [0.0,1.0,-0.0],
        [-0.15658,0.0,0.987665],
        [333.66,4.07727,-703.168]
      ],
      "battle_area_polygon_point__forBattleAreaId": "2_area1",
      "battle_area_polygon_point__id": "point8",
      "battle_area_polygon_point__nextId": "point9"
    }
  },
  {
    "entity": {
      "_template": "battle_area_polygon_point",
      "transform": [
        [0.987665,0.0,0.15658],
        [0.0,1.0,-0.0],
        [-0.15658,0.0,0.987665],
        [627.751,4.07727,-656.544]
      ],
      "battle_area_polygon_point__forBattleAreaId": "2_area1",
      "battle_area_polygon_point__id": "point9",
      "battle_area_polygon_point__nextId": "point10"
    }
  },
  {
    "entity": {
      "_template": "battle_area_polygon_point",
      "transform": [
        [0.93444,0.0,0.35612],
        [0.0,1.0,-0.0],
        [-0.35612,0.0,0.93444],
        [675.466,4.07727,-616.412]
      ],
      "battle_area_polygon_point__forBattleAreaId": "2_area1",
      "battle_area_polygon_point__id": "point10",
      "battle_area_polygon_point__nextId": "point11"
    }
  },
  {
    "entity": {
      "_template": "battle_area_polygon_point",
      "transform": [
        [0.93444,0.0,0.35612],
        [0.0,1.0,-0.0],
        [-0.35612,0.0,0.93444],
        [616.257,4.07727,-452.133]
      ],
      "battle_area_polygon_point__forBattleAreaId": "2_area1",
      "battle_area_polygon_point__id": "point11",
      "battle_area_polygon_point__nextId": "point1"
    }
  },
  {
    "entity": {
      "_template": "battle_area_polygon_point",
      "transform": [
        [1.0,0.0,0.0],
        [0.0,1.0,0.0],
        [0.0,0.0,1.0],
        [116.775,3.94534,-586.587]
      ],
      "battle_area_polygon_point__forBattleAreaId": "2_area2",
      "battle_area_polygon_point__id": "point1",
      "battle_area_polygon_point__nextId": "point2"
    }
  },
  {
    "entity": {
      "_template": "battle_area_polygon_point",
      "transform": [
        [1.0,0.0,0.0],
        [0.0,1.0,0.0],
        [0.0,0.0,1.0],
        [137.32,3.94534,-623.249]
      ],
      "battle_area_polygon_point__forBattleAreaId": "2_area2",
      "battle_area_polygon_point__id": "point2",
      "battle_area_polygon_point__nextId": "point3"
    }
  },
  {
    "entity": {
      "_template": "battle_area_polygon_point",
      "transform": [
        [0.996931,0.0,-0.0782881],
        [0.0,1.0,0.0],
        [0.0782881,-0.0,0.996931],
        [173.593,3.94534,-625.746]
      ],
      "battle_area_polygon_point__forBattleAreaId": "2_area2",
      "battle_area_polygon_point__id": "point3",
      "battle_area_polygon_point__nextId": "point4"
    }
  },
  {
    "entity": {
      "_template": "battle_area_polygon_point",
      "transform": [
        [0.999104,0.0,-0.0423248],
        [0.0,1.0,0.0],
        [0.0423248,-0.0,0.999104],
        [167.731,3.94534,-706.966]
      ],
      "battle_area_polygon_point__forBattleAreaId": "2_area2",
      "battle_area_polygon_point__id": "point4",
      "battle_area_polygon_point__nextId": "point5"
    }
  },
  {
    "entity": {
      "_template": "battle_area_polygon_point",
      "transform": [
        [0.980914,0.0,0.194443],
        [0.0,1.0,-0.0],
        [-0.194443,0.0,0.980914],
        [193.932,3.94534,-724.274]
      ],
      "battle_area_polygon_point__forBattleAreaId": "2_area2",
      "battle_area_polygon_point__id": "point5",
      "battle_area_polygon_point__nextId": "point6"
    }
  },
  {
    "entity": {
      "_template": "battle_area_polygon_point",
      "transform": [
        [0.980914,0.0,0.194443],
        [0.0,1.0,-0.0],
        [-0.194443,0.0,0.980914],
        [317.012,3.94534,-709.646]
      ],
      "battle_area_polygon_point__forBattleAreaId": "2_area2",
      "battle_area_polygon_point__id": "point6",
      "battle_area_polygon_point__nextId": "point7"
    }
  },
  {
    "entity": {
      "_template": "battle_area_polygon_point",
      "transform": [
        [0.980914,0.0,0.194443],
        [0.0,1.0,-0.0],
        [-0.194443,0.0,0.980914],
        [424.65,3.94534,-693.264]
      ],
      "battle_area_polygon_point__forBattleAreaId": "2_area2",
      "battle_area_polygon_point__id": "point7",
      "battle_area_polygon_point__nextId": "point8"
    }
  },
  {
    "entity": {
      "_template": "battle_area_polygon_point",
      "transform": [
        [0.987365,0.0,0.158462],
        [0.0,1.0,-0.0],
        [-0.158462,0.0,0.987365],
        [429.281,3.94534,-652.527]
      ],
      "battle_area_polygon_point__forBattleAreaId": "2_area2",
      "battle_area_polygon_point__id": "point8",
      "battle_area_polygon_point__nextId": "point9"
    }
  },
  {
    "entity": {
      "_template": "battle_area_polygon_point",
      "transform": [
        [0.987365,0.0,0.158462],
        [0.0,1.0,-0.0],
        [-0.158462,0.0,0.987365],
        [400.974,3.94534,-476.15]
      ],
      "battle_area_polygon_point__forBattleAreaId": "2_area2",
      "battle_area_polygon_point__id": "point9",
      "battle_area_polygon_point__nextId": "point10"
    }
  },
  {
    "entity": {
      "_template": "battle_area_polygon_point",
      "transform": [
        [0.987365,0.0,0.158462],
        [0.0,1.0,-0.0],
        [-0.158462,0.0,0.987365],
        [387.813,3.94534,-432.144]
      ],
      "battle_area_polygon_point__forBattleAreaId": "2_area2",
      "battle_area_polygon_point__id": "point10",
      "battle_area_polygon_point__nextId": "point11"
    }
  },
  {
    "entity": {
      "_template": "battle_area_polygon_point",
      "transform": [
        [0.987365,0.0,0.158462],
        [0.0,1.0,-0.0],
        [-0.158462,0.0,0.987365],
        [355.153,3.94534,-396.699]
      ],
      "battle_area_polygon_point__forBattleAreaId": "2_area2",
      "battle_area_polygon_point__id": "point11",
      "battle_area_polygon_point__nextId": "point12"
    }
  },
  {
    "entity": {
      "_template": "battle_area_polygon_point",
      "transform": [
        [0.942854,0.0,0.333207],
        [0.0,1.0,-0.0],
        [-0.333207,0.0,0.942854],
        [322.237,3.94534,-355.847]
      ],
      "battle_area_polygon_point__forBattleAreaId": "2_area2",
      "battle_area_polygon_point__id": "point12",
      "battle_area_polygon_point__nextId": "point13"
    }
  },
  {
    "entity": {
      "_template": "battle_area_polygon_point",
      "transform": [
        [0.942854,0.0,0.333207],
        [0.0,1.0,-0.0],
        [-0.333207,0.0,0.942854],
        [171.642,3.94534,-405.333]
      ],
      "battle_area_polygon_point__forBattleAreaId": "2_area2",
      "battle_area_polygon_point__id": "point13",
      "battle_area_polygon_point__nextId": "point14"
    }
  },
  {
    "entity": {
      "_template": "battle_area_polygon_point",
      "transform": [
        [0.942854,0.0,0.333207],
        [0.0,1.0,-0.0],
        [-0.333207,0.0,0.942854],
        [89.9409,3.94534,-518.581]
      ],
      "battle_area_polygon_point__forBattleAreaId": "2_area2",
      "battle_area_polygon_point__id": "point14",
      "battle_area_polygon_point__nextId": "point1"
    }
  },
  {
    "entity": {
      "_template": "battle_area_polygon_point",
      "transform": [
        [0.988862,0.0,0.148834],
        [0.0,1.0,-0.0],
        [-0.148834,0.0,0.988862],
        [211.212,3.29961,-588.598]
      ],
      "battle_area_polygon_point__forBattleAreaId": "3_area1",
      "battle_area_polygon_point__id": "point1",
      "battle_area_polygon_point__nextId": "point2"
    }
  },
  {
    "entity": {
      "_template": "battle_area_polygon_point",
      "transform": [
        [0.988862,0.0,0.148834],
        [0.0,1.0,-0.0],
        [-0.148834,0.0,0.988862],
        [207.158,3.29961,-632.383]
      ],
      "battle_area_polygon_point__forBattleAreaId": "3_area1",
      "battle_area_polygon_point__id": "point2",
      "battle_area_polygon_point__nextId": "point3"
    }
  },
  {
    "entity": {
      "_template": "battle_area_polygon_point",
      "transform": [
        [0.988862,0.0,0.148834],
        [0.0,1.0,-0.0],
        [-0.148834,0.0,0.988862],
        [204.284,3.29961,-650.028]
      ],
      "battle_area_polygon_point__forBattleAreaId": "3_area1",
      "battle_area_polygon_point__id": "point3",
      "battle_area_polygon_point__nextId": "point4"
    }
  },
  {
    "entity": {
      "_template": "battle_area_polygon_point",
      "transform": [
        [0.988862,0.0,0.148834],
        [0.0,1.0,-0.0],
        [-0.148834,0.0,0.988862],
        [200.598,3.29961,-699.459]
      ],
      "battle_area_polygon_point__forBattleAreaId": "3_area1",
      "battle_area_polygon_point__id": "point4",
      "battle_area_polygon_point__nextId": "point5"
    }
  },
  {
    "entity": {
      "_template": "battle_area_polygon_point",
      "transform": [
        [0.988862,0.0,0.148834],
        [0.0,1.0,-0.0],
        [-0.148834,0.0,0.988862],
        [204.514,3.29961,-725.135]
      ],
      "battle_area_polygon_point__forBattleAreaId": "3_area1",
      "battle_area_polygon_point__id": "point5",
      "battle_area_polygon_point__nextId": "point6"
    }
  },
  {
    "entity": {
      "_template": "battle_area_polygon_point",
      "transform": [
        [0.988862,0.0,0.148834],
        [0.0,1.0,-0.0],
        [-0.148834,0.0,0.988862],
        [471.066,3.29961,-685.016]
      ],
      "battle_area_polygon_point__forBattleAreaId": "3_area1",
      "battle_area_polygon_point__id": "point6",
      "battle_area_polygon_point__nextId": "point7"
    }
  },
  {
    "entity": {
      "_template": "battle_area_polygon_point",
      "transform": [
        [0.988862,0.0,0.148834],
        [0.0,1.0,-0.0],
        [-0.148834,0.0,0.988862],
        [630.264,3.29961,-661.056]
      ],
      "battle_area_polygon_point__forBattleAreaId": "3_area1",
      "battle_area_polygon_point__id": "point7",
      "battle_area_polygon_point__nextId": "point8"
    }
  },
  {
    "entity": {
      "_template": "battle_area_polygon_point",
      "transform": [
        [0.939126,0.0,0.343574],
        [0.0,1.0,-0.0],
        [-0.343574,0.0,0.939126],
        [655.523,3.29961,-622.006]
      ],
      "battle_area_polygon_point__forBattleAreaId": "3_area1",
      "battle_area_polygon_point__id": "point8",
      "battle_area_polygon_point__nextId": "point9"
    }
  },
  {
    "entity": {
      "_template": "battle_area_polygon_point",
      "transform": [
        [0.939126,0.0,0.343574],
        [0.0,1.0,-0.0],
        [-0.343574,0.0,0.939126],
        [552.09,3.29961,-339.283]
      ],
      "battle_area_polygon_point__forBattleAreaId": "3_area1",
      "battle_area_polygon_point__id": "point9",
      "battle_area_polygon_point__nextId": "point10"
    }
  },
  {
    "entity": {
      "_template": "battle_area_polygon_point",
      "transform": [
        [0.939126,0.0,0.343574],
        [0.0,1.0,-0.0],
        [-0.343574,0.0,0.939126],
        [447.213,3.29961,-372.994]
      ],
      "battle_area_polygon_point__forBattleAreaId": "3_area1",
      "battle_area_polygon_point__id": "point10",
      "battle_area_polygon_point__nextId": "point11"
    }
  },
  {
    "entity": {
      "_template": "battle_area_polygon_point",
      "transform": [
        [0.939126,0.0,0.343574],
        [0.0,1.0,-0.0],
        [-0.343574,0.0,0.939126],
        [374.744,3.29961,-398.748]
      ],
      "battle_area_polygon_point__forBattleAreaId": "3_area1",
      "battle_area_polygon_point__id": "point11",
      "battle_area_polygon_point__nextId": "point12"
    }
  },
  {
    "entity": {
      "_template": "battle_area_polygon_point",
      "transform": [
        [0.939126,0.0,0.343574],
        [0.0,1.0,-0.0],
        [-0.343574,0.0,0.939126],
        [300.688,3.29961,-442.654]
      ],
      "battle_area_polygon_point__forBattleAreaId": "3_area1",
      "battle_area_polygon_point__id": "point12",
      "battle_area_polygon_point__nextId": "point13"
    }
  },
  {
    "entity": {
      "_template": "battle_area_polygon_point",
      "transform": [
        [0.985101,0.0,0.17198],
        [0.0,1.0,-0.0],
        [-0.17198,0.0,0.985101],
        [274.212,3.29961,-451.281]
      ],
      "battle_area_polygon_point__forBattleAreaId": "3_area1",
      "battle_area_polygon_point__id": "point13",
      "battle_area_polygon_point__nextId": "point14"
    }
  },
  {
    "entity": {
      "_template": "battle_area_polygon_point",
      "transform": [
        [0.999987,0.0,-0.00524128],
        [0.0,1.0,0.0],
        [0.00524128,-0.0,0.999987],
        [248.808,3.29961,-454.779]
      ],
      "battle_area_polygon_point__forBattleAreaId": "3_area1",
      "battle_area_polygon_point__id": "point14",
      "battle_area_polygon_point__nextId": "point15"
    }
  },
  {
    "entity": {
      "_template": "battle_area_polygon_point",
      "transform": [
        [0.939126,0.0,0.343574],
        [0.0,1.0,-0.0],
        [-0.343574,0.0,0.939126],
        [223.852,3.29961,-452.622]
      ],
      "battle_area_polygon_point__forBattleAreaId": "3_area1",
      "battle_area_polygon_point__id": "point15",
      "battle_area_polygon_point__nextId": "point16"
    }
  },
  {
    "entity": {
      "_template": "battle_area_polygon_point",
      "transform": [
        [0.939126,0.0,0.343574],
        [0.0,1.0,-0.0],
        [-0.343574,0.0,0.939126],
        [219.151,3.29961,-504.553]
      ],
      "battle_area_polygon_point__forBattleAreaId": "3_area1",
      "battle_area_polygon_point__id": "point16",
      "battle_area_polygon_point__nextId": "point1"
    }
  },
  {
    "entity": {
      "_template": "battle_area_polygon_point",
      "transform": [
        [1.0,0.0,0.0],
        [0.0,1.0,0.0],
        [0.0,0.0,1.0],
        [152.914,4.02383,-295.519]
      ],
      "battle_area_polygon_point__forBattleAreaId": "3_area2",
      "battle_area_polygon_point__id": "point1",
      "battle_area_polygon_point__nextId": "point2"
    }
  },
  {
    "entity": {
      "_template": "battle_area_polygon_point",
      "transform": [
        [1.0,0.0,0.0],
        [0.0,1.0,0.0],
        [0.0,0.0,1.0],
        [103.278,4.02383,-342.35]
      ],
      "battle_area_polygon_point__forBattleAreaId": "3_area2",
      "battle_area_polygon_point__id": "point2",
      "battle_area_polygon_point__nextId": "point3"
    }
  },
  {
    "entity": {
      "_template": "battle_area_polygon_point",
      "transform": [
        [1.0,0.0,0.0],
        [0.0,1.0,0.0],
        [0.0,0.0,1.0],
        [83.4511,4.02383,-444.807]
      ],
      "battle_area_polygon_point__forBattleAreaId": "3_area2",
      "battle_area_polygon_point__id": "point3",
      "battle_area_polygon_point__nextId": "point4"
    }
  },
  {
    "entity": {
      "_template": "battle_area_polygon_point",
      "transform": [
        [1.0,0.0,0.0],
        [0.0,1.0,0.0],
        [0.0,0.0,1.0],
        [79.712,4.02383,-529.839]
      ],
      "battle_area_polygon_point__forBattleAreaId": "3_area2",
      "battle_area_polygon_point__id": "point4",
      "battle_area_polygon_point__nextId": "point5"
    }
  },
  {
    "entity": {
      "_template": "battle_area_polygon_point",
      "transform": [
        [1.0,0.0,0.0],
        [0.0,1.0,0.0],
        [0.0,0.0,1.0],
        [127.54,4.02383,-632.482]
      ],
      "battle_area_polygon_point__forBattleAreaId": "3_area2",
      "battle_area_polygon_point__id": "point5",
      "battle_area_polygon_point__nextId": "point6"
    }
  },
  {
    "entity": {
      "_template": "battle_area_polygon_point",
      "transform": [
        [1.0,0.0,0.0],
        [0.0,1.0,0.0],
        [0.0,0.0,1.0],
        [127.113,4.02383,-731.319]
      ],
      "battle_area_polygon_point__forBattleAreaId": "3_area2",
      "battle_area_polygon_point__id": "point6",
      "battle_area_polygon_point__nextId": "point7"
    }
  },
  {
    "entity": {
      "_template": "battle_area_polygon_point",
      "transform": [
        [0.997531,0.0,-0.0702346],
        [0.0,1.0,0.0],
        [0.0702346,-0.0,0.997531],
        [164.559,4.02383,-727.763]
      ],
      "battle_area_polygon_point__forBattleAreaId": "3_area2",
      "battle_area_polygon_point__id": "point7",
      "battle_area_polygon_point__nextId": "point8"
    }
  },
  {
    "entity": {
      "_template": "battle_area_polygon_point",
      "transform": [
        [0.989756,0.0,0.142769],
        [0.0,1.0,-0.0],
        [-0.142769,0.0,0.989756],
        [319.427,4.02383,-705.361]
      ],
      "battle_area_polygon_point__forBattleAreaId": "3_area2",
      "battle_area_polygon_point__id": "point8",
      "battle_area_polygon_point__nextId": "point9"
    }
  },
  {
    "entity": {
      "_template": "battle_area_polygon_point",
      "transform": [
        [0.989756,0.0,0.142769],
        [0.0,1.0,-0.0],
        [-0.142769,0.0,0.989756],
        [308.957,4.02383,-627.604]
      ],
      "battle_area_polygon_point__forBattleAreaId": "3_area2",
      "battle_area_polygon_point__id": "point9",
      "battle_area_polygon_point__nextId": "point10"
    }
  },
  {
    "entity": {
      "_template": "battle_area_polygon_point",
      "transform": [
        [0.986629,0.0,0.162984],
        [0.0,1.0,-0.0],
        [-0.162984,0.0,0.986629],
        [289.522,4.02383,-512.479]
      ],
      "battle_area_polygon_point__forBattleAreaId": "3_area2",
      "battle_area_polygon_point__id": "point10",
      "battle_area_polygon_point__nextId": "point11"
    }
  },
  {
    "entity": {
      "_template": "battle_area_polygon_point",
      "transform": [
        [0.989756,0.0,0.142769],
        [0.0,1.0,-0.0],
        [-0.142769,0.0,0.989756],
        [287.434,4.02383,-462.899]
      ],
      "battle_area_polygon_point__forBattleAreaId": "3_area2",
      "battle_area_polygon_point__id": "point11",
      "battle_area_polygon_point__nextId": "point12"
    }
  },
  {
    "entity": {
      "_template": "battle_area_polygon_point",
      "transform": [
        [0.989756,0.0,0.142769],
        [0.0,1.0,-0.0],
        [-0.142769,0.0,0.989756],
        [280.887,4.02383,-415.539]
      ],
      "battle_area_polygon_point__forBattleAreaId": "3_area2",
      "battle_area_polygon_point__id": "point12",
      "battle_area_polygon_point__nextId": "point13"
    }
  },
  {
    "entity": {
      "_template": "battle_area_polygon_point",
      "transform": [
        [0.989756,0.0,0.142769],
        [0.0,1.0,-0.0],
        [-0.142769,0.0,0.989756],
        [286.93,4.02383,-359.285]
      ],
      "battle_area_polygon_point__forBattleAreaId": "3_area2",
      "battle_area_polygon_point__id": "point13",
      "battle_area_polygon_point__nextId": "point14"
    }
  },
  {
    "entity": {
      "_template": "battle_area_polygon_point",
      "transform": [
        [0.983517,0.0,-0.180815],
        [0.0,1.0,0.0],
        [0.180815,-0.0,0.983517],
        [280.594,4.02383,-288.546]
      ],
      "battle_area_polygon_point__forBattleAreaId": "3_area2",
      "battle_area_polygon_point__id": "point14",
      "battle_area_polygon_point__nextId": "point1"
    }
  },
  {
    "entity": {
      "_template": "poly_battle_area",
      "transform": [
        [1.0,0.0,0.0],
        [0.0,1.0,0.0],
        [0.0,0.0,1.0],
        [548.046,3.28656,-373.951]
      ],
      "battleAreaId": "1_area1",
      "battle_area__team": 1,
      "groupName": "sector_1",
      "active": false
    }
  },
  {
    "entity": {
      "_template": "poly_battle_area",
      "transform": [
        [1.0,0.0,0.0],
        [0.0,1.0,0.0],
        [0.0,0.0,1.0],
        [635.782,3.28009,-606.812]
      ],
      "battleAreaId": "1_area2",
      "battle_area__team": 2,
      "groupName": "sector_1",
      "active": false
    }
  },
  {
    "entity": {
      "_template": "poly_battle_area",
      "transform": [
        [1.0,0.0,0.0],
        [0.0,1.0,0.0],
        [0.0,0.0,1.0],
        [363.238,3.47075,-542.812]
      ],
      "groupName": "sector_2",
      "battle_area__team": 1,
      "battleAreaId": "2_area1",
      "active": false
    }
  },
  {
    "entity": {
      "_template": "poly_battle_area",
      "transform": [
        [1.0,0.0,0.0],
        [0.0,1.0,0.0],
        [0.0,0.0,1.0],
        [361.956,3.47075,-542.812]
      ],
      "groupName": "sector_2",
      "battle_area__team": 2,
      "battleAreaId": "2_area2",
      "active": false
    }
  },
  {
    "entity": {
      "_template": "poly_battle_area",
      "transform": [
        [1.0,0.0,0.0],
        [0.0,1.0,0.0],
        [0.0,0.0,1.0],
        [343.849,3.47075,-541.302]
      ],
      "groupName": "sector_3",
      "battle_area__team": 2,
      "battleAreaId": "3_area2",
      "active": false
    }
  },
  {
    "entity": {
      "_template": "poly_battle_area",
      "transform": [
        [1.0,0.0,0.0],
        [0.0,1.0,0.0],
        [0.0,0.0,1.0],
        [345.131,3.47075,-541.302]
      ],
      "groupName": "sector_3",
      "battle_area__team": 1,
      "battleAreaId": "3_area1",
      "active": false
    }
  },
  {
    "entity": {
      "_template": "aircraft_box_battle_area",
      "transform": [
        [10497.0,0.0,4222.32],
        [0.0,8000.03,0.0],
        [-4222.79,0.0,10496.8],
        [309.304,240.916,-358.9]
      ],
      "battle_area__team": -1
    }
  },
  {
    "entity": {
      "_template": "enemy_attack_marker",
      "transform": [
        [-0.0874722,0.0,0.996167],
        [0.0,1.0,0.0],
        [-0.996167,0.0,-0.0874722],
        [258.677,2.64397,-574.998]
      ]
    }
  },
  {
    "entity": {
      "_template": "static_cam",
      "camera__active": true,
      "transform": [
        [-0.594466,3.5894e-10,0.80412],
        [0.0121418,0.999886,0.00897616],
        [-0.804029,0.0150995,-0.594399],
        [429.398,14.1256,-525.995]
      ]
    }
  },
  {
    "entity": {
      "_template": "group_activator",
      "activator__activateChoice:object": {
        "sector_1": 1.0
      }
    }
  },
  {
    "entity": {
      "_template": "briefing_destruction",
      "mission_name": "berlin_chancellery_bomb",
      "mission_outfit": "berlin",
      "loading_images:list<t>": [
        {
          "item": "ui/berlin_chancellery_dom_01.avif"
        },
        {
          "item": "ui/berlin_chancellery_dom_05.avif"
        },
        {
          "item": "ui/berlin_chancellery_dom_03.avif"
        }
      ]
    }
  },
  {
    "entity": {
      "_template": "team_ussr_berlin+team_narrator_destruction_attack+respawn_creators_team",
      "team__memberCount": 0.0,
      "team__scoreCap": 2000.0,
      "team__score": 2000.0,
      "team__squadSpawnCost": 250,
      "team__firstSpawnCostMul": 0.0,
      "team__zeroScoreFailTimer": 60.0,
      "team__id": 1,
      "team__briefing": "destruction/attackers_goals",
      "team__winSubtitle": "debriefing/won_invasion_destruction",
      "team__loseSubtitle": "debriefing/lost_invasion_destruction",
      "team__winTitle": "debriefing/ussr_won_destruction_attack_title",
      "team__spawnBotArmy": "berlin_allies"
    }
  },
  {
    "entity": {
      "_template": "team_germany_berlin+team_narrator_destruction_defence+respawn_creators_team",
      "team__countAdd": 0.5,
      "team__memberCount": 0.5,
      "team__scoreCap": 3000.0,
      "team__capturePenalty": 1001.0,
      "team__score": 3000.0,
      "team__id": 2,
      "team__briefing": "destruction/defenders_goals",
      "team__winSubtitle": "debriefing/won_defence_destruction",
      "team__loseSubtitle": "debriefing/lost_defence_destruction",
      "team__winTitle": "debriefing/axis_won_destruction_defence_title",
      "team__spawnBotArmy": "berlin_axis"
    }
  },
  {
    "entity": {
      "_template": "bomb_site_zone_chained_sphere+defend_zone_respawnbase",
      "transform": [
        [0.983835,0.0,0.179079],
        [0.0,1.0,-0.0],
        [-0.179079,0.0,0.983835],
        [494.589,3.95424,-501.778]
      ],
      "capzone__bombTemplate": "bomb_site+bomb_site_radar_hardware_animchar_01_without_antenna",
      "groupName": "sector_1",
      "capzone__capRewardPartCap": 1.8,
      "capzone__mustBeCapturedByTeam": 1,
      "capzone__caption": "capzone/1",
      "active": false,
      "ui_order": 2,
      "capzone__owningTeam": 2,
      "capzone__capReward": 500.0,
      "capzone__checkAllZonesInGroup": true,
      "capzone__deactivateAfterTimeout": 25.0,
      "capzone__spawnAtZoneTimeout": 25.0,
      "capzone__createRespawnBaseForTeam": 2,
      "capzone__createdRespawnBaseGroup": 6,
      "capzone__createRespawnBase": "respawnBaseGroupActivator",
      "capzone__plantingTeam": 1,
      "capzone__timeToPlant": 20.0,
      "capzone__timeToDefuse": 30.0,
      "capzone__timeToExplosion": 40.0,
      "capzone__bombTransformLocalPos": [
        [0.983835,0.0,0.179079],
        [0.0,1.0,-0.0],
        [-0.179079,0.0,0.983835],
        [0.0,-0.576773,0.0]
      ],
      "capzone__iconOffsetY": 1.0,
      "capzone__activateChoice:object": {
        "sector_2": 1.0
      }
    }
  },
  {
    "entity": {
      "_template": "bomb_site_zone_chained_sphere+defend_zone_respawnbase",
      "transform": [
        [1.0,0.0,0.0],
        [0.0,1.0,0.0],
        [0.0,0.0,1.0],
        [376.682,6.88031,-623.633]
      ],
      "capzone__bombTemplate": "bomb_site+bomb_site_radar_hardware_animchar_02_without_antenna",
      "groupName": "sector_2",
      "capzone__capRewardPartCap": 1.8,
      "capzone__mustBeCapturedByTeam": 1,
      "capzone__caption": "capzone/2a",
      "active": false,
      "ui_order": 2,
      "capzone__owningTeam": 2,
      "capzone__capReward": 500.0,
      "capzone__checkAllZonesInGroup": true,
      "capzone__deactivateAfterTimeout": 25.0,
      "capzone__spawnAtZoneTimeout": 25.0,
      "capzone__createRespawnBaseForTeam": 2,
      "capzone__createdRespawnBaseGroup": 7,
      "capzone__createRespawnBase": "respawnBaseGroupActivator",
      "capzone__plantingTeam": 1,
      "capzone__timeToPlant": 20.0,
      "capzone__timeToDefuse": 30.0,
      "capzone__timeToExplosion": 40.0,
      "capzone__bombTransformLocalPos": [
        [1.0,0.0,0.0],
        [0.0,1.0,0.0],
        [0.0,0.0,1.0],
        [0.0,-0.575784,0.0]
      ],
      "capzone__iconOffsetY": 1.0,
      "capzone__activateChoice:object": {
        "sector_3": 1.0
      }
    }
  },
  {
    "entity": {
      "_template": "bomb_site_zone_chained_sphere+defend_zone_respawnbase",
      "transform": [
        [1.0,0.0,0.0],
        [0.0,1.0,0.0],
        [0.0,0.0,1.0],
        [347.902,4.23613,-473.308]
      ],
