[
  {
    "entity": {
      "_template": "ny_moon_music_launcher_ambient_sound"
    }
  },
  {
    "entity": {
      "_template": "ny_moon_menu_ambient_sound"
    }
  },
  {
    "entity": {
      "_template": "settings_override_manager+settings_override_settings",
      "settings_override__useCustomSettings": true,
      "settings_override__graphicsSettings:object": {
        "graphics/skiesQuality": "low",
        "graphics/shadowsQuality": "low",
        "graphics/giQuality": "low",
        "graphics/ssssQuality": "high",
        "graphics/waterQuality": "medium",
        "graphics/cloudsQuality": "default",
        "graphics/aoQuality": "medium",
        "graphics/volumeFogQuality": "close"
      },
      "settings_override__graphicsSettings_ps4:object": {
        "graphics/dynamicShadowsQuality": "low",
        "graphics/ssssQuality": "low",
        "graphics/waterQuality": "low"
      },
      "settings_override__graphicsSettings_xboxone:object": {
        "graphics/dynamicShadowsQuality": "low",
        "graphics/ssssQuality": "low",
        "graphics/waterQuality": "low"
      }
    }
  },
  {
    "entity": {
      "_template": "custom_envi_probe",
      "custom_envi_probe__cubemap_res": "american_outdoor_cubemap",
      "custom_envi_probe__outside_mul": 5.75,
      "custom_envi_probe__x_rotation": 0.0,
      "custom_envi_probe__y_rotation": 0.0,
      "custom_envi_probe__needs_render": true,
      "custom_envi_probe__is_inside": true,
      "custom_envi_probe__inside_mul": 1.0
    }
  },
  {
    "entity": {
      "_template": "menu_level",
      "level__blk": "content/enlisted/levels/campaigns_menu_diorama.blk",
      "level__fpsLimit": 60,
      "level__latitude": -36.0,
      "level__longtitude": 0.0,
      "level__day": 23,
      "level__month": 6,
      "level__year": 1944,
      "level__timeSeed": 1,
      "level__timeOfDay": 10.0,
      "level__weatherSeed": 1,
      "level__weatherChoice:object": {
        "weather_poor_menu_scene": 1.0
      },
      "level__timeVec:array": {
        "level__timeVec": 10.0
      }
    }
  },
  {
    "entity": {
      "_template": "clouds_hole_target",
      "transform": [
        [1.0,0.0,0.0],
        [0.0,1.0,0.0],
        [0.0,0.0,1.0],
        [0.0,0.0,0.0]
      ]
    }
  },
  {
    "entity": {
      "_template": "camera_snow_light_template",
      "snow__density": 0.9
    }
  },
  {
    "entity": {
      "_template": "disable_vehicle_sound"
    }
  },
  {
    "entity": {
      "_template": "shaderVars",
      "shader_vars__vars:object": {
        "layered_fog_density": 0.0,
        "land_selfillum_worldscale": 1.0,
        "river1": [0.29,0.349,0.345,0.0],
        "river0": [0.02,0.208,0.302,0.0],
        "autodetect_land_selfillum_color": [0.33,0.05,0.0,0.1],
        "land_selfillum_strength": 32.0,
        "river_density": 3.3
      }
    }
  },
  {
    "entity": {
      "_template": "postfx_color_grading_tonemap",
      "color_grading:object": {
        "colorContrast": [1.2,1.0,1.0,1.0]
      },
      "tonemap:object": {
        "tonemapMidOut": 0.1,
        "tonemapMidIn": 0.17,
        "tonemapShoulder": 1.1,
        "tonemapContrast": 1.55,
        "tonemapHdrMax": 2.0
      },
      "tonemap_save:object": {
        "colorContrast": [1.2,1.0,1.0,1.0],
        "tonemapMidOut": 0.1,
        "tonemapMidIn": 0.12,
        "tonemapShoulder": 1.025,
        "whiteTint": 0.0,
        "whiteTemp": 7900.0,
        "tonemapContrast": 1.25,
        "tonemapHdrMax": 2.0
      },
      "white_balance:object": {
        "whiteTint": 0.0,
        "whiteTemp": 7500.0
      }
    }
  },
  {
    "entity": {
      "_template": "bloom",
      "bloom__highQuality": true,
      "bloom__radius": 1.0,
      "bloom__threshold": 5.8,
      "bloom__upSample": 0.2
    }
  },
  {
    "entity": {
      "_template": "postfx_roundctrl",
      "post_fx:object": {
        "smoke_blackout_effect__minIntensity": 0.9,
        "adaptation__highPart": 0.0,
        "damage_indicator__color": [1.0,0.3,0.3,0.0],
        "smoke_blackout_effect__increaseDuration": 3.0,
        "damage_indicator__size": 0.5,
        "adaptation__adaptUpSpeed": 3.0,
        "smoke_blackout_effect__decreaseDuration": 2.0,
        "adaptation__brightnessPerceptionLinear": 0.9,
        "adaptation__autoExposureScale": 1.0,
        "adaptation__fixedExposure": -1.0,
        "smoke_blackout_effect__maxIntensity": 1.3,
        "flash_blind__decay_color": [0.9,0.95,1.0,1.0],
        "adaptation__on": true,
        "adaptation__minExposure": 0.85,
        "adaptation__lowPart": 0.0,
        "adaptation__maxExposure": 0.85,
        "adaptation__brightnessPerceptionPower": 0.9,
        "flash_blind__desaturation_scale": 0.5,
        "adaptation__adaptDownSpeed": 4.0
      }
    }
  },
  {
    "entity": {
      "_template": "water",
      "water__strength": 0.6,
      "water__level": -4.0,
      "water__wind_dir": 40.0,
      "water__max_tessellation": 0,
      "water__wind_strength": 0.2,
      "water__smallWaterAIWalkHeight": 0.0,
      "water__flowmap": false,
      "shore__enabled": false,
      "shore__wave_height_to_amplitude": 0.0
    }
  },
  {
    "entity": {
      "_template": "vehicle_decals_manager"
    }
  },
  {
    "entity": {
      "_template": "ui_disabled",
      "ui__disabled": true
    }
  },
  {
    "entity": {
      "_template": "menu_camera",
      "transform": [
        [-0.80392,0.010745,0.59464],
        [0.00744822,0.99994,-0.0079991],
        [-0.594691,-0.00200163,-0.803952],
        [8.09097,23.9186,86.542]
      ],
      "menu_cam__offset": [0.6,0.0,-7.8],
      "menu_cam__offset_smooth_internal": [-1.0,0.2,-0.8],
      "fov": 45.0
    }
  },
  {
    "entity": {
      "_template": "camera_scenic_place_dof",
      "fov": 90.0,
      "transform": [
        [0.0110471,0.0,-0.999939],
        [-0.0133532,0.999911,-0.000147523],
        [0.99985,0.013354,0.0110461],
        [-3.34434,11.6736,236.764]
      ],
      "scene": "researches",
      "dof__on": true,
      "dof__farDofAmountPercent": 0.009,
      "dof__farDofStart": 14.0,
      "dof__farDofEnd": 35.0,
      "dof__bokehShape_kernelSize": 16.2,
      "dof__bokehShape_bladesCount": 3.0,
      "dof__minCheckDistance": 1.0,
      "dof__nearDofAmountPercent": 0.0,
      "dof__is_filmic": false,
      "dof__fStop": 2.0,
      "dof__focusDistance": -1.0,
      "dof__focalLength_mm": -1.0,
      "dof__sensorHeight_mm": 24.0
    }
  },
  {
    "entity": {
      "_template": "camera_scenic_place_dof",
      "fov": 35.0,
      "transform": [
        [-0.398938,0.0,0.916978],
        [-0.0184884,0.999797,-0.00804351],
        [-0.916791,-0.0201623,-0.398857],
        [-489.3,1.22488,95.4203]
      ],
      "scene": "main_menu",
      "dof__on": true,
      "dof__farDofAmountPercent": 0.0,
      "dof__farDofStart": 15.0,
      "dof__farDofEnd": 135.0,
      "dof__bokehShape_kernelSize": 4.8,
      "dof__bokehShape_bladesCount": 5.0,
      "dof__fStop": 4.2,
      "dof__minCheckDistance": 1.0,
      "dof__nearDofAmountPercent": 0.0,
      "dof__is_filmic": false,
      "dof__nearDofEnd": 2.0,
      "dof__nearDofStart": 0.01
    }
  },
  {
    "entity": {
      "_template": "camera_scenic_place_dof",
      "fov": 35.0,
      "transform": [
        [-0.398938,0.0,0.916978],
        [-0.0184884,0.999797,-0.00804351],
        [-0.916791,-0.0201623,-0.398857],
        [-489.3,1.22488,94.6]
      ],
      "scene": "squad",
      "dof__on": true,
      "dof__farDofAmountPercent": 0.0,
      "dof__farDofStart": 0.0,
      "dof__farDofEnd": 135.0,
      "dof__bokehShape_kernelSize": 4.8,
      "dof__bokehShape_bladesCount": 5.0,
      "dof__fStop": 4.2,
      "dof__minCheckDistance": 1.0,
      "dof__nearDofAmountPercent": 0.0,
      "dof__is_filmic": false,
      "dof__nearDofEnd": 2.0,
      "dof__nearDofStart": 0.01
    }
  },
  {
    "entity": {
      "_template": "menu_vehicle_respawnbase",
      "menuPosFilter": "plane",
      "transform": [
        [0.990168,0.0,0.139889],
        [0.0,1.0,-0.0],
        [-0.139889,0.0,0.990168],
        [306.945,0.154376,224.417]
      ]
    }
  },
  {
    "entity": {
      "_template": "menu_soldier_respawnbase",
      "transform": [
        [0.971861,0.0,0.23556],
        [0.0,1.0,0.0],
        [-0.23556,0.0,0.971861],
        [313.394,0.146919,229.3]
      ],
      "menuPosFilter": "plane",
      "priority_order": 0
    }
  },
  {
    "entity": {
      "_template": "menu_soldier_respawnbase",
      "transform": [
        [0.953408,-0.000925899,0.301683],
        [0.00169681,0.999996,-0.00229333],
        [-0.30168,0.00269838,0.953405],
        [312.899,0.14717,228.548]
      ],
      "menuPosFilter": "plane",
      "priority_order": 1
    }
  },
  {
    "entity": {
      "_template": "menu_soldier_respawnbase",
      "transform": [
        [0.745902,0.0,0.666056],
        [0.0,1.0,-0.0],
        [-0.666056,0.0,0.745902],
        [312.568,0.146338,227.854]
      ],
      "menuPosFilter": "plane",
      "priority_order": 2
    }
  },
  {
    "entity": {
      "_template": "menu_soldier_respawnbase",
      "priority_order": 3,
      "menuPosFilter": "plane",
      "transform": [
        [0.37078,0.0,0.92872],
        [0.0,1.0,-0.0],
        [-0.92872,0.0,0.37078],
        [313.46,0.165749,227.187]
      ]
    }
  },
  {
    "entity": {
      "_template": "menu_soldier_respawnbase",
      "priority_order": 4,
      "menuPosFilter": "plane",
      "transform": [
        [0.849975,0.0,0.526822],
        [0.0,1.0,0.0],
        [-0.526822,0.0,0.849975],
        [312.757,0.166278,227.134]
      ]
    }
  },
  {
    "entity": {
      "_template": "camera_scenic_place_dof",
      "fov": 65.0,
      "transform": [
        [-0.593051,0.0,0.805165],
        [-0.0201828,0.999686,-0.0148658],
        [-0.804912,-0.0250667,-0.592865],
        [316.722,1.17121,230.787]
      ],
      "scene": "main_menu_plane",
      "dof__on": false,
      "dof__farDofAmountPercent": 0.0011,
      "dof__farDofStart": 14.0,
      "dof__farDofEnd": 35.0,
      "dof__bokehShape_kernelSize": 2.8,
      "dof__bokehShape_bladesCount": 4.0,
      "dof__minCheckDistance": 1.0,
      "dof__nearDofAmountPercent": 0.0,
      "dof__is_filmic": false
    }
  },
  {
    "entity": {
      "_template": "camera_scenic_place_dof",
      "fov": 65.0,
      "transform": [
        [-0.593051,0.0,0.805165],
        [-0.0201828,0.999686,-0.0148658],
        [-0.804912,-0.0250667,-0.592865],
        [316.722,1.17121,230.787]
      ],
      "scene": "squad_plane",
      "dof__on": false,
      "dof__farDofAmountPercent": 0.0011,
      "dof__farDofStart": 14.0,
      "dof__farDofEnd": 35.0,
      "dof__bokehShape_kernelSize": 2.8,
      "dof__bokehShape_bladesCount": 4.0,
      "dof__minCheckDistance": 1.0,
      "dof__nearDofAmountPercent": 0.0,
      "dof__is_filmic": false
    }
  },
  {
    "entity": {
      "_template": "ammunition_box_n",
      "transform": [
        [0.146129,0.0,-1.14052],
        [0.0,0.568124,0.0],
        [1.14052,-0.0,0.146129],
        [-497.568,0.18529,91.9061]
      ]
    }
  },
  {
    "entity": {
      "_template": "menu_vehicle_respawnbase",
      "menuPosFilter": "bike",
      "transform": [
        [0.997474,-0.0310858,-0.0638866],
        [0.029818,0.99934,-0.0207031],
        [0.0644881,0.0187458,0.997743],
        [-499.309,0.142653,92.261]
      ]
    }
  },
  {
    "entity": {
      "_template": "menu_soldier_respawnbase",
      "transform": [
        [0.925897,0.0,0.377779],
        [0.0,1.0,-0.0],
        [-0.377779,0.0,0.925897],
        [-495.966,0.167228,92.7282]
      ],
      "menuPosFilter": "bike",
      "priority_order": 0
    }
  },
  {
    "entity": {
      "_template": "menu_soldier_respawnbase",
      "transform": [
        [0.847733,0.0,0.530425],
        [0.0,1.0,-0.0],
        [-0.530425,0.0,0.847733],
        [-497.073,0.170996,92.8101]
      ],
      "menuPosFilter": "bike",
      "priority_order": 2
    }
  },
  {
    "entity": {
      "_template": "camera_scenic_place_dof",
      "fov": 35.0,
      "transform": [
        [-0.427295,0.0,0.904112],
        [-0.018229,0.999797,-0.00861524],
        [-0.903929,-0.0201623,-0.427208],
        [-489.901,1.21149,95.1376]
      ],
      "scene": "main_menu_bike",
      "dof__on": true,
      "dof__farDofAmountPercent": 0.0,
      "dof__farDofStart": 0.0,
      "dof__farDofEnd": 135.0,
      "dof__bokehShape_kernelSize": 4.8,
      "dof__bokehShape_bladesCount": 5.0,
      "dof__fStop": 4.2,
      "dof__minCheckDistance": 1.0,
      "dof__nearDofAmountPercent": 0.0,
      "dof__is_filmic": false,
      "dof__nearDofEnd": 2.0,
      "dof__nearDofStart": 0.01
    }
  },
  {
    "entity": {
      "_template": "camera_scenic_place_dof",
      "fov": 35.0,
      "transform": [
        [-0.427295,0.0,0.904112],
        [-0.018229,0.999797,-0.00861524],
        [-0.903929,-0.0201623,-0.427208],
        [-489.901,1.21149,95.1376]
      ],
      "scene": "squad_bike",
      "dof__on": true,
      "dof__farDofAmountPercent": 0.0,
      "dof__farDofStart": 0.0,
      "dof__farDofEnd": 135.0,
      "dof__bokehShape_kernelSize": 4.8,
      "dof__bokehShape_bladesCount": 5.0,
      "dof__fStop": 4.2,
      "dof__minCheckDistance": 1.0,
      "dof__nearDofAmountPercent": 0.0,
      "dof__is_filmic": false,
      "dof__nearDofEnd": 2.0,
      "dof__nearDofStart": 0.01
    }
  },
  {
    "entity": {
      "_template": "menu_vehicle_respawnbase",
      "menuPosFilter": "plane_floating",
      "transform": [
        [0.993126,0.0,-0.117058],
        [0.0,1.0,0.0],
        [0.117058,0.0,0.993126],
        [-183.419,-4.02219,241.916]
      ]
    }
  },
  {
    "entity": {
      "_template": "menu_soldier_respawnbase",
      "transform": [
        [0.971861,0.0,0.23556],
        [0.0,1.0,0.0],
        [-0.23556,0.0,0.971861],
        [-176.874,-3.7216,246.323]
      ],
      "menuPosFilter": "plane_floating",
      "priority_order": 0
    }
  },
  {
    "entity": {
      "_template": "menu_soldier_respawnbase",
      "transform": [
        [0.953408,-0.000925899,0.301683],
        [0.00169681,0.999996,-0.00229333],
        [-0.30168,0.00269838,0.953405],
        [-177.369,-3.65196,245.571]
      ],
      "menuPosFilter": "plane_floating",
      "priority_order": 1
    }
  },
  {
    "entity": {
      "_template": "camera_scenic_place_dof",
      "fov": 45.0,
      "transform": [
        [-0.544892,0.0,0.838506],
        [-0.00567318,0.999977,-0.00368664],
        [-0.838487,-0.00676581,-0.544879],
        [-172.313,-2.71304,248.572]
      ],
      "scene": "main_menu_plane_floating",
      "dof__on": false,
      "dof__farDofAmountPercent": 0.0,
      "dof__farDofStart": 14.0,
      "dof__farDofEnd": 35.0,
      "dof__bokehShape_kernelSize": 2.8,
      "dof__bokehShape_bladesCount": 4.0,
      "dof__minCheckDistance": 1.0,
      "dof__nearDofAmountPercent": 0.0,
      "dof__is_filmic": false
    }
  },
  {
    "entity": {
      "_template": "camera_scenic_place_dof",
      "fov": 45.0,
      "transform": [
        [-0.544892,0.0,0.838506],
        [-0.00567318,0.999977,-0.00368664],
        [-0.838487,-0.00676581,-0.544879],
        [-172.313,-2.71304,248.572]
      ],
      "scene": "squad_plane_floating",
      "dof__on": false,
      "dof__farDofAmountPercent": 0.0,
      "dof__farDofStart": 14.0,
      "dof__farDofEnd": 35.0,
      "dof__bokehShape_kernelSize": 2.8,
      "dof__bokehShape_bladesCount": 4.0,
      "dof__minCheckDistance": 1.0,
      "dof__nearDofAmountPercent": 0.0,
      "dof__is_filmic": false
    }
  },
  {
    "entity": {
      "_template": "camera_scenic_place_dof",
      "scene": "soldiers",
      "fov": 55.0,
      "transform": [
        [-0.83446,5.82076e-11,0.551068],
        [-0.000924115,0.999999,-0.00139935],
        [-0.551068,-0.00167695,-0.834459],
        [-185.711,0.913543,-213.514]
      ],
      "menu_cam__offset": [-0.65,0.9207,-4.3],
      "menu_cam__offsetMult": [1.0,1.0,1.0],
      "menu_cam__limitYaw": [-180.0,180.0],
      "menu_cam__limitPitch": [0.0,0.0],
      "menu_cam__shouldRotateTarget": false,
      "dof__on": true,
      "dof__farDofAmountPercent": 0.01,
      "dof__farDofStart": 12.0,
      "dof__farDofEnd": 300.0,
      "dof__bokehShape_kernelSize": 2.8,
      "dof__bokehShape_bladesCount": 9.0,
      "dof__minCheckDistance": 1.0,
      "dof__nearDofAmountPercent": 0.0,
      "dof__is_filmic": false
    }
  },
  {
    "entity": {
      "_template": "camera_scenic_place_dof",
      "scene": "soldiers_quarters",
      "fov": 55.0,
      "transform": [
        [-0.83446,5.82076e-11,0.551068],
        [-0.000924115,0.999999,-0.00139935],
        [-0.551068,-0.00167695,-0.834459],
        [-185.711,0.913543,-213.514]
      ],
      "menu_cam__offset": [-1.1,0.9207,-4.3],
      "menu_cam__offsetMult": [1.0,1.0,1.0],
      "menu_cam__limitYaw": [-180.0,180.0],
      "menu_cam__limitPitch": [0.0,0.0],
      "menu_cam__shouldRotateTarget": false,
      "dof__on": true,
      "dof__farDofAmountPercent": 0.1,
      "dof__farDofStart": 9.0,
      "dof__farDofEnd": 300.0,
      "dof__bokehShape_kernelSize": 2.8,
      "dof__bokehShape_bladesCount": 9.0,
      "dof__minCheckDistance": 1.0,
      "dof__nearDofAmountPercent": 0.0,
      "dof__is_filmic": false
    }
  },
  {
    "entity": {
      "_template": "camera_scenic_place_dof",
      "scene": "soldier_customization",
      "fov": 50.0,
      "transform": [
        [-0.810145,-9.31322e-10,0.58623],
        [-0.0059187,0.999949,-0.00817938],
        [-0.586201,-0.0100962,-0.810104],
        [-185.806,0.93966,-214.011]
      ],
      "menu_cam__offset": [-0.37,0.907,-3.8],
      "menu_cam__offsetMult": [1.0,1.0,1.0],
      "menu_cam__limitYaw": [-180.0,180.0],
      "menu_cam__limitPitch": [0.0,0.0],
      "menu_cam__shouldRotateTarget": false,
      "dof__on": true,
      "dof__farDofAmountPercent": 0.1,
      "dof__farDofStart": 7.0,
      "dof__farDofEnd": 300.0,
      "dof__bokehShape_kernelSize": 2.8,
      "dof__bokehShape_bladesCount": 9.0,
      "dof__minCheckDistance": 1.0,
      "dof__nearDofAmountPercent": 0.0,
      "dof__is_filmic": false
    }
  },
  {
    "entity": {
      "_template": "menu_soldier",
      "transform": [
        [0.646103,0.0,0.76325],
        [-0.0,1.0,0.0],
        [-0.76325,-0.0,0.646103],
        [-188.855,-0.0219807,-217.201]
      ]
    }
  },
  {
    "entity": {
      "_template": "camera_scenic_place_dof",
      "scene": "soldier_in_middle",
      "fov": 45.0,
      "transform": [
        [-0.720284,-1.86264e-09,0.693679],
        [-0.0377424,0.998519,-0.0391899],
        [-0.692652,-0.0544089,-0.719217],
        [-185.614,1.3588,-213.811]
      ],
      "menu_cam__offset": [0.0,1.07,-5.0],
      "menu_cam__offsetMult": [1.0,1.0,1.0],
      "menu_cam__limitYaw": [-180.0,180.0],
      "menu_cam__limitPitch": [0.0,0.0],
      "menu_cam__shouldRotateTarget": false,
      "dof__on": true,
      "dof__farDofAmountPercent": 0.1,
      "dof__farDofStart": 7.0,
      "dof__farDofEnd": 300.0,
      "dof__bokehShape_kernelSize": 2.8,
      "dof__bokehShape_bladesCount": 9.0,
      "dof__minCheckDistance": 1.0,
      "dof__nearDofAmountPercent": 0.0,
      "dof__is_filmic": false
    }
  },
  {
    "entity": {
      "_template": "menu_aircraft_floating",
      "transform": [
        [1.0,0.0,0.0],
        [0.0,1.0,0.0],
        [0.0,0.0,1.0],
        [-189.862,-4.0,395.791]
      ]
    }
  },
  {
    "entity": [
      {
        "_template": "camera_scenic_place_dof"
      },
      {
        "scene": "aircrafts_floating"
      },
      {
        "fov": 60.0
      },
      {
        "transform": [
          [-0.574526,0.0,0.818486],
          [0.0,1.0,0.0],
          [-0.818486,0.0,-0.574526],
          [-180.506,-1.75153,401.907]
        ]
      },
      {
        "menu_cam__offset": [-0.5,-0.4,-7.8]
      },
      {
        "menu_cam__offsetMult": [1.4,1.4,1.4]
      },
      {
        "menu_cam__limitYaw": [-180.0,180.0]
      },
      {
        "menu_cam__limitPitch": [0.0,28.0]
      },
      {
        "menu_cam__shouldRotateTarget": false
      },
      {
        "dof__on": false
      },
      {
        "dof__is_filmic": false
      },
      {
        "dof__is_filmic": false
      },
      {
        "dof__fStop": 3.6
      },
      {
        "dof__focusDistance": 11.0
      },
      {
        "dof__farDofAmountPercent": 0.0
      },
      {
        "dof__farDofEnd": 400.0
      },
      {
        "dof__farDofStart": 18.0
      },
      {
        "dof__nearDofAmountPercent": 0.0
      },
      {
        "dof__nearDofEnd": 6.0
      },
      {
        "dof__nearDofStart": 1.5
      },
      {
        "dof__minCheckDistance": 0.5
      },
      {
        "dof__bokehShape_bladesCount": 6.0
      },
      {
        "dof__bokehShape_kernelSize": 18.0
      },
      {
        "dof__focalLength_mm": 35.0
      }
    ]
  },
  {
    "entity": {
      "_template": "menu_aircraft",
      "transform": [
        [-0.953943,0.0,0.29999],
        [0.0,1.0,0.0],
        [-0.29999,0.0,-0.953943],
        [295.242,0.199866,81.6764]
      ]
    }
  },
  {
    "entity": [
      {
        "_template": "camera_scenic_place_dof"
      },
      {
        "scene": "aircrafts"
      },
      {
        "fov": 60.0
      },
      {
        "transform": [
          [0.269082,0.0,-0.963117],
          [0.0555773,0.998334,0.0155276],
          [0.961512,-0.0577056,0.268634],
          [284.782,1.70798,78.5097]
        ]
      },
      {
        "menu_cam__offset": [-0.0,-0.4,-1.2]
      },
      {
        "menu_cam__offsetMult": [9.4,9.4,9.4]
      },
      {
        "menu_cam__limitYaw": [-180.0,180.0]
      },
      {
        "menu_cam__limitPitch": [0.0,21.0]
      },
      {
        "menu_cam__shouldRotateTarget": false
      },
      {
        "dof__on": true
      },
      {
        "dof__farDofAmountPercent": 0.001
      },
      {
        "dof__farDofStart": 26.5
      },
      {
        "dof__farDofEnd": 30.0
      },
      {
        "dof__nearDofAmountPercent": 0.03
      },
      {
        "dof__nearDofAmountPercent": 0.0
      },
      {
        "dof__nearDofEnd": 3.35
      },
      {
        "dof__nearDofStart": 1.0
      },
      {
        "dof__minCheckDistance": 0.5
      },
      {
        "dof__fStop": 2.0
      },
      {
        "dof__is_filmic": false
      }
    ]
  },
  {
    "entity": {
      "_template": "menu_inspected_vehicle_pos",
      "transform": [
        [-0.0942966,0.0,0.995544],
        [0.0,1.0,0.0],
        [-0.995544,0.0,-0.0942966],
        [310.598,8.33013,-250.56]
      ]
    }
  },
  {
    "entity": [
      {
        "_template": "camera_scenic_place_dof"
      },
      {
        "scene": "vehicles"
      },
      {
        "fov": 60.0
      },
      {
        "transform": [
          [-0.817227,0.0,-0.576316],
          [0.00915453,0.999874,-0.0129813],
          [0.576243,-0.0158846,-0.817124],
          [305.671,9.37057,-243.226]
        ]
      },
      {
        "menu_cam__offset": [-0.3,0.9,-1.5]
      },
      {
        "menu_cam__offsetMult": [5.9,3.9,5.9]
      },
      {
        "menu_cam__limitYaw": [-180.0,180.0]
      },
      {
        "menu_cam__limitPitch": [0.0,39.0]
      },
      {
        "menu_cam__shouldRotateTarget": false
      },
      {
        "dof__on": true
      },
      {
        "dof__farDofAmountPercent": 0.01
      },
      {
        "dof__farDofStart": 25.0
      },
      {
        "dof__farDofEnd": 150.0
      },
      {
        "dof__nearDofAmountPercent": 0.1
      },
      {
        "dof__nearDofAmountPercent": 0.1
      },
      {
        "dof__nearDofStart": 0.1
      },
      {
        "dof__nearDofEnd": 3.3
      },
      {
        "dof__bokehShape_kernelSize": 2.8
      },
      {
        "dof__bokehShape_bladesCount": 3.0
      },
      {
        "dof__fStop": 4.3
      },
      {
        "dof__minCheckDistance": 1.0
      },
      {
        "dof__is_filmic": false
      }
    ]
  },
  {
    "entity": {
      "_template": "camera_scenic_place_dof",
      "scene": "armory",
      "fov": 60.0,
      "transform": [
        [0.778832,0.00269778,0.627225],
        [-0.20392,0.946756,0.249138],
        [-0.593157,-0.321941,0.737915],
        [7.54006,24.5867,84.2305]
      ],
      "menu_cam__limitYaw": [-180.0,180.0],
      "menu_cam__limitPitch": [-80.0,80.0],
      "menu_cam__shouldRotateTarget": true,
      "dof__on": false,
      "dof__is_filmic": false,
      "dof__fStop": 18.0,
      "dof__focusDistance": 0.85,
      "dof__farDofAmountPercent": 0.0027,
      "dof__farDofEnd": 20.0,
      "dof__farDofStart": 2.0,
      "dof__nearDofAmountPercent": 0.02,
      "dof__nearDofEnd": 0.5,
      "dof__nearDofStart": 0.01,
      "dof__minCheckDistance": 0.05,
      "dof__bokehShape_bladesCount": 5.2,
      "dof__bokehShape_kernelSize": 6.8
    }
  },
  {
    "entity": {
      "_template": "camera_scenic_place_dof",
      "scene": "items_inventory",
      "fov": 60.0,
      "transform": [
        [-0.0331776,0.0,0.999449],
        [-0.00442279,0.99999,-0.000146819],
        [-0.99944,-0.00442523,-0.0331773],
        [8.67695,24.1963,85.2625]
      ],
      "menu_cam__limitYaw": [-180.0,180.0],
      "menu_cam__limitPitch": [-80.0,80.0],
      "menu_cam__shouldRotateTarget": true,
      "dof__on": false,
      "dof__is_filmic": false,
      "dof__fStop": 18.0,
      "dof__focusDistance": 0.85,
      "dof__farDofAmountPercent": 0.0027,
      "dof__farDofEnd": 20.0,
      "dof__farDofStart": 4.0,
      "dof__nearDofAmountPercent": 0.02,
      "dof__nearDofEnd": 0.5,
      "dof__nearDofStart": 0.01,
      "dof__minCheckDistance": 0.05,
      "dof__bokehShape_bladesCount": 5.2,
      "dof__bokehShape_kernelSize": 6.8
    }
  },
  {
    "entity": {
      "_template": "camera_scenic_place_dof",
      "scene": "inv_items",
      "fov": 90.0,
      "transform": [
        [-0.0246029,0.0,0.999697],
        [0.008584,0.999963,0.000211255],
        [-0.99966,0.0085866,-0.024602],
        [7.83152,24.234,85.1745]
      ],
      "menu_cam__limitYaw": [-180.0,180.0],
      "menu_cam__limitPitch": [-30.0,30.0],
      "menu_cam__shouldRotateTarget": true,
      "dof__on": false,
      "dof__farDofAmountPercent": 0.29,
      "dof__farDofStart": 1.2,
      "dof__farDofEnd": 300.0,
      "dof__nearDofAmountPercent": 0.0,
      "dof__bokehShape_kernelSize": 2.8
    }
  },
  {
    "entity": {
      "_template": "menu_weapon",
      "transform": [
        [0.523384,0.0448554,-0.850916],
        [-0.0500476,0.998508,0.0218522],
        [0.850627,0.0311493,0.524848],
        [7.04563,24.2208,85.4106]
      ]
    }
  },
  {
    "entity": {
      "_template": "menu_inv_items",
      "transform": [
        [-0.71417,0.0763896,-0.695791],
        [-0.672431,-0.350963,0.651661],
        [-0.194416,0.933268,0.302014],
        [7.04563,24.2208,85.4106]
      ]
    }
  },
  {
    "entity": {
      "_template": "camera_scenic_place_dof",
      "scene": "new_items",
      "fov": 60.0,
      "transform": [
        [-0.80392,0.010745,0.59464],
        [0.00744822,0.99994,-0.0079991],
        [-0.594691,-0.00200163,-0.803952],
        [8.09097,23.9186,86.542]
      ],
      "menu_cam__limitYaw": [-180.0,180.0],
      "menu_cam__limitPitch": [-30.0,30.0],
      "menu_cam__shouldRotateTarget": true,
      "dof__on": false,
      "dof__farDofAmountPercent": 0.0,
      "dof__farDofEnd": 200.0,
      "dof__farDofStart": 2.0,
      "dof__nearDofAmountPercent": 0.0,
      "dof__nearDofEnd": 0.5,
      "dof__nearDofStart": 0.01,
      "dof__minCheckDistance": 0.05,
      "dof__bokehShape_kernelSize": 2.8,
      "dof__bokehShape_bladesCount": 9.0
    }
  },
  {
    "entity": {
      "_template": "camera_scenic_place_dof",
      "scene": "shop_items",
      "fov": 60.0,
      "transform": [
        [-0.787702,0.0066088,0.616021],
        [0.113879,0.984272,0.135057],
        [-0.60544,0.176536,-0.776066],
        [8.09096,23.9679,86.542]
      ],
      "menu_cam__limitYaw": [-180.0,180.0],
      "menu_cam__limitPitch": [-30.0,30.0],
      "menu_cam__shouldRotateTarget": true,
      "dof__on": false,
      "dof__farDofAmountPercent": 0.0,
      "dof__farDofEnd": 200.0,
      "dof__farDofStart": 2.0,
      "dof__nearDofAmountPercent": 0.0,
      "dof__nearDofEnd": 0.5,
      "dof__nearDofStart": 0.01,
      "dof__minCheckDistance": 0.05,
      "dof__bokehShape_kernelSize": 2.8,
      "dof__bokehShape_bladesCount": 9.0
    }
  },
  {
    "entity": {
      "_template": "menu_shop_items",
      "transform": [
        [0.637509,-0.196664,0.74492],
        [0.0997916,0.979805,0.173273],
        [-0.763953,-0.0361265,0.64426],
        [7.04563,24.2275,85.2036]
      ]
    }
  },
  {
    "entity": {
      "_template": "menu_new_items",
      "transform": [
        [0.606647,0.00149151,0.79497],
        [0.00539456,0.999967,-0.00599275],
        [-0.794953,0.007924,0.606619],
        [7.07213,24.0371,85.1759]
      ]
    }
  },
  {
    "entity": {
      "_template": "menu_battle_pass",
      "transform": [
        [-0.71417,0.0763896,-0.695791],
        [-0.672431,-0.350963,0.651661],
        [-0.194416,0.933268,0.302014],
        [27.1512,22.854,395.587]
      ]
    }
  },
  {
    "entity": {
      "_template": "camera_scenic_place_dof",
      "scene": "events",
      "fov": 50.0,
      "transform": [
        [0.020239,0.00114305,-0.999794],
        [0.0237837,0.999716,0.00162442],
        [0.999512,-0.0238117,0.0202061],
        [-2.56001,18.2513,235.653]
      ],
      "menu_cam__offset": [0.0,1.07,-5.0],
      "menu_cam__offsetMult": [1.0,1.0,1.0],
      "menu_cam__limitYaw": [-180.0,180.0],
      "menu_cam__limitPitch": [0.0,0.0],
      "menu_cam__shouldRotateTarget": false,
      "dof__on": true,
      "dof__farDofAmountPercent": 0.1,
      "dof__farDofStart": 7.0,
      "dof__farDofEnd": 300.0,
      "dof__nearDofAmountPercent": 0.0,
      "dof__bokehShape_kernelSize": 2.8,
      "dof__bokehShape_bladesCount": 9.0
    }
  },
  {
    "entity": {
      "_template": "camera_scenic_place_dof",
      "fov": 90.0,
      "transform": [
        [-0.0560272,0.0,0.998429],
        [0.00857311,0.999963,0.000481083],
        [-0.998392,0.0085866,-0.0560251],
        [28.4184,22.619,395.664]
      ],
      "scene": "battle_pass",
      "menu_cam__limitYaw": [-180.0,180.0],
      "menu_cam__limitPitch": [-30.0,30.0],
      "menu_cam__shouldRotateTarget": true,
      "dof__on": true,
      "dof__farDofAmountPercent": 0.0028,
      "dof__farDofStart": 1.5,
      "dof__farDofEnd": 300.0,
      "dof__bokehShape_kernelSize": 8.0,
      "dof__fStop": 4.3,
      "dof__bokehShape_bladesCount": 2.0,
      "dof__minCheckDistance": 1.0,
      "dof__nearDofAmountPercent": 0.0,
      "dof__is_filmic": false
    }
  },
  {
    "entity": {
      "_template": "menu_vehicle_respawnbase",
      "transform": [
        [0.178826,-0.0310858,0.98339],
        [0.0240129,0.99934,0.0272233],
        [-0.983588,0.0187458,0.179454],
        [-500.403,0.163004,90.5179]
      ]
    }
  },
  {
    "entity": {
      "_template": "menu_machinegun_respawnbase",
      "transform": [
        [-0.762834,0.0,0.646596],
        [0.0,1.0,0.0],
        [-0.646596,0.0,-0.762834],
        [-494.889,0.183947,91.4787]
      ]
    }
  },
  {
    "entity": {
      "_template": "menu_item_respawnbase",
      "transform": [
        [-0.71417,0.0763896,-0.695791],
        [-0.672431,-0.350963,0.651661],
        [-0.194416,0.933268,0.302014],
        [7.04563,24.2208,85.4106]
      ],
      "priority_order": 0
    }
  },
  {
    "entity": {
      "_template": "menu_item_respawnbase",
      "transform": [
        [-0.71417,0.0763896,-0.695791],
        [-0.672431,-0.350963,0.651661],
        [-0.194416,0.933268,0.302014],
        [7.04563,24.2208,85.4106]
      ],
      "priority_order": 1
    }
  },
  {
    "entity": {
      "_template": "menu_item_respawnbase",
      "transform": [
        [-0.71417,0.0763896,-0.695791],
        [-0.672431,-0.350963,0.651661],
        [-0.194416,0.933268,0.302014],
        [7.04563,24.2208,85.4106]
      ],
      "priority_order": 2
    }
  },
  {
    "entity": {
      "_template": "menu_item_respawnbase",
      "transform": [
        [-0.71417,0.0763896,-0.695791],
        [-0.672431,-0.350963,0.651661],
        [-0.194416,0.933268,0.302014],
        [7.04563,24.2208,85.4106]
      ],
      "priority_order": 3
    }
  },
  {
    "entity": {
      "_template": "menu_item_respawnbase",
      "transform": [
        [-0.71417,0.0763896,-0.695791],
        [-0.672431,-0.350963,0.651661],
        [-0.194416,0.933268,0.302014],
        [7.04563,24.2208,85.4106]
      ],
      "priority_order": 4
    }
  },
  {
    "entity": {
      "_template": "menu_item_respawnbase",
      "transform": [
        [-0.71417,0.0763896,-0.695791],
        [-0.672431,-0.350963,0.651661],
        [-0.194416,0.933268,0.302014],
        [7.04563,24.2208,85.4106]
      ],
      "priority_order": 5
    }
  },
  {
    "entity": {
      "_template": "menu_item_respawnbase",
      "transform": [
        [-0.71417,0.0763896,-0.695791],
        [-0.672431,-0.350963,0.651661],
        [-0.194416,0.933268,0.302014],
        [7.04563,24.2208,85.4106]
      ],
      "priority_order": 6
    }
  },
  {
    "entity": {
      "_template": "menu_item_respawnbase",
      "transform": [
        [-0.71417,0.0763896,-0.695791],
        [-0.672431,-0.350963,0.651661],
        [-0.194416,0.933268,0.302014],
        [7.04563,24.2208,85.4106]
      ],
      "priority_order": 7
    }
  },
  {
    "entity": {
      "_template": "menu_item_respawnbase",
      "transform": [
        [-0.71417,0.0763896,-0.695791],
        [-0.672431,-0.350963,0.651661],
        [-0.194416,0.933268,0.302014],
        [7.04563,24.2208,85.4106]
      ],
      "priority_order": 8
    }
  },
  {
    "entity": {
      "_template": "menu_soldier_respawnbase",
      "transform": [
        [0.925897,0.0,0.377779],
        [0.0,1.0,-0.0],
        [-0.377779,0.0,0.925897],
        [-496.129,0.167228,92.5792]
      ],
      "priority_order": 0
    }
  },
  {
    "entity": {
      "_template": "menu_soldier_respawnbase",
      "transform": [
        [0.858332,0.0,0.513096],
        [0.0,1.0,-0.0],
        [-0.513096,0.0,0.858332],
        [-496.939,0.170996,92.8755]
      ],
      "priority_order": 1
    }
  },
  {
    "entity": {
      "_template": "menu_soldier_respawnbase",
      "transform": [
        [0.91021,-0.000925899,0.414144],
        [0.00196028,0.999996,-0.00207264],
        [-0.41414,0.00269837,0.910208],
        [-496.76,0.159716,91.6684]
      ],
      "priority_order": 2
    }
  },
  {
    "entity": {
      "_template": "menu_soldier_respawnbase",
      "transform": [
        [0.704848,0.0,0.709357],
        [0.0,1.0,-0.0],
        [-0.709359,0.0,0.704849],
        [-495.508,0.156488,91.9137]
      ],
      "priority_order": 5,
      "isSiting": false
    }
  },
  {
    "entity": {
      "_template": "menu_soldier_respawnbase",
      "transform": [
        [0.967641,0.0,0.25233],
        [0.0,1.0,-0.0],
        [-0.25233,0.0,0.967641],
        [-496.324,0.163708,93.4322]
      ],
      "priority_order": 6,
      "isSiting": false
    }
  },
  {
    "entity": {
      "_template": "menu_soldier_respawnbase",
      "priority_order": 7,
      "transform": [
        [0.88422,0.0,0.46707],
        [0.0,1.0,-0.0],
        [-0.46707,0.0,0.88422],
        [-497.618,0.441151,92.3644]
      ]
    }
  },
  {
    "entity": {
      "_template": "menu_soldier_respawnbase",
      "transform": [
        [0.878428,0.0,0.477874],
        [0.0,1.0,-0.0],
        [-0.477875,0.0,0.878428],
        [-497.496,0.449726,91.6332]
      ],
      "priority_order": 8
    }
  },
  {
    "entity": {
      "_template": "menu_soldier_respawnbase",
      "transform": [
        [0.914332,0.0,0.404965],
        [0.0,1.0,-0.0],
        [-0.404965,0.0,0.914332],
        [-494.589,0.156932,93.0406]
      ],
      "priority_order": 3,
      "isSiting": true
    }
  },
  {
    "entity": {
      "_template": "menu_soldier_respawnbase",
      "transform": [
        [0.645416,0.0,0.76383],
        [0.0,1.0,-0.0],
        [-0.76383,0.0,0.645416],
        [-495.41,0.17391,93.6435]
      ],
      "priority_order": 4,
      "isSiting": true
    }
  },
  {
    "entity": {
      "_template": "screen_fade_anim",
      "screen_fade": 0.0,
      "anim_track_on": false
    }
  },
  {
    "entity": {
      "_template": "light_bunker_ceiling",
      "transform": [
        [-0.807212,-0.144102,6.68785],
        [-6.68887,0.103997,-0.805099],
        [-0.0860085,-6.73564,-0.155526],
        [292.708,6.3444,81.3415]
      ],
      "light__max_radius": 7.0,
      "spot_light__shadows": true,
      "spot_light__dynamic_obj_shadows": true,
      "spot_light__shadow_shrink": 0,
      "light__color": "#e1b99bff",
      "light__brightness": 250.0,
      "spot_light__inner_attenuation": 0.9,
      "light__affect_volumes": false,
      "spot_light__contact_shadows": false,
      "spot_light__dynamic_light": false
    }
  },
  {
    "entity": {
      "_template": "spot_light",
      "transform": [
        [-2.41536,0.311447,0.418209],
        [-0.325513,-2.44882,-0.0563252],
        [0.407357,-0.110149,2.43472],
        [7.31354,24.3079,83.7363]
      ],
      "light__brightness": 1.0,
      "spot_light__shadows": true,
      "spot_light__dynamic_obj_shadows": true,
      "light__max_radius": 6.0,
      "spot_light__inner_attenuation": 0.1,
      "spot_light__shadow_shrink": 0,
      "spot_light__dynamic_light": false,
      "light__color": "#ffffffff",
      "light__affect_volumes": false
    }
  },
  {
    "entity": {
      "_template": "light_bunker_ceiling",
      "transform": [
        [-0.340265,-0.0607434,2.81914],
        [-2.81958,0.043838,-0.339375],
        [-0.0362554,-2.83928,-0.0655593],
        [296.598,6.58089,85.1232]
      ],
      "light__max_radius": 9.0,
      "spot_light__shadows": true,
      "spot_light__dynamic_obj_shadows": true,
      "spot_light__shadow_shrink": 0,
      "light__color": "#e1b9b9ff",
      "light__brightness": 150.0,
      "spot_light__inner_attenuation": 0.1,
      "light__affect_volumes": false
    }
  },
  {
    "entity": {
      "_template": "light_bunker_ceiling",
      "transform": [
        [-0.306095,0.00160525,2.53571],
        [-2.53563,-0.0233167,-0.306071],
        [0.0229564,-2.55405,0.004388],
        [299.593,6.05958,80.6485]
      ],
      "light__max_radius": 9.0,
      "spot_light__shadows": true,
      "spot_light__dynamic_obj_shadows": true,
      "spot_light__shadow_shrink": 0,
      "light__color": "#e1b9b9ff",
      "light__brightness": 120.0,
      "spot_light__inner_attenuation": 0.9,
      "light__affect_volumes": false,
      "spot_light__contact_shadows": false
    }
  },
  {
    "entity": {
      "_template": "light_bunker_ceiling",
      "transform": [
        [2.66203,-0.803679,0.0484583],
        [-0.0424922,0.0269165,2.7807],
        [-0.804024,-2.66236,0.0134846],
        [7.71798,25.4946,85.2272]
      ],
      "light__brightness": 1.0,
      "light__affect_volumes": false,
      "spot_light__contact_shadows": true
    }
  },
  {
    "entity": {
      "_template": "spot_light",
      "transform": [
        [2.26987,-0.0446162,0.363987],
        [-0.364246,-0.0105266,2.27022],
        [-0.0423901,-2.29882,-0.0174653],
        [310.774,17.8857,-250.501]
      ],
      "light__brightness": 1900.0,
      "light__max_radius": 11.0,
      "spot_light__inner_attenuation": 0.1,
      "light__color": "#373741ff",
      "spot_light__dynamic_obj_shadows": true,
      "spot_light__shadows": true,
      "spot_light__dynamic_light": false,
      "spot_light__contact_shadows": true,
      "light__render_gpu_objects": false,
      "light__affect_volumes": false,
      "spot_light__shadow_shrink": 0
    }
  },
  {
    "entity": {
      "_template": "spot_light",
      "transform": [
        [2.10647,4.02258,-0.622231],
        [4.0231,-2.16395,-0.369838],
