[
  {
    "import": {
      "scene": "content/enlisted/gamedata/scenes/_menu_sounds.blk"
    }
  },
  {
    "entity": {
      "_template": "menu_camera",
      "fov": 60.0,
      "transform": [
        [0.868602,0.0,-0.49551],
        [-0.00490714,0.999951,-0.00860195],
        [0.495485,0.00990321,0.86856],
        [-4.92185,0.709863,-9.16637]
      ],
      "menuTransform": [
        [0.868602,0.0,-0.49551],
        [-0.00490714,0.999951,-0.00860195],
        [0.495485,0.00990321,0.86856],
        [-4.92185,0.709863,-9.16637]
      ]
    }
  },
  {
    "entity": {
      "_template": "ui_disabled",
      "ui__disabled": true
    }
  },
  {
    "entity": {
      "_template": "level",
      "level__blk": "content/enlisted/levels/campaigns_menu_background.blk",
      "level__timeRange": [5.0,19.2],
      "level__day": 3,
      "level__month": 6,
      "level__fpsLimit": 60,
      "level__weatherChoice:object": {
        "weather_cloudy_d": 1.0
      },
      "level__timeVec:array": {
        "level_timeVec": 18.072
      }
    }
  },
  {
    "entity": {
      "_template": "bonfire_effect",
      "effect__name": "menu_fire_big",
      "transform": [
        [0.326968,0.0,-0.427375],
        [0.0,0.538105,0.0],
        [0.427375,0.0,0.326968],
        [-4.84202,-0.35,15.5469]
      ]
    }
  },
  {
    "entity": {
      "_template": "bonfire_effect",
      "effect__name": "menu_fire_big",
      "transform": [
        [0.326968,0.0,-0.427375],
        [0.0,0.538105,0.0],
        [0.427375,0.0,0.326968],
        [13.8231,0.0239129,5.55388]
      ]
    }
  },
  {
    "entity": {
      "_template": "bonfire_effect",
      "effect__name": "menu_fire_big",
      "transform": [
        [0.366082,0.0,-0.4785],
        [0.0,0.602477,0.0],
        [0.4785,0.0,0.366082],
        [1.05547,0.239423,6.67438]
      ]
    }
  },
  {
    "entity": {
      "_template": "bonfire_effect",
      "effect__name": "dust_sparks_slow",
      "transform": [
        [4.00724,-1.06125,0.163259],
        [0.992003,3.90054,1.00623],
        [-0.410901,-0.932905,4.02141],
        [0.591333,-0.575456,-5.94673]
      ]
    }
  },
  {
    "entity": {
      "_template": "bonfire_effect",
      "effect__name": "ground_sparkles_2m",
      "transform": [
        [4.00724,-0.615872,0.879555],
        [0.992003,3.42398,-2.12205],
        [-0.410901,2.26007,3.45458],
        [-3.95992,1.33999,0.691833]
      ]
    }
  },
  {
    "entity": {
      "_template": "bonfire_effect",
      "effect__name": "menu_bonfire_small",
      "transform": [
        [0.579106,0.0,-1.66192],
        [0.0,1.75993,0.0],
        [1.66192,0.0,0.579106],
        [-5.6711,0.246866,-6.62588]
      ]
    }
  },
  {
    "entity": {
      "_template": "bonfire_effect",
      "effect__name": "menu_fire_big",
      "transform": [
        [0.366082,0.0,-0.4785],
        [0.0,0.602477,0.0],
        [0.4785,0.0,0.366082],
        [-8.57728,4.82732,-85.42]
      ]
    }
  },
  {
    "entity": {
      "_template": "shaderVars",
      "shader_vars__vars:object": {
        "puddle_flat_noise_normal_effect": 0.015,
        "water_level": -1.0,
        "layered_fog_density": 0.4,
        "puddle_flat_hmap_reduce": -0.2,
        "puddle_flat_normal_hardness": 25.0,
        "autodetect_land_selfillum_color": [0.592,0.125,0.0,0.404],
        "layered_fog_height": 10.0,
        "puddle_hardness": 5.429,
        "puddle_increase": 0.0,
        "hmap_displacement_down": -0.0495,
        "land_selfillum_strength": 20.0,
        "hmap_displacement_up": 0.236,
        "puddle_flat_noise_height_reduce": 0.09,
        "land_selfillum_worldscale": 1.0
      }
    }
  },
  {
    "entity": {
      "_template": "postfx_color_grading_tonemap_death_alive_enlisted"
    }
  },
  {
    "entity": {
      "_template": "postfx_roundctrl",
      "post_fx:object": {
        "dof__nearDofAmountPercent": 1.0,
        "dof__farDofAmountPercent": 0.05,
        "dof__farDofEnd": 181.0,
        "dof__bokehShape_bladesCount": 3.0,
        "adaptation__autoExposureScale": 0.5,
        "dof__bokehShape_kernelSize": 2.1,
        "dof__farDofStart": 9.0,
        "dof__nearDofStart": 1.0,
        "adaptation__minExposure": 1.5,
        "adaptation__maxExposure": 1.2,
        "dof__nearDofEnd": 2.5
      }
    }
  },
  {
    "entity": {
      "_template": "us_m3a1_stuart_bot_convo",
      "transform": [
        [-0.83489,-0.0533552,-0.547825],
        [-0.0806087,0.996412,0.0258032],
        [0.544483,0.0657023,-0.836195],
        [-0.169608,0.0498237,0.0309824]
      ]
    }
  },
  {
    "entity": {
      "_template": "us_m3a1_stuart_bot_convo",
      "transform": [
        [-0.844439,0.0153361,-0.535432],
        [0.0129469,0.999882,0.00822037],
        [0.535495,9.43679e-06,-0.844538],
        [-61.7027,1.41962,-2.07583]
      ]
    }
  },
  {
    "entity": {
      "_template": "common_menu_animchar+human_weap+disable_update",
      "animchar__updatable": false,
      "animchar__res": "us_summer_2_char",
      "transform": [
        [-0.809625,-0.01332,0.586796],
        [-0.0242232,0.999649,-0.0107301],
        [-0.586446,-0.0229015,-0.809664],
        [-19.8037,6.2363,-63.9966]
      ],
      "animchar__animStateNames:object": {
        "lower": "enlisted_idle_11_1_weapon",
        "upper": "enlisted_idle_11_1_weapon"
      },
      "human_weap__weapTemplates:object": {
        "primary": "m1a1_thompson_gun"
      }
    }
  },
  {
    "entity": {
      "_template": "common_menu_animchar+human_weap+disable_update",
      "animchar__updatable": false,
      "animchar__res": "us_summer_2_char",
      "transform": [
        [-0.758679,0.0,-0.651466],
        [0.0,1.0,0.0],
        [0.651466,0.0,-0.758679],
        [-2.28532,-0.128262,-6.52363]
      ],
      "animchar__animStateNames:object": {
        "lower": "enlisted_idle_11_weapon",
        "upper": "enlisted_idle_11_weapon"
      },
      "human_weap__weapTemplates:object": {
        "primary": "m1a1_thompson_gun"
      }
    }
  },
  {
    "entity": {
      "_template": "common_menu_animchar+human_weap+disable_update",
      "animchar__updatable": false,
      "animchar__res": "us_summer_4_char",
      "transform": [
        [-0.877557,0.0,-0.479471],
        [0.0,1.0,0.0],
        [0.479471,0.0,-0.877557],
        [-2.22377,-0.0670642,-5.59391]
      ],
      "animchar__animStateNames:object": {
        "lower": "enlisted_idle_06_weapon",
        "upper": "enlisted_idle_06_weapon"
      },
      "human_weap__weapTemplates:object": {
        "primary": "m1_bazooka_gun"
      }
    }
  },
  {
    "entity": {
      "_template": "common_menu_animchar+human_weap+disable_update",
      "animchar__updatable": false,
      "animchar__res": "us_summer_5_char",
      "transform": [
        [-0.125843,0.0,-0.99205],
        [0.0,1.0,0.0],
        [0.99205,0.0,-0.125843],
        [-3.39348,0.00202779,-3.55839]
      ],
      "animchar__animStateNames:object": {
        "lower": "enlisted_idle_07_weapon",
        "upper": "enlisted_idle_07_weapon"
      },
      "human_weap__weapTemplates:object": {
        "primary": "ptrs_41_gun"
      }
    }
  },
  {
    "entity": {
      "_template": "common_menu_animchar+human_weap+disable_update",
      "animchar__updatable": false,
      "animchar__res": "us_summer_5_char",
      "transform": [
        [-0.999076,0.0,-0.0429463],
        [0.0,1.0,0.0],
        [0.0429463,0.0,-0.999076],
        [-0.410858,-0.0387583,-2.02434]
      ],
      "animchar__animStateNames:object": {
        "lower": "enlisted_idle_08_weapon",
        "upper": "enlisted_idle_08_weapon"
      },
      "human_weap__weapTemplates:object": {
        "primary": "mg_42_handheld_gun"
      }
    }
  },
  {
    "entity": {
      "_template": "common_menu_animchar+human_weap+disable_update",
      "animchar__updatable": false,
      "animchar__res": "us_summer_5_char",
      "transform": [
        [-0.807636,0.0,-0.589681],
        [0.0,1.0,0.0],
        [0.589681,0.0,-0.807636],
        [-1.13274,-0.147567,-6.3589]
      ],
      "animchar__animStateNames:object": {
        "lower": "enlisted_idle_10_weapon",
        "upper": "enlisted_idle_10_weapon"
      },
      "human_weap__weapTemplates:object": {
        "primary": "mp40_gun"
      }
    }
  },
  {
    "entity": {
      "_template": "spot_light",
      "transform": [
        [-2.27849,0.351913,-0.504235],
        [0.0106424,1.95756,1.31812],
        [0.614803,1.27032,-1.89154],
        [-1.55903,0.999062,1.96556]
      ],
      "light__brightness": 291.0,
      "spot_light__shadows": false,
      "spot_light__dynamic_obj_shadows": false,
      "light__max_radius": 3.5,
      "spot_light__inner_attenuation": 0.2,
      "spot_light__shadow_shrink": 0,
      "spot_light__dynamic_light": false,
      "light__color": "#ff280aff"
    }
  },
  {
    "entity": {
      "_template": "spot_light",
      "transform": [
        [0.979579,1.31894,-2.61187],
        [-2.37253,-1.25397,-1.52305],
        [-1.71247,2.49178,0.616046],
        [1.8846,1.05372,-3.54269]
      ],
      "light__brightness": 31.0,
      "spot_light__shadows": false,
      "spot_light__dynamic_obj_shadows": false,
      "light__max_radius": 6.0,
      "spot_light__inner_attenuation": 0.9,
      "spot_light__shadow_shrink": 0,
      "spot_light__dynamic_light": false,
      "light__color": "#0532ffff"
    }
  },
  {
    "entity": {
      "_template": "spot_light",
      "transform": [
        [0.365432,-0.0368612,0.177333],
        [0.0141304,0.403905,0.0548397],
        [-0.180571,-0.0429918,0.36317],
        [-1.94388,0.561794,-8.38019]
      ],
      "light__brightness": 81.0,
      "spot_light__shadows": true,
      "spot_light__dynamic_obj_shadows": true,
      "light__max_radius": 2.8,
      "spot_light__inner_attenuation": 0.9,
      "spot_light__shadow_shrink": 0,
      "spot_light__dynamic_light": false,
      "light__color": "#ff280aff"
    }
  },
  {
    "entity": {
      "_template": "spot_light",
      "transform": [
        [-0.175164,-0.0394764,-0.306843],
        [-0.177471,0.301645,0.0625027],
        [0.253406,0.183969,-0.168329],
        [-20.404,7.39477,-63.4363]
      ],
      "light__brightness": 1.5,
      "spot_light__shadows": true,
      "spot_light__dynamic_obj_shadows": true,
      "light__max_radius": 2.0,
      "spot_light__inner_attenuation": 0.1,
      "spot_light__shadow_shrink": 0,
      "spot_light__dynamic_light": false,
      "light__color": "#ffcdcdff"
    }
  },
  {
    "entity": {
      "_template": "spot_light",
      "transform": [
        [-2.17919,1.26936,-1.77789],
        [-2.18405,-1.31853,1.73563],
        [-0.045715,2.4842,1.82968],
        [-20.8305,7.51495,-66.6915]
      ],
      "light__brightness": 61.0,
      "spot_light__shadows": true,
      "spot_light__dynamic_obj_shadows": true,
      "light__max_radius": 5.0,
      "spot_light__inner_attenuation": 0.6,
      "spot_light__shadow_shrink": 0,
      "spot_light__dynamic_light": false,
      "light__color": "#05329bff"
    }
  },
  {
    "entity": {
      "_template": "spot_light",
      "transform": [
        [0.818671,2.5848,1.47297],
        [-0.351244,1.60101,-2.61427],
        [-2.95423,0.525935,0.719006],
        [-57.7589,2.58798,-5.16895]
      ],
      "light__brightness": 61.0,
      "spot_light__shadows": true,
      "spot_light__dynamic_obj_shadows": false,
      "light__max_radius": 8.0,
      "spot_light__inner_attenuation": 0.6,
      "spot_light__shadow_shrink": 0,
      "spot_light__dynamic_light": false,
      "light__color": "#05329bff"
    }
  },
  {
    "entity": {
      "_template": "spot_light",
      "transform": [
        [-0.22069,0.404121,-0.887684],
        [0.120206,0.914455,0.386422],
        [0.967909,-0.0214255,-0.250389],
        [-64.9394,2.19691,-2.36258]
      ],
      "light__brightness": 91.0,
      "spot_light__shadows": true,
      "spot_light__dynamic_obj_shadows": true,
      "light__max_radius": 5.0,
      "spot_light__inner_attenuation": 0.2,
      "spot_light__shadow_shrink": 0,
      "spot_light__dynamic_light": false,
      "light__color": "#ff280aff"
    }
  },
  {
    "entity": {
      "_template": "spot_light",
      "transform": [
        [0.0845375,0.239117,-0.290676],
        [-0.342568,0.172303,0.0421109],
        [0.155934,0.2489,0.250099],
        [-2.53923,1.21032,-6.7972]
      ],
      "light__brightness": 1.0,
      "spot_light__shadows": false,
      "spot_light__dynamic_obj_shadows": false,
      "light__max_radius": 1.0,
      "spot_light__inner_attenuation": 0.1,
      "spot_light__shadow_shrink": 0,
      "spot_light__dynamic_light": false,
      "light__color": "#ffcdcdff"
    }
  },
  {
    "entity": {
      "_template": "ri_shadows_invalidate"
    }
  },
  {
    "entity": {
      "_template": "stationary_mg42",
      "transform": [
        [0.990987,-0.00389246,0.133904],
        [-0.0148792,0.990194,0.1389],
        [-0.133132,-0.139641,0.981212],
        [-3.74499,-0.0222866,-6.25601]
      ]
    }
  },
  {
    "entity": {
      "_template": "app_timespeed",
      "app__timeSpeed": 0.6
    }
  },
  {
    "entity": {
      "_template": "sound_override_time_speed"
    }
  }
]