[
  {
    "import": {
      "scene": "content/enlisted/gamedata/scenes/_normandy_sounds.blk"
    }
  },
  {
    "import": {
      "scene": "content/enlisted/gamedata/scenes/_normandy_urban_area_biom_fx.blk"
    }
  },
  {
    "import": {
      "scene": "content/enlisted/gamedata/scenes/_normandy_urban_area_common.blk"
    }
  },
  {
    "entity": {
      "_template": "poly_battle_area",
      "transform": [
        [1.0,0.0,0.0],
        [0.0,1.0,0.0],
        [0.0,0.0,1.0],
        [0.0,0.0,0.0]
      ],
      "groupName": "sector_1",
      "active": false,
      "battle_area__team": 2,
      "battleAreaId": "area1_1",
      "poly_area__points:list<p3>": [
        {
          "item": [472.509,3.70959,-179.004]
        },
        {
          "item": [282.809,3.70959,109.811]
        },
        {
          "item": [207.378,1.83991,88.8174]
        },
        {
          "item": [190.952,1.65481,80.444]
        },
        {
          "item": [173.396,1.70714,70.8963]
        },
        {
          "item": [166.717,1.66463,65.8543]
        },
        {
          "item": [156.08,3.61411,59.2005]
        },
        {
          "item": [143.769,3.52845,51.3898]
        },
        {
          "item": [129.556,3.46767,37.0122]
        },
        {
          "item": [103.386,3.49003,20.4652]
        },
        {
          "item": [91.1212,3.03874,8.6663]
        },
        {
          "item": [73.1246,2.62239,-3.92559]
        },
        {
          "item": [71.263,2.92552,-6.66231]
        },
        {
          "item": [64.0554,2.2882,-14.411]
        },
        {
          "item": [67.6031,2.72715,-26.9949]
        },
        {
          "item": [67.8676,3.29545,-31.075]
        },
        {
          "item": [62.2141,1.97321,-45.4809]
        },
        {
          "item": [51.8636,1.98811,-56.0013]
        },
        {
          "item": [48.7472,1.70145,-64.5894]
        },
        {
          "item": [46.8907,3.70959,-98.861]
        },
        {
          "item": [45.9953,3.70959,-118.81]
        },
        {
          "item": [45.6827,3.70959,-135.949]
        },
        {
          "item": [22.2854,3.70959,-177.297]
        },
        {
          "item": [58.9544,3.70959,-206.277]
        },
        {
          "item": [201.167,3.70959,-404.601]
        }
      ]
    }
  },
  {
    "entity": {
      "_template": "poly_battle_area",
      "transform": [
        [1.0,0.0,0.0],
        [0.0,1.0,0.0],
        [0.0,0.0,1.0],
        [0.0,0.0,0.0]
      ],
      "groupName": "sector_1",
      "active": false,
      "battle_area__team": 1,
      "battleAreaId": "area1_2",
      "poly_area__points:list<p3>": [
        {
          "item": [-167.523,3.70959,-29.8705]
        },
        {
          "item": [-115.7,3.70959,-73.3434]
        },
        {
          "item": [-88.9174,3.70959,-93.0574]
        },
        {
          "item": [-27.6517,3.70959,-138.805]
        },
        {
          "item": [58.6168,3.70959,-206.654]
        },
        {
          "item": [131.717,3.70959,-183.538]
        },
        {
          "item": [142.985,3.3536,-172.941]
        },
        {
          "item": [157.556,3.70959,-159.239]
        },
        {
          "item": [163.552,3.467,-154.509]
        },
        {
          "item": [168.902,3.70959,-160.539]
        },
        {
          "item": [190.338,3.52501,-144.548]
        },
        {
          "item": [195.147,1.08054,-122.147]
        },
        {
          "item": [191.434,-1.90735e-06,-111.346]
        },
        {
          "item": [213.497,3.70959,-95.1397]
        },
        {
          "item": [226.262,3.70959,-83.8813]
        },
        {
          "item": [238.878,3.44838,-75.5066]
        },
        {
          "item": [253.851,3.70959,-64.5274]
        },
        {
          "item": [255.756,3.14403,-62.9284]
        },
        {
          "item": [266.583,1.6531,-57.9108]
        },
        {
          "item": [282.522,3.13439,-48.8499]
        },
        {
          "item": [280.576,3.47669,-45.5898]
        },
        {
          "item": [280.88,2.71444,-44.9953]
        },
        {
          "item": [279.346,2.14,-41.9703]
        },
        {
          "item": [308.502,2.58702,-24.7034]
        },
        {
          "item": [309.653,2.7466,-21.8948]
        },
        {
          "item": [327.098,2.57289,3.56793]
        },
        {
          "item": [334.93,3.70959,31.867]
        },
        {
          "item": [199.55,3.70959,237.508]
        },
        {
          "item": [65.332,3.70959,206.588]
        },
        {
          "item": [-117.027,3.70959,128.103]
        },
        {
          "item": [-127.388,3.70959,18.359]
        }
      ]
    }
  },
  {
    "entity": {
      "_template": "poly_battle_area",
      "transform": [
        [1.0,0.0,0.0],
        [0.0,1.0,0.0],
        [0.0,0.0,1.0],
        [0.0,0.0,0.0]
      ],
      "groupName": "sector_2",
      "active": false,
      "battle_area__team": 2,
      "battleAreaId": "area2_1",
      "poly_area__points:list<p3>": [
        {
          "item": [394.786,3.70959,-61.3191]
        },
        {
          "item": [227.907,3.70959,193.56]
        },
        {
          "item": [150.166,3.70959,198.918]
        },
        {
          "item": [137.78,2.38657,202.93]
        },
        {
          "item": [87.8364,3.27896,191.511]
        },
        {
          "item": [79.3004,1.953,189.509]
        },
        {
          "item": [67.4885,1.59936,182.201]
        },
        {
          "item": [65.3074,3.8147e-06,165.392]
        },
        {
          "item": [40.3584,3.70959,112.498]
        },
        {
          "item": [35.1664,3.70959,94.8505]
        },
        {
          "item": [24.0977,2.36616,88.6877]
        },
        {
          "item": [9.53456,2.37251,84.8399]
        },
        {
          "item": [8.06597,2.55347,82.1499]
        },
        {
          "item": [9.99296,2.16502,75.472]
        },
        {
          "item": [-2.42899,3.52042,72.4151]
        },
        {
          "item": [-15.8711,2.14,68.967]
        },
        {
          "item": [-9.59563,2.92199,50.0385]
        },
        {
          "item": [-21.8968,3.10036,45.0637]
        },
        {
          "item": [-32.0385,3.70959,39.4654]
        },
        {
          "item": [-41.3048,3.70959,30.8137]
        },
        {
          "item": [-53.225,3.70959,19.6912]
        },
        {
          "item": [-72.6126,3.70959,2.74573]
        },
        {
          "item": [-78.7334,3.70959,-4.06322]
        },
        {
          "item": [-88.6449,3.70959,-15.8631]
        },
        {
          "item": [-133.017,3.70959,-63.3825]
        },
        {
          "item": [55.2724,3.70959,-208.464]
        },
        {
          "item": [113.004,3.70959,-282.735]
        }
      ]
    }
  },
  {
    "entity": {
      "_template": "poly_battle_area",
      "transform": [
        [1.0,0.0,0.0],
        [0.0,1.0,0.0],
        [0.0,0.0,1.0],
        [0.0,0.0,0.0]
      ],
      "groupName": "sector_2",
      "active": false,
      "battle_area__team": 1,
      "battleAreaId": "area2_2",
      "poly_area__points:list<p3>": [
        {
          "item": [-213.523,3.70959,10.4107]
        },
        {
          "item": [-135.122,3.70959,-60.0192]
        },
        {
          "item": [-27.9134,3.70959,-138.862]
        },
        {
          "item": [31.8187,3.70959,-145.91]
        },
        {
          "item": [43.0164,3.70959,-142.245]
        },
        {
          "item": [44.7878,3.70959,-136.848]
        },
        {
          "item": [46.7644,3.70959,-98.2573]
        },
        {
          "item": [101.136,3.70959,-83.1268]
        },
        {
          "item": [104.345,3.70959,-75.3844]
        },
        {
          "item": [123.267,3.70959,-74.4469]
        },
        {
          "item": [136.562,3.17397,-70.0793]
        },
        {
          "item": [151.198,1.47956,-58.2583]
        },
        {
          "item": [158.961,1.52588e-05,-35.4955]
        },
        {
          "item": [162.546,2.04402,-12.9435]
        },
        {
          "item": [172.561,3.70959,2.59447]
        },
        {
          "item": [195.691,3.16107,17.5652]
        },
        {
          "item": [181.041,3.70959,42.7556]
        },
        {
          "item": [182.837,3.70959,52.2494]
        },
        {
          "item": [189.057,3.70959,60.1971]
        },
        {
          "item": [280.956,3.70959,114.982]
        },
        {
          "item": [185.319,3.70959,263.91]
        },
        {
          "item": [-46.3871,3.70959,220.039]
        },
        {
          "item": [-186.56,3.70959,153.584]
        }
      ]
    }
  },
  {
    "entity": {
      "_template": "poly_battle_area",
      "transform": [
        [1.0,0.0,0.0],
        [0.0,1.0,0.0],
        [0.0,0.0,1.0],
        [0.0,0.0,0.0]
      ],
      "groupName": "sector_3",
      "active": false,
      "battle_area__team": 2,
      "battleAreaId": "area3_1",
      "poly_area__points:list<p3>": [
        {
          "item": [284.107,3.70959,-22.9616]
        },
        {
          "item": [109.789,3.70959,330.925]
        },
        {
          "item": [-89.8688,3.70959,246.518]
        },
        {
          "item": [-102.913,2.37589,180.054]
        },
        {
          "item": [-95.1615,2.3384,161.185]
        },
        {
          "item": [-103.393,2.20996,157.53]
        },
        {
          "item": [-99.5553,1.66831,148.265]
        },
        {
          "item": [-107.392,1.65165,126.87]
        },
        {
          "item": [-118.716,1.6507,122.838]
        },
        {
          "item": [-121.423,1.65541,92.5632]
        },
        {
          "item": [-126.207,4.16102,78.7185]
        },
        {
          "item": [-127.686,1.64975,71.6153]
        },
        {
          "item": [-123.853,3.70959,21.9128]
        },
        {
          "item": [-195.669,3.70959,-58.6137]
        },
        {
          "item": [-27.0044,3.70959,-237.275]
        }
      ]
    }
  },
  {
    "entity": {
      "_template": "poly_battle_area",
      "transform": [
        [1.0,0.0,0.0],
        [0.0,1.0,0.0],
        [0.0,0.0,1.0],
        [0.0,0.0,0.0]
      ],
      "groupName": "sector_3",
      "active": false,
      "battle_area__team": 1,
      "battleAreaId": "area3_2",
      "poly_area__points:list<p3>": [
        {
          "item": [-372.42,3.70959,126.914]
        },
        {
          "item": [-186.223,1.61269,-67.2088]
        },
        {
          "item": [-114.417,1.66106,8.48385]
        },
        {
          "item": [-102.171,1.67402,19.6563]
        },
        {
          "item": [-86.9823,2.4455,36.0288]
        },
        {
          "item": [-67.4953,1.6679,53.7564]
        },
        {
          "item": [-48.0728,1.9635,69.1238]
        },
        {
          "item": [-16.6805,2.14,77.6603]
        },
        {
          "item": [-16.2658,2.14,76.8383]
        },
        {
          "item": [-11.6933,1.65377,77.8058]
        },
        {
          "item": [8.68869,1.67311,84.3198]
        },
        {
          "item": [23.7838,2.5262,88.4469]
        },
        {
          "item": [42.6759,1.67425,97.3068]
        },
        {
          "item": [58.4844,3.5164,107.554]
        },
        {
          "item": [87.2515,3.49459,119.618]
        },
        {
          "item": [70.7484,2.33795,162.212]
        },
        {
          "item": [72.179,3.21486,167.81]
        },
        {
          "item": [66.3175,2.5158,190.512]
        },
        {
          "item": [58.6682,2.24037,230.427]
        },
        {
          "item": [55.9454,2.22145,254.03]
        },
        {
          "item": [25.8058,3.70959,293.501]
        }
      ]
    }
  },
  {
    "entity": {
      "_template": "aircraft_box_battle_area",
      "transform": [
        [10500.7,0.0,-3954.9],
        [0.0,8000.03,0.0],
        [3954.38,0.0,10600.8],
        [120.022,240.916,-27.7984]
      ],
      "battle_area__team": -1
    }
  },
  {
    "entity": {
      "_template": "american_assault_boat_m1",
      "transform": [
        [-0.0388287,-0.00684447,0.999222],
        [-0.00164649,0.999976,0.00678565],
        [-0.999245,-0.00138173,-0.038839],
        [237.687,0.102321,-172.778]
      ]
    }
  },
  {
    "entity": {
      "_template": "american_assault_boat_m1",
      "transform": [
        [-0.672422,-0.00681609,0.740137],
        [-0.00561405,0.999976,0.00410858],
        [-0.740147,-0.00139246,-0.672444],
        [264.312,0.102314,-158.271]
      ]
    }
  },
  {
    "entity": {
      "_template": "american_assault_boat_m1",
      "transform": [
        [-0.484299,-0.00681557,0.874876],
        [-0.00451642,0.999976,0.00529001],
        [-0.874891,-0.00138936,-0.484318],
        [195.189,0.102314,-83.1567]
      ]
    }
  },
  {
    "entity": {
      "_template": "american_assault_boat_m1",
      "transform": [
        [-0.555584,-0.0068147,0.831433],
        [-0.00491612,0.999976,0.00491107],
        [-0.831446,-0.00135891,-0.555604],
        [184.762,0.102314,-93.255]
      ]
    }
  },
  {
    "entity": {
      "_template": "american_assault_boat_m1",
      "transform": [
        [-0.291467,-0.00681557,0.956557],
        [-0.00331562,0.999976,0.00611465],
        [-0.956575,-0.00138936,-0.291482],
        [168.709,0.102314,-41.298]
      ]
    }
  },
  {
    "entity": {
      "_template": "american_assault_boat_m1",
      "transform": [
        [-0.410068,-0.00681743,0.91203],
        [-0.00403694,0.999976,0.00565974],
        [-0.912046,-0.00136093,-0.410085],
        [148.881,0.102314,-32.6881]
      ]
    }
  },
  {
    "entity": {
      "_template": "american_assault_boat_m1",
      "transform": [
        [0.355313,-0.00681438,-0.934723],
        [0.00368716,0.999976,-0.0058885],
        [0.93474,-0.00135421,0.35533],
        [126.069,0.102314,27.7606]
      ]
    }
  },
  {
    "entity": {
      "_template": "american_assault_boat_m1",
      "transform": [
        [-0.269524,-0.0068162,0.962969],
        [-0.00315249,0.999976,0.0061958],
        [-0.962988,-0.00136583,-0.269539],
        [102.567,0.102314,37.3295]
      ]
    }
  },
  {
    "entity": {
      "_template": "american_assault_boat_m1",
      "transform": [
        [-0.362208,-0.00681557,0.932073],
        [-0.00376375,0.999976,0.00584948],
        [-0.93209,-0.00138936,-0.362225],
        [99.0754,0.102314,71.8854]
      ]
    }
  },
  {
    "entity": {
      "_template": "american_assault_boat_m1",
      "transform": [
        [0.356011,-0.00681557,-0.934457],
        [0.00372483,0.999976,-0.00587434],
        [0.934474,-0.00138936,0.356028],
        [68.3247,0.102314,104.301]
      ]
    }
  },
  {
    "entity": {
      "_template": "american_assault_boat_m1",
      "transform": [
        [-0.266024,-0.00681757,0.963942],
        [-0.00318097,0.999976,0.00619456],
        [-0.963961,-0.00141837,-0.266039],
        [73.6581,0.102308,131.368]
      ]
    }
  },
  {
    "entity": {
      "_template": "american_assault_boat_m1",
      "transform": [
        [-0.695819,-0.00681333,0.718185],
        [-0.00573026,0.999976,0.00393484],
        [-0.718194,-0.00137745,-0.695841],
        [4.15271,0.102314,208.712]
      ]
    }
  },
  {
    "entity": {
      "_template": "american_assault_boat_m1",
      "transform": [
        [0.947176,-0.00681557,0.32064],
        [0.00601019,0.999976,0.00350142],
        [-0.320656,-0.00138936,0.947195],
        [-164.232,0.102314,180.589]
      ]
    }
  },
  {
    "entity": {
      "_template": "american_assault_boat_m1",
      "transform": [
        [0.996071,-0.00681557,-0.0883017],
        [0.00691163,0.999976,0.000782126],
        [0.0882942,-0.00138936,0.996094],
        [-203.492,0.102314,161.227]
      ]
    }
  },
  {
    "entity": {
      "_template": "vw_kubelwagen",
      "transform": [
        [0.486882,-0.0145397,-0.873347],
        [-0.0580896,0.997109,-0.0489845],
        [0.871534,0.074582,0.48463],
        [208.389,1.64382,16.3616]
      ]
    }
  },
  {
    "entity": {
      "_template": "opel_blitz_kfz_305",
      "transform": [
        [0.78576,-0.0106146,-0.61844],
        [0.0118393,0.999928,-0.00211986],
        [0.618418,-0.00565618,0.785829],
        [-12.8088,1.54818,195.158]
      ]
    }
  },
  {
    "entity": {
      "_template": "opel_blitz_kfz_305",
      "transform": [
        [0.984782,-0.0114415,-0.173419],
        [0.0111248,0.999934,-0.00279825],
        [0.173439,0.000826422,0.984844],
        [-123.004,1.54852,81.6182]
      ]
    }
  },
  {
    "entity": {
      "_template": "vw_kubelwagen",
      "transform": [
        [-0.662688,-0.0189271,-0.748656],
        [-0.0406866,0.999114,0.0107556],
        [0.747789,0.0375878,-0.662871],
        [266.905,1.55924,-102.253]
      ]
    }
  },
  {
    "entity": {
      "_template": "opel_blitz_kfz_305",
      "transform": [
        [-0.787754,-0.0227229,0.61557],
        [-0.0694161,0.996228,-0.0520584],
        [-0.612066,-0.0837397,-0.786361],
        [249.387,1.48258,-123.762]
      ]
    }
  },
  {
    "entity": {
      "_template": "ri_gpu_object",
      "ri_gpu_object__name": "decal_broken_glass_a",
      "ri_gpu_object__biom_indexes": [38.0,57.0,-1.0,-1.0],
      "ri_gpu_object__grid_size": 16,
      "ri_gpu_object__grid_tiling": 1,
      "ri_gpu_object__cell_size": 16.0,
      "ri_gpu_object__incline_delta": 0.0,
      "ri_gpu_object__scale_range": [1.0,1.75],
      "ri_gpu_object__rotate_range": [0.0,360.0],
      "ri_gpu_object__seed": 7016,
      "ri_gpu_object__is_using_normal": true,
      "ri_gpu_object__up_vector": [0.0,1.0,0.0],
      "ri_gpu_object__decal": true,
      "ri_gpu_object__transparent": true
    }
  },
  {
    "entity": {
      "_template": "ri_gpu_object",
      "ri_gpu_object__name": "debris_trash_concrete_column_c",
      "ri_gpu_object__biom_indexes": [38.0,57.0,-1.0,-1.0],
      "ri_gpu_object__grid_size": 8,
      "ri_gpu_object__grid_tiling": 1,
      "ri_gpu_object__cell_size": 16.0,
      "ri_gpu_object__scale_range": [0.55,0.8],
      "ri_gpu_object__rotate_range": [0.0,360.0],
      "ri_gpu_object__seed": 7066,
      "ri_gpu_object__is_using_normal": true,
      "ri_gpu_object__multiple_objects:array": [
        {
          "ri_gpu_object__multiple_objects:object": {
            "name": "debris_trash_concrete_column_c",
            "weight": 1.0
          }
        },
        {
          "ri_gpu_object__multiple_objects:object": {
            "name": "debris_trash_concrete_small_part_a2",
            "weight": 1.0
          }
        },
        {
          "ri_gpu_object__multiple_objects:object": {
            "name": "debris_trash_concrete_column_b",
            "weight": 1.0
          }
        },
        {
          "ri_gpu_object__multiple_objects:object": {
            "name": "debris_trash_concrete_small_part_a1",
            "weight": 1.0
          }
        }
      ]
    }
  },
  {
    "entity": {
      "_template": "ri_gpu_object",
      "ri_gpu_object__name": "debris_trash_concrete_small_part_c2",
      "ri_gpu_object__biom_indexes": [38.0,57.0,-1.0,-1.0],
      "ri_gpu_object__grid_size": 8,
      "ri_gpu_object__grid_tiling": 5,
      "ri_gpu_object__cell_size": 8.0,
      "ri_gpu_object__incline_delta": 10.0,
      "ri_gpu_object__scale_range": [0.2,0.5],
      "ri_gpu_object__rotate_range": [0.0,360.0],
      "ri_gpu_object__seed": 5128,
      "ri_gpu_object__is_using_normal": true,
      "ri_gpu_object__multiple_objects:array": [
        {
          "ri_gpu_object__multiple_objects:object": {
            "name": "debris_trash_concrete_small_part_c3",
            "weight": 1.0
          }
        },
        {
          "ri_gpu_object__multiple_objects:object": {
            "name": "debris_trash_concrete_small_part_c2",
            "weight": 1.0
          }
        },
        {
          "ri_gpu_object__multiple_objects:object": {
            "name": "debris_trash_concrete_small_part_b3",
            "weight": 0.5
          }
        },
        {
          "ri_gpu_object__multiple_objects:object": {
            "name": "debris_trash_concrete_small_part_b1",
            "weight": 0.5
          }
        }
      ]
    }
  },
  {
    "entity": {
      "_template": "ri_gpu_object",
      "ri_gpu_object__name": "debris_bricks_a",
      "ri_gpu_object__biom_indexes": [38.0,57.0,-1.0,-1.0],
      "ri_gpu_object__grid_size": 8,
      "ri_gpu_object__grid_tiling": 12,
      "ri_gpu_object__cell_size": 32.0,
      "ri_gpu_object__scale_range": [0.95,1.0],
      "ri_gpu_object__rotate_range": [0.0,360.0],
      "ri_gpu_object__seed": 2814,
      "ri_gpu_object__is_using_normal": true,
      "ri_gpu_object__multiple_objects:array": [
        {
          "ri_gpu_object__multiple_objects:object": {
            "name": "debris_bricks_a",
            "weight": 1.0
          }
        },
        {
          "ri_gpu_object__multiple_objects:object": {
            "name": "debris_bricks_b",
            "weight": 1.0
          }
        },
        {
          "ri_gpu_object__multiple_objects:object": {
            "name": "debris_trash_paving_stone_small_a",
            "weight": 1.0
          }
        },
        {
          "ri_gpu_object__multiple_objects:object": {
            "name": "debris_trash_paving_stone_small_c",
            "weight": 1.0
          }
        },
        {
          "ri_gpu_object__multiple_objects:object": {
            "name": "debris_trash_wood_plank_a",
            "weight": 1.0
          }
        },
        {
          "ri_gpu_object__multiple_objects:object": {
            "name": "debris_trash_wood_plank_b",
            "weight": 1.0
          }
        },
        {
          "ri_gpu_object__multiple_objects:object": {
            "name": "shell_kwk40_a",
            "weight": 2.0
          }
        },
        {
          "ri_gpu_object__multiple_objects:object": {
            "name": "debris_metal_can_a",
            "weight": 1.0
          }
        },
        {
          "ri_gpu_object__multiple_objects:object": {
            "name": "debris_metal_can_b",
            "weight": 1.0
          }
        },
        {
          "ri_gpu_object__multiple_objects:object": {
            "name": "debris_metal_can_c",
            "weight": 1.0
          }
        },
        {
          "ri_gpu_object__multiple_objects:object": {
            "name": "sandbag_single_a",
            "weight": 1.0
          }
        },
        {
          "ri_gpu_object__multiple_objects:object": {
            "name": "sandbag_single_f",
            "weight": 1.0
          }
        }
      ]
    }
  },
  {
    "entity": {
      "_template": "ri_gpu_object",
      "ri_gpu_object__name": "screw_a",
      "ri_gpu_object__biom_indexes": [38.0,57.0,-1.0,-1.0],
      "ri_gpu_object__grid_size": 8,
      "ri_gpu_object__grid_tiling": 4,
      "ri_gpu_object__cell_size": 8.0,
      "ri_gpu_object__incline_delta": 0.0,
      "ri_gpu_object__scale_range": [0.95,1.0],
      "ri_gpu_object__rotate_range": [0.0,360.0],
      "ri_gpu_object__seed": 19794,
      "ri_gpu_object__is_using_normal": true,
      "ri_gpu_object__multiple_objects:array": [
        {
          "ri_gpu_object__multiple_objects:object": {
            "name": "screw_a",
            "weight": 8.0
          }
        },
        {
          "ri_gpu_object__multiple_objects:object": {
            "name": "screwdriver_a",
            "weight": 2.0
          }
        },
        {
          "ri_gpu_object__multiple_objects:object": {
            "name": "chisel_a",
            "weight": 2.0
          }
        },
        {
          "ri_gpu_object__multiple_objects:object": {
            "name": "nailer_a",
            "weight": 2.0
          }
        },
        {
          "ri_gpu_object__multiple_objects:object": {
            "name": "is_plates_b2_dmg",
            "weight": 1.0
          }
        },
        {
          "ri_gpu_object__multiple_objects:object": {
            "name": "is_spoon_b",
            "weight": 1.0
          }
        }
      ]
    }
  },
  {
    "entity": {
      "_template": "ri_gpu_object",
      "ri_gpu_object__name": "generic_rock_medium_b",
      "ri_gpu_object__biom_indexes": [48.0,25.0,7.0,-1.0],
      "ri_gpu_object__grid_size": 8,
      "ri_gpu_object__grid_tiling": 8,
      "ri_gpu_object__cell_size": 8.0,
      "ri_gpu_object__incline_delta": 0.0,
      "ri_gpu_object__scale_range": [0.4,0.8],
      "ri_gpu_object__rotate_range": [0.0,360.0],
      "ri_gpu_object__seed": 8174,
      "ri_gpu_object__is_using_normal": true,
      "ri_gpu_object__multiple_objects:array": [
        {
          "ri_gpu_object__multiple_objects:object": {
            "name": "generic_stone_small_a",
            "weight": 1.0
          }
        },
        {
          "ri_gpu_object__multiple_objects:object": {
            "name": "generic_stone_small_b",
            "weight": 1.0
          }
        },
        {
          "ri_gpu_object__multiple_objects:object": {
            "name": "generic_stone_small_c",
            "weight": 1.0
          }
        }
      ]
    }
  },
  {
    "entity": {
      "_template": "session_finalizer",
      "session_finalizer__timer": 10.0
    }
  },
  {
    "entity": {
      "_template": "door_mult_ent_generator",
      "ri_extra_gen__blk": "content/enlisted/gamedata/normandy_doors.blk"
    }
  },
  {
    "entity": {
      "_template": "postfx_color_grading_tonemap_death_alive_enlisted"
    }
  },
  {
    "entity": {
      "_template": "bloom"
    }
  },
  {
    "entity": {
      "_template": "postfx_roundctrl",
      "post_fx:object": []
    }
  },
  {
    "entity": {
      "_template": "enemy_attack_marker"
    }
  },
  {
    "entity": {
      "_template": "static_cam",
      "camera__active": true,
      "transform": [
        [0.988667,-0.000291186,0.150119],
        [-0.0193608,0.991399,0.129432],
        [-0.148866,-0.130872,0.980158],
        [153.573,19.5177,-83.0161]
      ]
    }
  },
  {
    "entity": {
      "_template": "respawn_camera",
      "respawnCameraForTeam": 2,
      "transform": [
        [1.0,0.0,0.0],
        [0.0,1.0,0.0],
        [0.0,0.0,1.0],
        [431.146,304.229,-395.885]
      ]
    }
  },
  {
    "entity": {
      "_template": "respawn_camera",
      "respawnCameraForTeam": 1,
      "transform": [
        [1.0,0.0,0.0],
        [0.0,1.0,0.0],
        [0.0,0.0,1.0],
        [-54.1202,303.266,239.108]
      ]
    }
  },
  {
    "entity": {
      "_template": "briefing_destruction",
      "mission_name": "normandy_omer_bomb",
      "mission_outfit": "normandy",
      "loading_images:list<t>": [
        {
          "item": "ui/normandy_urban_omer_01.avif"
        },
        {
          "item": "ui/normandy_urban_omer_02.avif"
        },
        {
          "item": "ui/normandy_urban_omer_03.avif"
        }
      ]
    }
  },
  {
    "entity": {
      "_template": "group_activator",
      "activator__activateChoice:object": {
        "sector_1": 1.0
      }
    }
  },
  {
    "entity": {
      "_template": "team_germany+team_narrator_destruction_attack+respawn_creators_team",
      "team__memberCount": 0.0,
      "team__scoreCap": 4000.0,
      "team__score": 4000.0,
      "team__squadSpawnCost": 250,
      "team__firstSpawnCostMul": 0.0,
      "team__zeroScoreFailTimer": 60.0,
      "team__id": 2,
      "team__briefing": "destruction/attackers_goals",
      "team__winSubtitle": "debriefing/won_invasion_destruction",
      "team__loseSubtitle": "debriefing/lost_invasion_destruction",
      "team__winTitle": "debriefing/axis_won_destruction_attack_title",
      "team__spawnBotArmy": "normandy_axis"
    }
  },
  {
    "entity": {
      "_template": "team_usa+team_narrator_destruction_defence+respawn_creators_team",
      "team__countAdd": 0.5,
      "team__memberCount": 0.5,
      "team__scoreCap": 3000.0,
      "team__capturePenalty": 1001.0,
      "team__score": 3000.0,
      "team__id": 1,
      "team__briefing": "destruction/defenders_goals",
      "team__winSubtitle": "debriefing/won_defence_destruction",
      "team__loseSubtitle": "debriefing/lost_defence_destruction",
      "team__winTitle": "debriefing/allies_won_destruction_defence_title",
      "team__spawnBotArmy": "normandy_allies"
    }
  },
  {
    "entity": {
      "_template": "resupply_in_air_zone",
      "transform": [
        [0.303808,0.0,0.952732],
        [0.0,1.0,0.0],
        [-0.952732,0.0,0.303808],
        [1067.09,682.446,-2634.4]
      ],
      "resupply_zone__team": 2
    }
  },
  {
    "entity": {
      "_template": "respAircraftInAir",
      "respawnbaseType": "aircraft_fighter",
      "transform": [
        [0.865185,0.0,-0.501453],
        [0.0,1.0,0.0],
        [0.501453,-0.0,0.865185],
        [-3093.02,1023.92,1835.98]
      ],
      "team": 1,
      "maxVehicleOnSpawn": 1,
      "respTime": 120
    }
  },
  {
    "entity": {
      "_template": "respAircraftInAir",
      "respawnbaseType": "aircraft_assault",
      "transform": [
        [0.893033,0.0,-0.449991],
        [0.0,1.0,0.0],
        [0.449991,-0.0,0.893034],
        [-3002.09,823.92,1988.09]
      ],
      "team": 1,
      "maxVehicleOnSpawn": 1,
      "respTime": 120
    }
  },
  {
    "entity": {
      "_template": "respAircraftInAir",
      "respawnbaseType": "aircraft_fighter",
      "transform": [
        [0.882635,0.0,-0.470061],
        [0.0,1.0,0.0],
        [0.470061,-0.0,0.882635],
        [-3006.28,1023.92,1966.4]
      ],
      "team": 1,
      "maxVehicleOnSpawn": 1,
      "respTime": 120
    }
  },
  {
    "entity": {
      "_template": "respAircraftInAir",
      "respawnbaseType": "aircraft_assault",
      "transform": [
        [0.881864,0.0,-0.471502],
        [0.0,1.0,0.0],
        [0.471502,-0.0,0.881864],
        [-3093.02,823.92,1835.98]
      ],
      "team": 1,
      "maxVehicleOnSpawn": 1,
      "respTime": 120
    }
  },
  {
    "entity": {
      "_template": "resupply_in_air_zone",
      "transform": [
        [-0.995385,0.0,0.0959728],
        [0.0,1.0,0.0],
        [-0.0959728,0.0,-0.995385],
        [-1657.67,697.103,2487.07]
      ],
      "resupply_zone__team": 1
    }
  },
  {
    "entity": {
      "_template": "respAircraftInAir",
      "respawnbaseType": "aircraft_fighter",
      "transform": [
        [-0.911238,0.0,0.411878],
        [0.0,1.0,0.0],
        [-0.411878,0.0,-0.911238],
        [3266.95,1000.0,-1414.97]
      ],
      "team": 2,
      "maxVehicleOnSpawn": 1,
      "respTime": 120
    }
  },
  {
    "entity": {
      "_template": "respAircraftInAir",
      "respawnbaseType": "aircraft_assault",
      "transform": [
        [-0.911238,0.0,0.411878],
        [0.0,1.0,0.0],
        [-0.411878,0.0,-0.911238],
        [3266.95,800.0,-1414.97]
      ],
      "team": 2,
      "maxVehicleOnSpawn": 1,
      "respTime": 120
    }
  },
  {
    "entity": {
      "_template": "respAircraftInAir",
      "respawnbaseType": "aircraft_fighter",
      "transform": [
        [-0.911238,0.0,0.411878],
        [0.0,1.0,0.0],
        [-0.411878,0.0,-0.911238],
        [3232.36,1000.0,-1561.54]
      ],
      "team": 2,
      "maxVehicleOnSpawn": 1,
      "respTime": 120
    }
  },
  {
    "entity": {
      "_template": "respAircraftInAir",
      "respawnbaseType": "aircraft_assault",
      "transform": [
        [-0.911238,0.0,0.411878],
        [0.0,1.0,0.0],
        [-0.411878,0.0,-0.911238],
        [3190.33,800.0,-1576.67]
      ],
      "team": 2,
      "maxVehicleOnSpawn": 1,
      "respTime": 120
    }
  },
  {
    "entity": {
      "_template": "normandy_level",
      "level__blk": "content/enlisted/levels/normandy_urban_area_2x2.blk"
    }
  },
  {
    "entity": {
      "_template": "clouds_hole_target",
      "transform": [
        [1.0,0.0,0.0],
        [0.0,1.0,0.0],
        [0.0,0.0,1.0],
        [0.0,0.0,0.0]
      ]
    }
  },
  {
    "entity": {
      "_template": "bomb_site_zone_chained_box+defend_zone_respawnbase",
      "transform": [
        [11.0367,0.0,-4.05664],
        [0.0,10.2359,0.0],
        [6.32941,0.0,17.22],
        [131.199,4.06364,-89.0923]
      ],
      "capzone__capRewardPartCap": 1.8,
      "capzone__mustBeCapturedByTeam": 2,
      "groupName": "sector_1",
      "active": false,
      "ui_order": 1,
      "capzone__capReward": 500.0,
      "capzone__caption": "capzone/house",
      "capzone__checkAllZonesInGroup": true,
      "capzone__deactivateAfterTimeout": 25.0,
      "capzone__spawnAtZoneTimeout": 25.0,
      "capzone__createRespawnBaseForTeam": 1,
      "capzone__createRespawnBase": "respawnBaseGroupActivator",
      "capzone__createdRespawnBaseGroup": 3,
      "capzone__plantingTeam": 2,
      "capzone__timeToPlant": 20.0,
      "capzone__timeToDefuse": 30.0,
      "capzone__timeToExplosion": 40.0,
      "capzone__bombTemplate": "bomb_site+bomb_site_radar_hardware_animchar_01_without_antenna",
      "capzone__bombTransformLocalPos": [
        [-0.783414,0.0,-0.621498],
        [0.0,1.0,0.0],
        [0.621498,0.0,-0.783414],
        [-0.0615234,-1.92398,0.344223]
      ],
      "capzone__activateChoice:object": {
        "sector_2": 1.0
      }
    }
  },
  {
    "entity": {
      "_template": "bomb_site_zone_chained_box+defend_zone_respawnbase",
      "transform": [
        [20.4518,0.0,11.9437],
        [0.0,10.2359,0.0],
        [-16.6447,0.0,28.5014],
        [195.723,3.42461,-11.1791]
      ],
      "capzone__capRewardPartCap": 1.8,
      "capzone__mustBeCapturedByTeam": 2,
      "groupName": "sector_1",
      "active": false,
      "ui_order": 2,
      "capzone__capReward": 500.0,
      "capzone__caption": "capzone/warehouse",
      "capzone__checkAllZonesInGroup": true,
      "capzone__deactivateAfterTimeout": 25.0,
      "capzone__spawnAtZoneTimeout": 25.0,
      "capzone__createRespawnBaseForTeam": 1,
      "capzone__createRespawnBase": "respawnBaseGroupActivator",
      "capzone__createdRespawnBaseGroup": 3,
      "capzone__plantingTeam": 2,
      "capzone__timeToPlant": 20.0,
      "capzone__timeToDefuse": 30.0,
      "capzone__timeToExplosion": 40.0,
      "capzone__bombTemplate": "bomb_site+bomb_site_radar_hardware_animchar_05",
      "capzone__bombTransformLocalPos": [
        [-0.570134,0.0,0.82155],
        [0.0,1.0,0.0],
        [-0.82155,0.0,-0.570134],
        [0.053894,-1.76725,-0.177071]
      ],
      "capzone__activateChoice:object": {
        "sector_2": 1.0
      }
    }
  },
  {
    "entity": {
      "_template": "bomb_site_zone_chained_box+defend_zone_respawnbase",
      "transform": [
        [10.4529,0.0,7.30904],
        [0.0,6.24236,0.0],
        [-7.17426,0.0,10.2601],
        [77.5418,3.90336,23.8189]
      ],
      "capzone__capRewardPartCap": 1.8,
      "capzone__mustBeCapturedByTeam": 2,
      "groupName": "sector_2",
      "active": false,
      "ui_order": 3,
      "capzone__capReward": 500.0,
      "capzone__caption": "capzone/cafe",
      "capzone__checkAllZonesInGroup": true,
      "capzone__deactivateAfterTimeout": 25.0,
      "capzone__spawnAtZoneTimeout": 25.0,
      "capzone__createRespawnBaseForTeam": 1,
      "capzone__createRespawnBase": "respawnBaseGroupActivator",
      "capzone__createdRespawnBaseGroup": 4,
      "capzone__plantingTeam": 2,
      "capzone__timeToPlant": 20.0,
      "capzone__timeToDefuse": 30.0,
      "capzone__timeToExplosion": 40.0,
      "capzone__bombTemplate": "bomb_site+bomb_site_radar_hardware_animchar_05_without_antenna",
      "capzone__bombTransformLocalPos": [
        [0.929674,0.0,0.368381],
        [0.0,1.0,0.0],
        [-0.368381,0.0,0.929674],
        [-0.167618,-1.77834,-0.022377]
      ],
      "capzone__activateChoice:object": {
        "sector_3": 1.0
      }
    }
  },
  {
    "entity": {
      "_template": "bomb_site_zone_chained_box+defend_zone_respawnbase",
      "transform": [
        [17.3576,0.0,7.29641],
        [0.0,6.24236,0.0],
        [-5.22802,0.0,12.4371],
        [115.323,3.98619,101.645]
      ],
      "capzone__capRewardPartCap": 1.8,
      "capzone__mustBeCapturedByTeam": 2,
      "groupName": "sector_2",
      "active": false,
      "ui_order": 4,
      "capzone__capReward": 500.0,
      "capzone__caption": "capzone/apartments",
      "capzone__checkAllZonesInGroup": true,
      "capzone__deactivateAfterTimeout": 25.0,
      "capzone__spawnAtZoneTimeout": 25.0,
      "capzone__createRespawnBaseForTeam": 1,
      "capzone__createRespawnBase": "respawnBaseGroupActivator",
      "capzone__createdRespawnBaseGroup": 4,
      "capzone__plantingTeam": 2,
      "capzone__timeToPlant": 20.0,
      "capzone__timeToDefuse": 30.0,
      "capzone__timeToExplosion": 40.0,
      "capzone__bombTemplate": "bomb_site+bomb_site_radar_hardware_animchar_03_without_antenna",
      "capzone__bombTransformLocalPos": [
        [-0.57059,0.0,-0.821234],
        [0.0,1.0,0.0],
        [0.821234,0.0,-0.57059],
        [-0.426964,-1.85533,-0.461052]
      ],
      "capzone__activateChoice:object": {
        "sector_3": 1.0
      }
    }
  },
  {
    "entity": {
      "_template": "bomb_site_zone_chained_box+defend_zone_respawnbase",
      "transform": [
        [13.4766,0.0,7.10986],
        [0.0,6.24236,0.0],
        [-7.04528,0.0,13.3542],
        [-30.5411,4.2097,172.375]
      ],
      "capzone__capRewardPartCap": 1.8,
      "capzone__mustBeCapturedByTeam": 2,
      "groupName": "sector_3",
      "active": false,
      "ui_order": 5,
      "capzone__capReward": 500.0,
      "capzone__caption": "capzone/station_restaurant",
      "capzone__checkAllZonesInGroup": true,
      "capzone__deactivateAfterTimeout": 25.0,
      "capzone__spawnAtZoneTimeout": 25.0,
      "capzone__createRespawnBaseForTeam": 1,
      "capzone__createRespawnBase": "respawnBaseGroupActivator",
      "capzone__createdRespawnBaseGroup": 5,
      "capzone__plantingTeam": 2,
      "capzone__timeToPlant": 20.0,
      "capzone__timeToDefuse": 30.0,
      "capzone__timeToExplosion": 40.0,
      "capzone__bombTemplate": "bomb_site+bomb_site_radar_hardware_animchar_02_without_antenna",
      "capzone__bombTransformLocalPos": [
        [-0.510425,0.0,0.859922],
        [0.0,1.0,0.0],
        [-0.859922,0.0,-0.510425],
        [-0.211895,-2.09064,-0.197037]
      ]
    }
  },
  {
    "entity": {
      "_template": "respawnChooser+respTeam2",
      "transform": [
        [-0.750039,-0.006975,0.661359],
        [-0.0146496,0.999875,-0.00606897],
        [0.661232,0.0142403,0.750046],
        [293.67,3.32071,-125.102]
      ],
      "groupName": "sector_1",
      "respawnBaseGroup": 2,
      "active": false
    }
  },
  {
    "entity": {
      "_template": "respawnChooser+respTeam2",
      "transform": [
        [-0.744174,-0.00412421,0.667975],
        [-0.0132964,0.999875,-0.00863999],
        [0.667854,0.015311,0.744134],
        [199.678,3.03421,-199.01]
      ],
      "groupName": "sector_1",
      "respawnBaseGroup": 1,
      "active": false
    }
  },
  {
    "entity": {
      "_template": "respawnChooser+respTeam2",
      "transform": [
        [-0.791485,-0.00788705,0.611139],
        [-0.0146496,0.999875,-0.00606897],
        [0.611013,0.0137561,0.791501],
        [181.752,3.05325,-212.835]
      ],
      "groupName": "sector_1",
      "respawnBaseGroup": 1,
      "active": false
    }
  },
  {
    "entity": {
      "_template": "respawnChooser+respTeam2",
      "transform": [
        [0.0954029,0.00035681,0.99544],
        [-0.0158147,0.999875,0.00115704],
        [0.995312,0.0158527,-0.0953959],
        [168.325,3.14302,-218.26]
      ],
      "groupName": "sector_1",
      "respawnBaseGroup": 1,
      "active": false
    }
  },
  {
    "entity": {
      "_template": "respawnChooser+respTeam2",
      "transform": [
        [-0.551676,-0.00412421,0.83405],
        [-0.0150455,0.999875,-0.00500772],
        [0.833923,0.015311,0.551668],
        [289.685,2.94055,-131.578]
      ],
      "groupName": "sector_1",
      "respawnBaseGroup": 2,
      "active": false
    }
  },
  {
    "entity": {
