[
  {
    "entity": {
      "_template": "poly_battle_area",
      "transform": [
        [1.0,0.0,0.0],
        [0.0,1.0,0.0],
        [0.0,0.0,1.0],
        [0.0,0.0,0.0]
      ],
      "battle_area__team": 1,
      "battleAreaId": "area_1",
      "poly_area__points:list<p3>": [
        {
          "item": [490.527,14.8765,324.002]
        },
        {
          "item": [284.702,8.05128,318.8]
        },
        {
          "item": [282.289,8.90515,307.587]
        },
        {
          "item": [277.459,9.01634,296.785]
        },
        {
          "item": [277.08,10.4575,279.272]
        },
        {
          "item": [284.241,13.1864,255.834]
        },
        {
          "item": [288.404,16.0691,232.029]
        },
        {
          "item": [283.174,17.7354,220.465]
        },
        {
          "item": [269.497,17.94,211.558]
        },
        {
          "item": [264.42,18.5355,203.863]
        },
        {
          "item": [261.77,18.8295,194.257]
        },
        {
          "item": [248.713,19.0603,181.961]
        },
        {
          "item": [218.006,23.4465,163.646]
        },
        {
          "item": [187.27,25.871,151.688]
        },
        {
          "item": [154.66,33.8574,138.55]
        },
        {
          "item": [123.961,38.1095,108.066]
        },
        {
          "item": [112.52,38.8052,80.5448]
        },
        {
          "item": [106.999,39.0588,66.7621]
        },
        {
          "item": [101.944,38.2021,59.1188]
        },
        {
          "item": [105.595,39.6846,41.2494]
        },
        {
          "item": [105.604,38.0168,31.1992]
        },
        {
          "item": [102.518,36.9269,11.7146]
        },
        {
          "item": [104.385,37.8085,-2.10055]
        },
        {
          "item": [103.856,35.9707,-31.6428]
        },
        {
          "item": [95.228,37.003,-62.1406]
        },
        {
          "item": [88.3763,29.6476,-89.7644]
        },
        {
          "item": [93.1251,18.7124,-138.452]
        },
        {
          "item": [113.178,14.1741,-173.796]
        },
        {
          "item": [167.814,23.2002,-174.039]
        },
        {
          "item": [227.301,23.2002,-174.37]
        },
        {
          "item": [317.955,10.2171,-170.746]
        },
        {
          "item": [413.743,10.2171,-170.802]
        },
        {
          "item": [442.229,10.2326,-184.186]
        },
        {
          "item": [803.302,24.1834,-162.527]
        },
        {
          "item": [800.349,18.6343,340.045]
        }
      ]
    }
  },
  {
    "entity": {
      "_template": "poly_battle_area",
      "transform": [
        [1.0,0.0,0.0],
        [0.0,1.0,0.0],
        [0.0,0.0,1.0],
        [0.0,0.0,0.0]
      ],
      "battle_area__team": 2,
      "battleAreaId": "area_2",
      "poly_area__points:list<p3>": [
        {
          "item": [167.844,23.2002,-174.081]
        },
        {
          "item": [227.391,23.2002,-174.372]
        },
        {
          "item": [317.845,10.2171,-170.756]
        },
        {
          "item": [413.806,10.2171,-170.771]
        },
        {
          "item": [442.538,10.2479,-183.569]
        },
        {
          "item": [537.055,10.0321,-177.358]
        },
        {
          "item": [561.641,19.5848,-85.8645]
        },
        {
          "item": [570.626,22.9186,-63.8613]
        },
        {
          "item": [579.018,29.3715,-15.8536]
        },
        {
          "item": [591.27,34.9428,8.55558]
        },
        {
          "item": [596.76,37.2956,25.6072]
        },
        {
          "item": [593.982,37.8411,43.7418]
        },
        {
          "item": [596.875,37.82,60.9549]
        },
        {
          "item": [601.113,36.8978,78.8829]
        },
        {
          "item": [608.019,36.8581,91.5468]
        },
        {
          "item": [618.223,34.5912,102.73]
        },
        {
          "item": [623.074,31.5666,122.599]
        },
        {
          "item": [619.75,31.1005,144.367]
        },
        {
          "item": [615.135,30.8683,149.447]
        },
        {
          "item": [601.02,31.6271,151.82]
        },
        {
          "item": [588.551,31.524,156.301]
        },
        {
          "item": [577.449,30.8017,160.502]
        },
        {
          "item": [549.659,28.3092,168.329]
        },
        {
          "item": [527.122,29.489,176.87]
        },
        {
          "item": [502.974,29.2379,179.462]
        },
        {
          "item": [481.624,30.2907,188.087]
        },
        {
          "item": [473.379,29.767,190.125]
        },
        {
          "item": [447.16,27.4558,187.939]
        },
        {
          "item": [426.024,25.8938,191.386]
        },
        {
          "item": [417.499,23.6109,199.216]
        },
        {
          "item": [412.076,21.5947,216.566]
        },
        {
          "item": [406.139,18.7083,239.109]
        },
        {
          "item": [392.368,17.0008,265.968]
        },
        {
          "item": [360.667,5.24784,321.018]
        },
        {
          "item": [300.309,8.56703,319.485]
        },
        {
          "item": [182.641,6.67365,309.838]
        },
        {
          "item": [68.9726,6.90302,257.168]
        },
        {
          "item": [-86.2159,21.1415,224.223]
        },
        {
          "item": [-30.933,11.2842,-178.714]
        }
      ]
    }
  },
  {
    "entity": {
      "_template": "aircraft_box_battle_area",
      "transform": [
        [9380.94,0.0,6126.52],
        [0.0,8000.03,-0.0],
        [-6195.73,0.0,9486.91],
        [49.5369,331.507,40.5401]
      ],
      "battle_area__team": -1
    }
  },
  {
    "entity": {
      "_template": "static_cam",
      "camera__active": true,
      "transform": [
        [-0.899315,7.45059e-09,-0.437303],
        [0.0746278,0.98533,-0.153472],
        [0.430888,-0.170655,-0.886123],
        [335.661,28.6095,202.615]
      ]
    }
  },
  {
    "entity": {
      "_template": "session_finalizer",
      "session_finalizer__timer": 10.0
    }
  },
  {
    "entity": {
      "_template": "respawn_camera",
      "respawnCameraForTeam": 2,
      "moveCameraToHeight": 200.0,
      "respawnSelectorDistanceMult": 1.0,
      "transform": [
        [1.0,0.0,0.0],
        [0.0,1.0,0.0],
        [0.0,0.0,1.0],
        [-616.634,317.064,400.939]
      ]
    }
  },
  {
    "entity": {
      "_template": "respawn_camera",
      "respawnCameraForTeam": 1,
      "moveCameraToHeight": 200.0,
      "respawnSelectorDistanceMult": 1.0,
      "transform": [
        [1.0,0.0,0.0],
        [0.0,1.0,0.0],
        [0.0,0.0,1.0],
        [-606.564,323.692,1001.26]
      ]
    }
  },
  {
    "entity": {
      "_template": "briefing_domination",
      "mission_name": "normandy_forest_dom",
      "mission_outfit": "normandy",
      "loading_images:list<t>": [
        {
          "item": "ui/normandy_hills_inv_04.avif"
        },
        {
          "item": "ui/normandy_hills_inv_03.avif"
        },
        {
          "item": "ui/normandy_hills_inv_02.avif"
        }
      ]
    }
  },
  {
    "entity": {
      "_template": "spawn_switcher",
      "swapProbability": 0.5,
      "team1": 2,
      "team2": 1
    }
  },
  {
    "entity": {
      "_template": "team_usa+team_narrator_domination+respawn_creators_team",
      "team__id": 1,
      "team__score": 2500.0,
      "team__scoreCap": 2500.0,
      "score_bleed__domBleed": 4.0,
      "score_bleed__domBleedOn": false,
      "score_bleed__totalDomZoneCount": 3,
      "score_bleed__totalDomBleedMul": 2.0,
      "score_bleed__totalDomBleedOn": false,
      "team__briefing": "domination/common_goals",
      "team__numZonesCaptured": 0,
      "team__deathPenalty": 2.0,
      "team__spawnBotArmy": "normandy_allies"
    }
  },
  {
    "entity": {
      "_template": "team_germany+team_narrator_domination+respawn_creators_team",
      "team__id": 2,
      "team__score": 2500.0,
      "team__scoreCap": 2500.0,
      "score_bleed__domBleed": 4.0,
      "score_bleed__domBleedOn": false,
      "score_bleed__totalDomZoneCount": 3,
      "score_bleed__totalDomBleedMul": 2.0,
      "score_bleed__totalDomBleedOn": false,
      "team__briefing": "domination/common_goals",
      "team__numZonesCaptured": 0,
      "team__deathPenalty": 2.0,
      "team__spawnBotArmy": "normandy_axis"
    }
  },
  {
    "entity": {
      "_template": "domination_sphere_capzone",
      "transform": [
        [1.70889,0.0,-0.174651],
        [0.0,1.0,0.0],
        [0.101672,-0.0,0.994818],
        [528.627,36.5449,108.236]
      ],
      "capzone__title": "A",
      "capzone__caption": "capzone/artillery_emplacement",
      "ui_order": 1,
      "sphere_zone__radius": 24.0,
      "decal__height": 3.0,
      "capzone__iconOffsetY": 3.0
    }
  },
  {
    "entity": {
      "_template": "domination_poly_capzone",
      "transform": [
        [1.0,0.0,0.0],
        [0.0,1.0,0.0],
        [0.0,0.0,1.0],
        [-34.3185,6.44595,-149.055]
      ],
      "capzone__areaId": "caparea_2_a",
      "capzone__title": "B",
      "capzone__caption": "capzone/farm_house",
      "capzone__iconOffsetY": 3.0,
      "poly_area__points:list<p3>": [
        {
          "item": [367.594,18.0187,146.088]
        },
        {
          "item": [367.585,17.997,188.565]
        },
        {
          "item": [349.92,17.997,188.806]
        },
        {
          "item": [338.272,18.268,188.021]
        },
        {
          "item": [338.903,22.8883,150.456]
        },
        {
          "item": [339.161,15.8246,141.928]
        },
        {
          "item": [368.099,18.1502,142.704]
        }
      ]
    }
  },
  {
    "entity": {
      "_template": "domination_poly_capzone",
      "transform": [
        [1.0,0.0,0.0],
        [0.0,1.0,0.0],
        [0.0,0.0,1.0],
        [-34.3185,6.44595,-149.055]
      ],
      "capzone__areaId": "caparea_3_a",
      "capzone__title": "C",
      "capzone__caption": "capzone/fortification_line",
      "capzone__iconOffsetY": 3.0,
      "poly_area__points:list<p3>": [
        {
          "item": [194.253,28.4339,26.9244]
        },
        {
          "item": [201.973,27.4756,29.1848]
        },
        {
          "item": [212.089,24.2538,46.2978]
        },
        {
          "item": [213.992,27.6769,54.1073]
        },
        {
          "item": [214.777,27.4277,62.6886]
        },
        {
          "item": [214.806,27.7121,70.9204]
        },
        {
          "item": [208.685,29.6505,78.3141]
        },
        {
          "item": [205.302,30.85,86.0929]
        },
        {
          "item": [209.547,30.85,88.4793]
        },
        {
          "item": [210.632,36.5792,93.2908]
        },
        {
          "item": [208.08,30.6317,97.3583]
        },
        {
          "item": [203.951,30.85,98.227]
        },
        {
          "item": [198.952,32.3945,102.951]
        },
        {
          "item": [189.424,31.6126,102.235]
        },
        {
          "item": [186.18,31.3998,93.3905]
        },
        {
          "item": [182.58,30.9205,79.3562]
        },
        {
          "item": [186.435,30.3533,69.0491]
        },
        {
          "item": [185.966,30.1708,56.0594]
        },
        {
          "item": [184.821,33.1059,46.5708]
        },
        {
          "item": [181.847,29.8712,40.9096]
        },
        {
          "item": [179.942,30.1884,37.2979]
        },
        {
          "item": [180.517,29.916,34.4199]
        },
        {
          "item": [181.056,29.8798,31.1129]
        }
      ]
    }
  },
  {
    "entity": {
      "_template": "resupply_in_air_zone",
      "transform": [
        [-0.999999,0.0,-0.000445871],
        [0.0,1.0,0.0],
        [0.000445871,0.0,-0.999999],
        [-2442.88,369.882,1150.82]
      ],
      "resupply_zone__team": 2
    }
  },
  {
    "entity": {
      "_template": "respAircraftInAir",
      "respawnbaseType": "aircraft_fighter",
      "transform": [
        [-0.992777,0.0,0.119971],
        [0.0,1.0,0.0],
        [-0.119971,0.0,-0.992777],
        [3958.06,424.188,-241.662]
      ],
      "team": 1,
      "maxVehicleOnSpawn": 1,
      "respTime": 120
    }
  },
  {
    "entity": {
      "_template": "respAircraftInAir",
      "respawnbaseType": "aircraft_assault",
      "transform": [
        [-0.996608,0.0,0.0823091],
        [0.0,1.0,0.0],
        [-0.0823091,0.0,-0.996608],
        [3997.76,280.735,-68.9432]
      ],
      "team": 1,
      "maxVehicleOnSpawn": 1,
      "respTime": 120
    }
  },
  {
    "entity": {
      "_template": "respAircraftInAir",
      "respawnbaseType": "aircraft_fighter",
      "transform": [
        [-0.995763,0.0,0.0919693],
        [0.0,1.0,0.0],
        [-0.0919693,0.0,-0.995762],
        [3964.0,424.188,-85.5305]
      ],
      "team": 1,
      "maxVehicleOnSpawn": 1,
      "respTime": 120
    }
  },
  {
    "entity": {
      "_template": "respAircraftInAir",
      "respawnbaseType": "aircraft_assault",
      "transform": [
        [-0.991249,0.0,0.132004],
        [0.0,1.0,0.0],
        [-0.132004,0.0,-0.991249],
        [3958.06,280.735,-241.662]
      ],
      "team": 1,
      "maxVehicleOnSpawn": 1,
      "respTime": 120
    }
  },
  {
    "entity": {
      "_template": "resupply_in_air_zone",
      "transform": [
        [-0.982312,0.0,-0.187255],
        [0.0,1.0,0.0],
        [0.187255,0.0,-0.982312],
        [3040.93,330.252,-1090.11]
      ],
      "resupply_zone__team": 1
    }
  },
  {
    "entity": {
      "_template": "respAircraftInAir",
      "respawnbaseType": "aircraft_fighter",
      "transform": [
        [0.993741,0.0,-0.11172],
        [0.0,1.0,0.0],
        [0.11172,-0.0,0.993741],
        [-3253.89,453.997,536.273]
      ],
      "team": 2,
      "maxVehicleOnSpawn": 1,
      "respTime": 120
    }
  },
  {
    "entity": {
      "_template": "respAircraftInAir",
      "respawnbaseType": "aircraft_assault",
      "transform": [
        [0.990836,0.0,-0.135071],
        [0.0,1.0,0.0],
        [0.135071,-0.0,0.990836],
        [-3253.89,321.867,536.273]
      ],
      "team": 2,
      "maxVehicleOnSpawn": 1,
      "respTime": 120
    }
  },
  {
    "entity": {
      "_template": "respAircraftInAir",
      "respawnbaseType": "aircraft_fighter",
      "transform": [
        [0.99819,0.0,-0.0601313],
        [0.0,1.0,0.0],
        [0.0601313,-0.0,0.99819],
        [-3267.42,453.997,386.294]
      ],
      "team": 2,
      "maxVehicleOnSpawn": 1,
      "respTime": 120
    }
  },
  {
    "entity": {
      "_template": "respAircraftInAir",
      "respawnbaseType": "aircraft_assault",
      "transform": [
        [0.997901,0.0,-0.0647749],
        [0.0,1.0,0.0],
        [0.0647749,-0.0,0.9979],
        [-3306.9,321.867,365.373]
      ],
      "team": 2,
      "maxVehicleOnSpawn": 1,
      "respTime": 120
    }
  },
  {
    "entity": {
      "_template": "respawnChooser+respTeam1",
      "transform": [
        [-0.697485,0.00186473,-0.716598],
        [2.32144e-05,0.999997,0.00257959],
        [0.716601,0.00178259,-0.697482],
        [473.56,20.2475,252.912]
      ],
      "respawnBaseGroup": 1
    }
  },
  {
    "entity": {
      "_template": "respawnChooser+respTeam1",
      "transform": [
        [-0.257934,0.00045583,-0.966164],
        [-0.0023356,0.999997,0.00109532],
        [0.966161,0.00253909,-0.257932],
        [475.398,20.2828,251.678]
      ],
      "respawnBaseGroup": 1
    }
  },
  {
    "entity": {
      "_template": "respawnChooser+respVehicle+vehicle_resp_soft_ground_collision",
      "transform": [
        [-0.775787,0.0544332,-0.628641],
        [0.0316078,0.998374,0.0474416],
        [0.630202,0.0169346,-0.776246],
        [729.959,28.4583,180.997]
      ],
      "team": 1,
      "maxVehicleOnSpawn": 2,
      "respTime": 120,
      "respawnBaseGroup": 1
    }
  },
  {
    "entity": {
      "_template": "respawnChooser+respMotorcycle",
      "transform": [
        [-0.778398,0.0444203,-0.626198],
        [0.0221908,0.998817,0.0432683],
        [0.627379,0.0197841,-0.778462],
        [730.057,28.4231,181.463]
      ],
      "team": 1,
      "respawnBaseGroup": 1
    }
  },
  {
    "entity": {
      "_template": "resupply_for_ground_vehicle_zone",
      "transform": [
        [0.234216,2.33168e-11,-0.766159],
        [-0.000845717,1.0,-0.000258537],
        [0.766159,0.000708508,0.234216],
        [587.739,25.226,243.414]
      ],
      "resupply_zone__team": 1
    }
  },
  {
    "entity": {
      "_template": "respawnChooser+respTeam2",
      "transform": [
        [0.960345,0.000968764,0.278813],
        [-0.000263736,0.999997,-0.00256618],
        [-0.278815,0.00239088,0.960342],
        [50.2934,48.318,52.3092]
      ],
      "respawnBaseGroup": 1
    }
  },
  {
    "entity": {
      "_template": "respawnChooser+respTeam2",
      "transform": [
        [0.949135,0.00165927,0.314867],
        [-0.000952925,0.999997,-0.00239723],
        [-0.31487,0.00197525,0.949132],
        [54.875,48.332,33.0061]
      ],
      "respawnBaseGroup": 1
    }
  },
  {
    "entity": {
      "_template": "respawnChooser+respMotorcycle",
      "transform": [
        [0.99994,2.52088e-05,0.0110719],
        [-2.68952e-05,1.0,0.000152164],
        [-0.0110719,-0.000152452,0.99994],
        [3.19067,49.8104,111.26]
      ],
      "team": 2,
      "respawnBaseGroup": 1
    }
  },
  {
    "entity": {
      "_template": "respawnChooser+respVehicle+vehicle_resp_soft_ground_collision",
      "transform": [
        [0.999999,-0.000340674,0.000854317],
        [0.000342433,0.999998,-0.00205994],
        [-0.000853614,0.00206024,0.999998],
        [3.3417,49.8156,110.973]
      ],
      "team": 2,
      "maxVehicleOnSpawn": 2,
      "respTime": 120,
      "respawnBaseGroup": 1
    }
  },
  {
    "entity": {
      "_template": "respawnChooser+respTeam1",
      "transform": [
        [-0.887071,0.00186473,0.46163],
        [0.00247705,0.999997,0.000720472],
        [-0.461627,0.00178259,-0.887073],
        [659.209,35.6047,33.8724]
      ],
      "respawnBaseGroup": 2
    }
  },
  {
    "entity": {
      "_template": "respawnChooser+respTeam1",
      "transform": [
        [-0.920316,0.00045583,0.391179],
        [0.00141275,0.999997,0.00215846],
        [-0.391177,0.00253911,-0.920314],
        [665.936,35.8482,46.9055]
      ],
      "respawnBaseGroup": 2
    }
  },
  {
    "entity": {
      "_template": "respawnChooser+respTeam2",
      "transform": [
        [0.581374,0.001435,-0.813634],
        [-0.00257849,0.999997,-7.87501e-05],
        [0.813633,0.00214374,0.581377],
        [209.206,19.0796,212.765]
      ],
      "respawnBaseGroup": 2
    }
  },
  {
    "entity": {
      "_template": "respawnChooser+respTeam2",
      "transform": [
        [0.595034,0.00204601,-0.803699],
        [-0.00248021,0.999997,0.000709462],
        [0.803697,0.00157119,0.595036],
        [211.477,18.5998,214.732]
      ],
      "respawnBaseGroup": 2
    }
  },
  {
    "entity": {
      "_template": "resupply_for_ground_vehicle_zone",
      "transform": [
        [0.0168635,-9.50604e-05,-0.999858],
        [-0.000877501,1.0,-0.000109874],
        [0.999858,0.000879229,0.0168634],
        [270.506,15.8293,-65.9219]
      ],
      "resupply_zone__team": 2
    }
  },
  {
    "entity": {
      "_template": "respawnChooser+respTeam1",
      "transform": [
        [-0.996567,0.00045583,-0.0828121],
        [0.000243994,0.999997,0.00256813],
        [0.082813,0.00253911,-0.996564],
        [670.806,36.4012,59.108]
      ],
      "respawnBaseGroup": 2
    }
  },
  {
    "import": {
      "scene": "content/enlisted/gamedata/scenes/_normandy_ardennes_common.blk"
    }
  }
]