[
  {
    "import": {
      "scene": "content/enlisted/gamedata/scenes/_normandy_sounds.blk"
    }
  },
  {
    "import": {
      "scene": "content/enlisted/gamedata/scenes/_normandy_shore_sound.blk"
    }
  },
  {
    "import": {
      "scene": "content/enlisted/gamedata/scenes/_normandy_coastal_area_fx.blk"
    }
  },
  {
    "entity": {
      "_template": "poly_battle_area",
      "transform": [
        [1.0,0.0,0.0],
        [0.0,1.0,0.0],
        [0.0,0.0,1.0],
        [0.0,0.0,0.0]
      ],
      "battle_area__team": 1,
      "battleAreaId": "area1",
      "poly_area__points:list<p3>": [
        {
          "item": [-162.612,21.3798,-51.8157]
        },
        {
          "item": [-128.894,21.6133,-55.8823]
        },
        {
          "item": [-101.123,7.75231,-23.7668]
        },
        {
          "item": [90.5982,7.75231,-31.459]
        },
        {
          "item": [96.5166,7.75231,144.976]
        },
        {
          "item": [50.2693,7.75231,224.87]
        },
        {
          "item": [-25.7107,7.75231,284.22]
        },
        {
          "item": [-169.665,7.75231,289.88]
        },
        {
          "item": [-302.327,35.2766,206.191]
        },
        {
          "item": [-342.373,41.6736,184.014]
        },
        {
          "item": [-385.248,47.2799,124.58]
        },
        {
          "item": [-383.803,43.7657,104.402]
        },
        {
          "item": [-347.199,34.6809,65.4427]
        },
        {
          "item": [-318.825,21.6297,50.12]
        },
        {
          "item": [-291.146,23.9867,36.7376]
        },
        {
          "item": [-271.926,24.7121,21.0987]
        },
        {
          "item": [-231.656,24.398,-5.13601]
        },
        {
          "item": [-219.676,25.097,-17.9879]
        },
        {
          "item": [-219.829,24.6988,-31.2434]
        },
        {
          "item": [-200.893,24.1249,-33.5891]
        }
      ]
    }
  },
  {
    "entity": {
      "_template": "poly_battle_area",
      "transform": [
        [1.0,0.0,0.0],
        [0.0,1.0,0.0],
        [0.0,0.0,1.0],
        [0.0,0.0,0.0]
      ],
      "battle_area__team": 2,
      "battleAreaId": "area2",
      "poly_area__points:list<p3>": [
        {
          "item": [-425.469,7.75231,-165.68]
        },
        {
          "item": [-240.819,7.75231,-167.055]
        },
        {
          "item": [-132.514,7.75231,-167.505]
        },
        {
          "item": [-107.797,21.8488,-11.2459]
        },
        {
          "item": [-94.6205,22.1787,40.3846]
        },
        {
          "item": [-91.7022,19.1448,115.588]
        },
        {
          "item": [-94.6606,13.0462,158.876]
        },
        {
          "item": [-105.628,7.43871,198.612]
        },
        {
          "item": [-160.306,7.75231,254.371]
        },
        {
          "item": [-217.002,7.75231,256.817]
        },
        {
          "item": [-300.021,34.5003,206.803]
        },
        {
          "item": [-343.582,41.5418,185.711]
        },
        {
          "item": [-385.65,47.1145,124.371]
        },
        {
          "item": [-429.09,7.75231,22.7302]
        }
      ]
    }
  },
  {
    "entity": {
      "_template": "aircraft_box_battle_area",
      "transform": [
        [11269.8,0.0,-1003.34],
        [0.0,8000.03,0.0],
        [1002.81,0.0,11269.8],
        [-194.512,240.916,77.5836]
      ],
      "battle_area__team": -1
    }
  },
  {
    "entity": {
      "_template": "willys_mb",
      "transform": [
        [0.156676,-0.111202,0.98137],
        [0.0427966,0.993472,0.105741],
        [-0.986722,0.0254322,0.160412],
        [-62.5975,14.5494,95.429]
      ]
    }
  },
  {
    "entity": {
      "_template": "willys_mb",
      "transform": [
        [-0.99315,0.0525914,-0.104345],
        [0.059798,0.995947,-0.0671817],
        [0.100389,-0.0729611,-0.992269],
        [-91.2416,21.3862,-2.74904]
      ]
    }
  },
  {
    "entity": {
      "_template": "vw_kubelwagen",
      "transform": [
        [0.642533,0.0090634,0.766204],
        [0.0886062,0.992343,-0.0860429],
        [-0.761118,0.123176,0.63681],
        [-297.536,25.6109,7.23293]
      ]
    }
  },
  {
    "entity": {
      "_template": "vw_kubelwagen",
      "transform": [
        [0.0232245,0.0611499,0.997858],
        [0.00333466,0.998117,-0.0612434],
        [-0.999725,0.00474986,0.0229768],
        [-228.058,24.9621,-24.5759]
      ]
    }
  },
  {
    "entity": {
      "_template": "opel_blitz_kfz_305",
      "transform": [
        [0.565917,-0.161703,-0.808449],
        [0.0862371,0.986808,-0.137011],
        [0.81994,0.00781858,0.572396],
        [-271.776,30.5615,100.13]
      ]
    }
  },
  {
    "entity": {
      "_template": "normandy_level",
      "level__blk": "content/enlisted/levels/normandy_coastal_area_1x1.blk"
    }
  },
  {
    "entity": {
      "_template": "clouds_hole_target",
      "transform": [
        [1.0,0.0,0.0],
        [0.0,1.0,0.0],
        [0.0,0.0,1.0],
        [0.0,0.0,0.0]
      ]
    }
  },
  {
    "entity": {
      "_template": "minimap_normandy_coastal_area"
    }
  },
  {
    "entity": {
      "_template": "water",
      "water__strength": 2.0
    }
  },
  {
    "entity": {
      "_template": "wind",
      "wind__strength": 2.0
    }
  },
  {
    "entity": {
      "_template": "session_finalizer",
      "session_finalizer__timer": 10.0
    }
  },
  {
    "entity": {
      "_template": "door_mult_ent_generator",
      "ri_extra_gen__blk": "content/enlisted/gamedata/normandy_doors.blk"
    }
  },
  {
    "entity": {
      "_template": "shaderVars",
      "shader_vars__vars:object": {
        "hmap_displacement_up": 0.3,
        "ocean1": "#8e894700",
        "ocean0": "#4c3f0500",
        "ocean_density": 0.1,
        "land_selfillum_worldscale": 0.9,
        "river1": "#526e4000",
        "river0": "#383b3e00",
        "hmap_displacement_down": -0.15,
        "autodetect_land_selfillum_color": [0.53,0.0,0.0,0.16],
        "paint_details_tex": "normandy_wall_color_tex_palette*",
        "puddle_increase": 0.01,
        "land_selfillum_strength": 32.0,
        "water_color_noise_size": 256.0,
        "river_density": 0.3
      }
    }
  },
  {
    "entity": {
      "_template": "postfx_color_grading_tonemap_death_alive_enlisted"
    }
  },
  {
    "entity": {
      "_template": "bloom"
    }
  },
  {
    "entity": {
      "_template": "postfx_roundctrl"
    }
  },
  {
    "entity": {
      "_template": "enemy_attack_marker"
    }
  },
  {
    "entity": {
      "_template": "static_cam",
      "camera__active": true,
      "transform": [
        [0.96915,-0.000291186,-0.246469],
        [0.0325357,0.991399,0.126763],
        [0.244313,-0.130872,0.960824],
        [-233.554,51.8162,-54.1363]
      ]
    }
  },
  {
    "entity": {
      "_template": "respawn_camera",
      "respawnCameraForTeam": 1,
      "moveCameraToHeight": 170.0,
      "respawnSelectorDistanceMult": 1.5,
      "transform": [
        [1.0,0.0,0.0],
        [0.0,1.0,0.0],
        [0.0,0.0,1.0],
        [229.434,169.098,36.6645]
      ]
    }
  },
  {
    "entity": {
      "_template": "respawn_camera",
      "respawnCameraForTeam": 2,
      "moveCameraToHeight": 170.0,
      "respawnSelectorDistanceMult": 1.5,
      "transform": [
        [1.0,0.0,0.0],
        [0.0,1.0,0.0],
        [0.0,0.0,1.0],
        [-416.685,195.954,-265.449]
      ]
    }
  },
  {
    "entity": {
      "_template": "briefing_domination",
      "mission_name": "normandy_coast_city_dom",
      "mission_outfit": "normandy",
      "loading_images:list<t>": [
        {
          "item": "ui/normandy_coast_city_01.avif"
        },
        {
          "item": "ui/normandy_coast_city_02.avif"
        },
        {
          "item": "ui/normandy_coast_city_03.avif"
        }
      ]
    }
  },
  {
    "entity": {
      "_template": "spawn_switcher",
      "swapProbability": 0.5,
      "team1": 2,
      "team2": 1
    }
  },
  {
    "entity": {
      "_template": "team_usa+team_narrator_domination+respawn_creators_team",
      "team__id": 1,
      "team__score": 2500.0,
      "team__scoreCap": 2500.0,
      "score_bleed__domBleed": 4.0,
      "score_bleed__domBleedOn": false,
      "score_bleed__totalDomZoneCount": 3,
      "score_bleed__totalDomBleedMul": 2.0,
      "score_bleed__totalDomBleedOn": false,
      "team__briefing": "domination/common_goals",
      "team__numZonesCaptured": 0,
      "team__deathPenalty": 2.0,
      "team__spawnBotArmy": "normandy_allies"
    }
  },
  {
    "entity": {
      "_template": "team_germany+team_narrator_domination+respawn_creators_team",
      "team__id": 2,
      "team__score": 2500.0,
      "team__scoreCap": 2500.0,
      "score_bleed__domBleed": 4.0,
      "score_bleed__domBleedOn": false,
      "score_bleed__totalDomZoneCount": 3,
      "score_bleed__totalDomBleedMul": 2.0,
      "score_bleed__totalDomBleedOn": false,
      "team__briefing": "domination/common_goals",
      "team__numZonesCaptured": 0,
      "team__deathPenalty": 2.0,
      "team__spawnBotArmy": "normandy_axis"
    }
  },
  {
    "entity": {
      "_template": "domination_sphere_capzone",
      "transform": [
        [1.0,0.0,0.0],
        [0.0,1.0,0.0],
        [0.0,0.0,1.0],
        [-280.854,30.7565,96.5235]
      ],
      "capzone__title": "A",
      "capzone__caption": "capzone/radar",
      "ui_order": 1,
      "sphere_zone__radius": 16.0,
      "decal__height": 1.5,
      "capzone__iconOffsetY": 2.0
    }
  },
  {
    "entity": {
      "_template": "domination_sphere_capzone",
      "transform": [
        [0.999971,-0.00761502,0.0],
        [0.00760894,0.999172,-0.0399697],
        [0.00030437,0.0399686,0.999201],
        [-155.419,24.5704,21.9055]
      ],
      "capzone__title": "B",
      "capzone__caption": "capzone/church",
      "ui_order": 2,
      "sphere_zone__radius": 17.0,
      "decal__height": 0.5,
      "capzone__iconOffsetY": 3.0
    }
  },
  {
    "entity": {
      "_template": "domination_sphere_capzone",
      "transform": [
        [1.0,0.0,0.0],
        [0.0,1.0,0.0],
        [0.0,0.0,1.0],
        [-141.639,20.7199,162.528]
      ],
      "capzone__title": "C",
      "capzone__caption": "capzone/coast_tower",
      "ui_order": 3,
      "sphere_zone__radius": 15.5,
      "decal__height": 3.5,
      "capzone__iconOffsetY": 4.0
    }
  },
  {
    "entity": {
      "_template": "respawnChooser+respTeam1",
      "transform": [
        [-0.996608,0.0,-0.0822902],
        [0.0,1.0,0.0],
        [0.0822902,0.0,-0.996608],
        [-49.6189,15.3597,76.612]
      ]
    }
  },
  {
    "entity": {
      "_template": "respawnChooser+respTeam1",
      "transform": [
        [-0.886954,0.0854253,-0.45389],
        [0.0760463,0.996345,0.0389159],
        [-0.455555,0.0,0.890207],
        [-50.3874,15.2299,79.4556]
      ]
    }
  },
  {
    "entity": {
      "_template": "respawnChooser+respTeam1",
      "transform": [
        [-0.383189,0.0,0.92367],
        [0.0,1.0,0.0],
        [-0.92367,0.0,-0.383189],
        [-53.2833,15.3597,71.727]
      ]
    }
  },
  {
    "entity": {
      "_template": "respawnChooser+respTeam2",
      "transform": [
        [-0.178451,0.0854253,0.980233],
        [0.0153002,0.996345,-0.0840439],
        [0.983829,0.0,0.179107],
        [-270.326,26.3678,-27.8205]
      ]
    }
  },
  {
    "entity": {
      "_template": "respawnChooser+respTeam2",
      "transform": [
        [0.968188,0.0854253,0.235192],
        [-0.0830111,0.996345,-0.0201652],
        [0.236055,0.0,-0.97174],
        [-268.284,26.2829,-29.0298]
      ]
    }
  },
  {
    "entity": {
      "_template": "respawnChooser+respTeam2",
      "transform": [
        [0.996107,0.0854253,0.021763],
        [-0.0854049,0.996345,-0.00186606],
        [0.0218441,0.0,-0.999762],
        [-261.495,25.8595,-31.2053]
      ]
    }
  },
  {
    "entity": {
      "_template": "respawnChooser+respVehicle+vehicle_resp_soft_ground_collision",
      "transform": [
        [-0.995732,0.0854253,0.0349192],
        [0.0853729,0.996345,-0.00299388],
        [-0.0350474,5.68107e-08,-0.999386],
        [46.7772,13.4452,56.4597]
      ],
      "team": 1,
      "maxVehicleOnSpawn": 2,
      "respTime": 120
    }
  },
  {
    "entity": {
      "_template": "respawnChooser+respVehicle+vehicle_resp_soft_ground_collision",
      "transform": [
        [0.382823,0.0854253,0.919864],
        [-0.0328226,0.996345,-0.078868],
        [-0.923238,1.49011e-07,0.384228],
        [-335.968,23.8531,-110.407]
      ],
      "team": 2,
      "maxVehicleOnSpawn": 2,
      "respTime": 120
    }
  },
  {
    "entity": {
      "_template": "resupply_for_ground_vehicle_zone",
      "transform": [
        [0.885256,0.0854253,0.457192],
        [-0.0759006,0.996345,-0.0391991],
        [0.45887,0.0,-0.888504],
        [-3.75988,13.7718,7.96871]
      ],
      "resupply_zone__team": 1
    }
  },
  {
    "entity": {
      "_template": "resupply_for_ground_vehicle_zone",
      "transform": [
        [0.885256,0.0854253,0.457192],
        [-0.0759006,0.996345,-0.0391991],
        [0.45887,0.0,-0.888504],
        [-238.998,21.8608,-109.957]
      ],
      "resupply_zone__team": 2
    }
  },
  {
    "entity": {
      "_template": "respAircraftInAir",
      "respawnbaseType": "aircraft_fighter",
      "transform": [
        [-0.872923,0.0,-0.487857],
        [0.0,1.0,0.0],
        [0.487857,0.0,-0.872923],
        [2846.18,1000.0,1928.42]
      ],
      "team": 1,
      "maxVehicleOnSpawn": 1,
      "respTime": 120
    }
  },
  {
    "entity": {
      "_template": "respAircraftInAir",
      "respawnbaseType": "aircraft_assault",
      "transform": [
        [-0.872923,0.0,-0.487857],
        [0.0,1.0,0.0],
        [0.487857,0.0,-0.872923],
        [2846.18,800.0,1928.42]
      ],
      "team": 1,
      "maxVehicleOnSpawn": 1,
      "respTime": 120
    }
  },
  {
    "entity": {
      "_template": "respAircraftInAir",
      "respawnbaseType": "aircraft_fighter",
      "transform": [
        [-0.872923,0.0,-0.487857],
        [0.0,1.0,0.0],
        [0.487857,0.0,-0.872923],
        [2943.48,1000.0,1813.48]
      ],
      "team": 1,
      "maxVehicleOnSpawn": 1,
      "respTime": 120
    }
  },
  {
    "entity": {
      "_template": "respAircraftInAir",
      "respawnbaseType": "aircraft_assault",
      "transform": [
        [-0.872923,0.0,-0.487857],
        [0.0,1.0,0.0],
        [0.487857,0.0,-0.872923],
        [2930.66,800.0,1770.68]
      ],
      "team": 1,
      "maxVehicleOnSpawn": 1,
      "respTime": 120
    }
  },
  {
    "entity": {
      "_template": "resupply_in_air_zone",
      "transform": [
        [-0.999999,0.0,-0.000445871],
        [0.0,1.0,0.0],
        [0.000445871,0.0,-0.999999],
        [2742.77,561.78,432.594]
      ],
      "resupply_zone__team": 1
    }
  },
  {
    "entity": {
      "_template": "respAircraftInAir",
      "respawnbaseType": "aircraft_fighter",
      "transform": [
        [0.422107,0.0,0.906547],
        [0.0,1.0,-0.0],
        [-0.906547,0.0,0.422107],
        [-1678.73,1023.92,-3221.73]
      ],
      "team": 2,
      "maxVehicleOnSpawn": 1,
      "respTime": 120
    }
  },
  {
    "entity": {
      "_template": "respAircraftInAir",
      "respawnbaseType": "aircraft_assault",
      "transform": [
        [0.422107,0.0,0.906547],
        [0.0,1.0,-0.0],
        [-0.906547,0.0,0.422107],
        [-1852.39,823.92,-3186.4]
      ],
      "team": 2,
      "maxVehicleOnSpawn": 1,
      "respTime": 120
    }
  },
  {
    "entity": {
      "_template": "respAircraftInAir",
      "respawnbaseType": "aircraft_fighter",
      "transform": [
        [0.422107,0.0,0.906547],
        [0.0,1.0,-0.0],
        [-0.906547,0.0,0.422107],
        [-1830.53,1023.92,-3183.15]
      ],
      "team": 2,
      "maxVehicleOnSpawn": 1,
      "respTime": 120
    }
  },
  {
    "entity": {
      "_template": "respAircraftInAir",
      "respawnbaseType": "aircraft_assault",
      "transform": [
        [0.422107,0.0,0.906547],
        [0.0,1.0,-0.0],
        [-0.906547,0.0,0.422107],
        [-1678.73,823.92,-3221.73]
      ],
      "team": 2,
      "maxVehicleOnSpawn": 1,
      "respTime": 120
    }
  },
  {
    "entity": {
      "_template": "resupply_in_air_zone",
      "transform": [
        [0.327869,0.0,-0.944724],
        [0.0,1.0,0.0],
        [0.944724,0.0,0.327869],
        [-2597.17,687.232,-1617.71]
      ],
      "resupply_zone__team": 2
    }
  },
  {
    "entity": {
      "_template": "respawnChooser+respMotorcycle",
      "transform": [
        [-0.978079,0.0854253,0.189901],
        [0.0838592,0.996345,-0.0162818],
        [0.190597,0.0,0.981669],
        [45.4666,13.4452,48.288]
      ],
      "team": 1
    }
  },
  {
    "entity": {
      "_template": "respawnChooser+respMotorcycle",
      "transform": [
        [0.107442,0.0854253,0.990535],
        [-0.00921178,0.996345,-0.0849271],
        [0.994169,0.0,-0.107835],
        [-329.574,23.8531,-111.911]
      ],
      "team": 2
    }
  }
]