[
  {
    "import": {
      "scene": "content/enlisted/gamedata/scenes/_normandy_sounds.blk"
    }
  },
  {
    "import": {
      "scene": "content/enlisted/gamedata/scenes/_normandy_urban_area_biom_fx.blk"
    }
  },
  {
    "import": {
      "scene": "content/enlisted/gamedata/scenes/_normandy_urban_area_common.blk"
    }
  },
  {
    "entity": {
      "_template": "poly_battle_area",
      "transform": [
        [1.0,0.0,0.0],
        [0.0,1.0,0.0],
        [0.0,0.0,1.0],
        [213.319,10.0181,-675.42]
      ],
      "battleAreaId": "area1_1",
      "battle_area__team": 1,
      "groupName": "sector_1",
      "active": false,
      "poly_area__points:list<p3>": [
        {
          "item": [112.644,11.3742,-535.22]
        },
        {
          "item": [97.8564,10.042,-575.773]
        },
        {
          "item": [77.284,10.0208,-633.25]
        },
        {
          "item": [61.954,10.1692,-677.622]
        },
        {
          "item": [46.9935,11.0396,-768.473]
        },
        {
          "item": [315.725,11.0396,-866.609]
        },
        {
          "item": [423.242,11.0396,-572.189]
        },
        {
          "item": [156.74,11.0396,-475.824]
        }
      ]
    }
  },
  {
    "entity": {
      "_template": "poly_battle_area",
      "transform": [
        [1.0,0.0,0.0],
        [0.0,1.0,0.0],
        [0.0,0.0,1.0],
        [134.701,10.0206,-643.558]
      ],
      "battleAreaId": "area1_2",
      "battle_area__team": 2,
      "groupName": "sector_1",
      "active": false,
      "poly_area__points:list<p3>": [
        {
          "item": [-130.948,13.841,-702.037]
        },
        {
          "item": [130.87,9.99605,-798.464]
        },
        {
          "item": [164.666,10.4034,-712.224]
        },
        {
          "item": [175.149,10.3548,-683.763]
        },
        {
          "item": [195.465,10.0203,-642.0]
        },
        {
          "item": [212.98,10.054,-593.488]
        },
        {
          "item": [215.395,10.055,-574.983]
        },
        {
          "item": [223.902,9.81135,-552.518]
        },
        {
          "item": [235.186,8.63177,-504.767]
        },
        {
          "item": [26.8657,10.7837,-428.959]
        },
        {
          "item": [-71.35,10.3645,-487.029]
        },
        {
          "item": [-75.0465,10.0158,-553.636]
        }
      ]
    }
  },
  {
    "entity": {
      "_template": "poly_battle_area",
      "transform": [
        [1.0,0.0,0.0],
        [0.0,1.0,0.0],
        [0.0,0.0,1.0],
        [91.2202,10.0183,-627.355]
      ],
      "battleAreaId": "area2b_1",
      "battle_area__team": 1,
      "groupName": "sector_2_b",
      "active": false,
      "poly_area__points:list<p3>": [
        {
          "item": [77.6691,11.2138,-444.72]
        },
        {
          "item": [23.3606,11.2138,-564.148]
        },
        {
          "item": [-12.5493,10.5141,-627.955]
        },
        {
          "item": [-18.3897,10.8874,-645.444]
        },
        {
          "item": [-43.5564,11.2138,-730.188]
        },
        {
          "item": [259.607,11.2138,-839.248]
        },
        {
          "item": [341.383,11.2138,-549.334]
        }
      ]
    }
  },
  {
    "entity": {
      "_template": "poly_battle_area",
      "transform": [
        [1.0,0.0,0.0],
        [0.0,1.0,0.0],
        [0.0,0.0,1.0],
        [89.9167,10.0183,-627.064]
      ],
      "battleAreaId": "area2b_2",
      "battle_area__team": 2,
      "groupName": "sector_2_b",
      "active": false,
      "poly_area__points:list<p3>": [
        {
          "item": [-244.285,12.3936,-662.602]
        },
        {
          "item": [60.8259,11.2389,-769.004]
        },
        {
          "item": [128.661,10.0217,-630.796]
        },
        {
          "item": [182.137,10.0818,-492.169]
        },
        {
          "item": [-136.524,10.0818,-366.274]
        }
      ]
    }
  },
  {
    "entity": {
      "_template": "poly_battle_area",
      "transform": [
        [1.0,0.0,0.0],
        [0.0,1.0,0.0],
        [0.0,0.0,1.0],
        [11.4304,10.0333,-595.766]
      ],
      "battleAreaId": "area3b_1",
      "battle_area__team": 1,
      "groupName": "sector_3_b",
      "active": false,
      "poly_area__points:list<p3>": [
        {
          "item": [-58.464,11.4593,-401.413]
        },
        {
          "item": [-114.256,13.2023,-475.85]
        },
        {
          "item": [-126.163,10.4653,-499.857]
        },
        {
          "item": [-145.553,10.585,-516.794]
        },
        {
          "item": [-172.709,12.3076,-540.783]
        },
        {
          "item": [-188.994,11.801,-560.536]
        },
        {
          "item": [-191.099,11.9256,-588.851]
        },
        {
          "item": [-191.935,11.9401,-620.745]
        },
        {
          "item": [-195.639,11.9143,-670.882]
        },
        {
          "item": [165.299,11.4593,-809.979]
        },
        {
          "item": [274.183,11.4593,-525.526]
        }
      ]
    }
  },
  {
    "entity": {
      "_template": "poly_battle_area",
      "transform": [
        [1.0,0.0,0.0],
        [0.0,1.0,0.0],
        [0.0,0.0,1.0],
        [10.4247,10.0333,-594.841]
      ],
      "battleAreaId": "area3b_2",
      "battle_area__team": 2,
      "groupName": "sector_3_b",
      "active": false,
      "poly_area__points:list<p3>": [
        {
          "item": [-357.347,10.557,-614.073]
        },
        {
          "item": [-91.6606,13.6355,-710.126]
        },
        {
          "item": [-65.5618,14.9985,-679.554]
        },
        {
          "item": [-44.6174,10.1719,-648.786]
        },
        {
          "item": [-36.4043,11.1484,-626.862]
        },
        {
          "item": [-20.6819,10.0323,-551.235]
        },
        {
          "item": [-44.2242,10.0323,-501.527]
        },
        {
          "item": [-24.3221,10.0323,-492.291]
        },
        {
          "item": [-41.2494,13.6142,-405.354]
        },
        {
          "item": [-94.7842,11.3713,-380.006]
        },
        {
          "item": [-198.182,11.3714,-333.785]
        },
        {
          "item": [-403.75,11.3714,-442.87]
        }
      ]
    }
  },
  {
    "entity": {
      "_template": "poly_battle_area",
      "transform": [
        [1.0,0.0,0.0],
        [0.0,1.0,0.0],
        [0.0,0.0,1.0],
        [-78.9261,10.0165,-559.264]
      ],
      "battleAreaId": "area4_1",
      "groupName": "sector_4",
      "battle_area__team": 1,
      "active": false,
      "poly_area__points:list<p3>": [
        {
          "item": [-201.647,10.7315,-459.597]
        },
        {
          "item": [-190.812,12.5199,-499.314]
        },
        {
          "item": [-187.579,12.5199,-541.909]
        },
        {
          "item": [-185.63,12.5199,-593.875]
        },
        {
          "item": [-187.467,12.5199,-676.232]
        },
        {
          "item": [44.1613,12.5199,-764.049]
        },
        {
          "item": [138.309,12.5199,-471.275]
        },
        {
          "item": [-115.572,12.5199,-363.02]
        },
        {
          "item": [-152.683,13.0315,-377.498]
        },
        {
          "item": [-183.043,12.5199,-405.4]
        },
        {
          "item": [-196.462,12.5199,-424.562]
        }
      ]
    }
  },
  {
    "entity": {
      "_template": "poly_battle_area",
      "transform": [
        [1.0,0.0,0.0],
        [0.0,1.0,0.0],
        [0.0,0.0,1.0],
        [-80.3781,10.0165,-558.935]
      ],
      "battleAreaId": "area4_2",
      "groupName": "sector_4",
      "battle_area__team": 2,
      "active": false,
      "poly_area__points:list<p3>": [
        {
          "item": [-374.564,12.4632,-645.603]
        },
        {
          "item": [-173.457,10.9299,-610.576]
        },
        {
          "item": [-145.477,10.0203,-592.721]
        },
        {
          "item": [-104.758,10.0203,-573.532]
        },
        {
          "item": [-85.6178,10.2525,-543.489]
        },
        {
          "item": [-66.7618,10.8356,-502.612]
        },
        {
          "item": [-67.5682,10.3057,-459.67]
        },
        {
          "item": [-76.1831,13.5495,-381.423]
        },
        {
          "item": [-194.484,12.9407,-328.365]
        },
        {
          "item": [-444.261,9.34247,-458.555]
        }
      ]
    }
  },
  {
    "entity": {
      "_template": "poly_battle_area",
      "transform": [
        [1.0,0.0,0.0],
        [0.0,1.0,0.0],
        [0.0,0.0,1.0],
        [100.525,10.0044,-651.354]
      ],
      "battleAreaId": "area2_1",
      "battle_area__team": 1,
      "groupName": "sector_2",
      "active": false,
      "poly_area__points:list<p3>": [
        {
          "item": [89.4445,11.0526,-447.228]
        },
        {
          "item": [37.1562,10.5961,-484.369]
        },
        {
          "item": [18.9554,10.7806,-497.62]
        },
        {
          "item": [12.7177,10.1455,-517.168]
        },
        {
          "item": [17.4377,9.90655,-528.108]
        },
        {
          "item": [17.5847,10.3535,-549.583]
        },
        {
          "item": [6.03755,10.0202,-602.077]
        },
        {
          "item": [18.931,11.291,-629.549]
        },
        {
          "item": [17.6186,10.7204,-645.808]
        },
        {
          "item": [1.31064,10.8192,-691.71]
        },
        {
          "item": [-11.5679,11.0526,-748.498]
        },
        {
          "item": [240.265,11.0526,-842.983]
        },
        {
          "item": [360.216,11.0526,-544.582]
        }
      ]
    }
  },
  {
    "entity": {
      "_template": "poly_battle_area",
      "transform": [
        [1.0,0.0,0.0],
        [0.0,1.0,0.0],
        [0.0,0.0,1.0],
        [99.3444,10.0044,-651.135]
      ],
      "battleAreaId": "area2_2",
      "battle_area__team": 2,
      "groupName": "sector_2",
      "active": false,
      "poly_area__points:list<p3>": [
        {
          "item": [-125.498,10.7931,-365.318]
        },
        {
          "item": [-239.312,12.2014,-659.276]
        },
        {
          "item": [28.1156,13.1935,-759.829]
        },
        {
          "item": [81.7911,10.7152,-694.35]
        },
        {
          "item": [95.0684,9.63899,-656.074]
        },
        {
          "item": [110.021,9.98306,-611.762]
        },
        {
          "item": [126.564,10.0203,-566.223]
        },
        {
          "item": [142.568,10.0406,-525.06]
        },
        {
          "item": [142.229,10.3676,-466.691]
        }
      ]
    }
  },
  {
    "entity": {
      "_template": "poly_battle_area",
      "transform": [
        [1.0,0.0,0.0],
        [0.0,1.0,0.0],
        [0.0,0.0,1.0],
        [56.4626,10.0228,-600.952]
      ],
      "battleAreaId": "area3_1",
      "battle_area__team": 1,
      "groupName": "sector_3",
      "active": false,
      "poly_area__points:list<p3>": [
        {
          "item": [-17.1969,11.2518,-403.746]
        },
        {
          "item": [-51.0109,11.7279,-424.563]
        },
        {
          "item": [-68.5905,10.3981,-440.193]
        },
        {
          "item": [-83.1912,10.4839,-467.712]
        },
        {
          "item": [-95.8411,12.1705,-488.65]
        },
        {
          "item": [-111.441,10.7556,-523.34]
        },
        {
          "item": [-106.054,10.0254,-550.98]
        },
        {
          "item": [-104.187,10.0375,-571.492]
        },
        {
          "item": [-94.1432,10.019,-593.314]
        },
        {
          "item": [-131.839,11.2518,-701.053]
        },
        {
          "item": [158.582,11.2518,-807.089]
        },
        {
          "item": [271.825,11.2518,-517.098]
        }
      ]
    }
  },
  {
    "entity": {
      "_template": "poly_battle_area",
      "transform": [
        [1.0,0.0,0.0],
        [0.0,1.0,0.0],
        [0.0,0.0,1.0],
        [55.3062,10.0228,-600.486]
      ],
      "battleAreaId": "area3_2",
      "battle_area__team": 2,
      "groupName": "sector_3",
      "active": false,
      "poly_area__points:list<p3>": [
        {
          "item": [-42.9693,13.6774,-734.069]
        },
        {
          "item": [-12.5763,10.8299,-662.728]
        },
        {
          "item": [-4.62439,11.0965,-640.656]
        },
        {
          "item": [15.5651,10.7047,-640.477]
        },
        {
          "item": [24.8862,10.354,-637.322]
        },
        {
          "item": [61.6635,10.0462,-597.677]
        },
        {
          "item": [73.6633,10.0981,-567.026]
        },
        {
          "item": [86.3105,10.334,-550.002]
        },
        {
          "item": [95.3197,10.0526,-525.151]
        },
        {
          "item": [92.1058,9.41537,-475.024]
        },
        {
          "item": [71.6768,10.9027,-439.6]
        },
        {
          "item": [-196.274,11.7582,-335.305]
        },
        {
          "item": [-318.314,11.7219,-633.815]
        }
      ]
    }
  },
  {
    "entity": {
      "_template": "poly_battle_area",
      "transform": [
        [1.0,0.0,0.0],
        [0.0,1.0,0.0],
        [0.0,0.0,1.0],
        [-21.8864,11.0592,-572.399]
      ],
      "battleAreaId": "area5_1",
      "battle_area__team": 1,
      "groupName": "sector_5",
      "active": false,
      "poly_area__points:list<p3>": [
        {
          "item": [60.054,9.8268,-524.215]
        },
        {
          "item": [42.2487,9.8268,-432.143]
        },
        {
          "item": [-257.025,9.01883,-296.72]
        },
        {
          "item": [-434.206,7.09357,-367.765]
        },
        {
          "item": [-393.15,9.65756,-515.526]
        },
        {
          "item": [-338.255,13.0952,-663.445]
        },
        {
          "item": [-185.683,9.8268,-655.306]
        },
        {
          "item": [-77.4966,9.8268,-599.081]
        },
        {
          "item": [-17.8386,9.8268,-568.781]
        }
      ]
    }
  },
  {
    "entity": {
      "_template": "poly_battle_area",
      "transform": [
        [1.0,0.0,0.0],
        [0.0,1.0,0.0],
        [0.0,0.0,1.0],
        [-22.4526,11.0592,-572.219]
      ],
      "battleAreaId": "area5_2",
      "battle_area__team": 2,
      "groupName": "sector_5",
      "active": false,
      "poly_area__points:list<p3>": [
        {
          "item": [-508.319,10.9874,-673.143]
        },
        {
          "item": [-237.399,10.9874,-662.02]
        },
        {
          "item": [-198.451,11.8964,-524.27]
        },
        {
          "item": [-209.688,11.4563,-475.427]
        },
        {
          "item": [-220.039,11.298,-440.116]
        },
        {
          "item": [-248.889,9.4917,-358.975]
        },
        {
          "item": [-288.187,10.9874,-308.99]
        },
        {
          "item": [-582.74,10.9874,-425.191]
        }
      ]
    }
  },
  {
    "entity": {
      "_template": "aircraft_box_battle_area",
      "transform": [
        [10500.7,0.0,-3954.9],
        [0.0,8000.03,0.0],
        [3954.38,0.0,10600.8],
        [0.359801,240.916,-574.864]
      ],
      "battle_area__team": -1
    }
  },
  {
    "entity": {
      "_template": "hs_123a_1_no_bomb+vehicle_autodetect_team",
      "transform": [
        [0.925823,0.197534,-0.32223],
        [-0.186106,0.980295,0.0662285],
        [0.328963,-0.00134699,0.944342],
        [172.758,11.7756,-646.943]
      ]
    }
  },
  {
    "entity": {
      "_template": "hs_123a_1_no_bomb+vehicle_autodetect_team",
      "transform": [
        [0.925085,0.197312,-0.324478],
        [-0.184372,0.980326,0.0704821],
        [0.332001,-0.00537729,0.943264],
        [186.675,11.8245,-668.976]
      ]
    }
  },
  {
    "entity": {
      "_template": "hs_123a_1_no_bomb+vehicle_autodetect_team",
      "transform": [
        [0.934829,0.19524,-0.296606],
        [-0.187685,0.980742,0.0540308],
        [0.301443,0.00515911,0.95347],
        [114.417,11.7748,-644.568]
      ]
    }
  },
  {
    "entity": {
      "_template": "hs_123a_1_no_bomb+vehicle_autodetect_team",
      "transform": [
        [0.898934,0.19736,-0.391109],
        [-0.182286,0.980326,0.0757175],
        [0.398358,0.0032286,0.917224],
        [101.435,11.7765,-621.078]
      ]
    }
  },
  {
    "entity": {
      "_template": "hs_123a_1_no_bomb+vehicle_autodetect_team",
      "transform": [
        [0.92368,0.197205,-0.328521],
        [-0.186259,0.980361,0.0648004],
        [0.334849,0.00133522,0.942271],
        [-33.0182,11.7783,-573.74]
      ]
    }
  },
  {
    "entity": {
      "_template": "hs_123a_1_no_bomb+vehicle_autodetect_team",
      "transform": [
        [0.863806,0.196835,-0.463784],
        [-0.175926,0.980423,0.0884371],
        [0.472112,0.00519928,0.881523],
        [-61.6019,11.7707,-564.432]
      ]
    }
  },
  {
    "entity": {
      "_template": "hs_123a_1_no_bomb+vehicle_autodetect_team",
      "transform": [
        [0.943543,0.196687,-0.266536],
        [-0.188643,0.980464,0.0557221],
        [0.272289,-0.00229609,0.962213],
        [82.9713,11.7786,-633.941]
      ]
    }
  },
  {
    "entity": {
      "_template": "hs_123a_1_no_bomb+vehicle_autodetect_team",
      "transform": [
        [0.936838,0.197325,-0.288786],
        [-0.187447,0.980331,0.0617642],
        [0.295293,-0.00373096,0.955399],
        [46.6374,11.7802,-621.403]
      ]
    }
  },
  {
    "entity": {
      "_template": "hs_123a_1_no_bomb+vehicle_autodetect_team",
      "transform": [
        [0.92224,0.194979,-0.33385],
        [-0.182658,0.980805,0.0682394],
        [0.340747,-0.00195268,0.940153],
        [18.8695,11.7722,-610.313]
      ]
    }
  },
  {
    "entity": {
      "_template": "hs_123a_1_no_bomb+vehicle_autodetect_team",
      "transform": [
        [0.936672,0.196545,-0.289855],
        [-0.187575,0.980494,0.0587049],
        [0.29574,-0.000617679,0.955268],
        [-50.1222,11.7694,-586.3]
      ]
    }
  },
  {
    "entity": {
      "_template": "hs_123a_1_no_bomb+vehicle_autodetect_team",
      "transform": [
        [0.899266,0.197215,-0.39042],
        [-0.181921,0.980357,0.0761894],
        [0.397777,0.00251106,0.917479],
        [81.614,11.7796,-613.521]
      ]
    }
  },
  {
    "entity": {
      "_template": "hs_123a_1_no_bomb+vehicle_autodetect_team",
      "transform": [
        [0.354724,0.196527,-0.914083],
        [-0.073215,0.980496,0.182393],
        [0.9321,0.00222539,0.362194],
        [19.0633,11.7923,-578.223]
      ]
    }
  },
  {
    "entity": {
      "_template": "hs_123a_1_no_bomb+vehicle_autodetect_team",
      "transform": [
        [0.383843,0.19729,-0.902076],
        [-0.0761941,0.980345,0.181986],
        [0.920249,-0.00112134,0.391331],
        [11.9733,11.7946,-564.448]
      ]
    }
  },
  {
    "entity": {
      "_template": "vw_kubelwagen",
      "transform": [
        [0.46859,0.00899812,-0.88337],
        [0.00600276,0.999893,0.0133692],
        [0.883395,-0.0115673,0.468486],
        [-150.051,10.3766,-507.712]
      ]
    }
  },
  {
    "entity": {
      "_template": "vw_kubelwagen",
      "transform": [
        [0.507393,-0.0505649,-0.86023],
        [0.0193047,0.998693,-0.0473173],
        [0.861499,0.00740195,0.507706],
        [-145.923,10.4266,-506.825]
      ]
    }
  },
  {
    "entity": {
      "_template": "vw_kubelwagen",
      "transform": [
        [0.51805,0.0496103,-0.85391],
        [-0.0690727,0.997483,0.0160465],
        [0.852557,0.050669,0.520173],
        [-142.174,10.6164,-506.405]
      ]
    }
  },
  {
    "entity": {
      "_template": "vw_kubelwagen",
      "transform": [
        [-0.49867,-9.36053e-05,-0.866792],
        [-0.00139696,0.999999,0.000695687],
        [0.866791,0.00155779,-0.49867],
        [-8.12004,9.96601,-564.435]
      ]
    }
  },
  {
    "entity": {
      "_template": "vw_kubelwagen",
      "transform": [
        [0.815714,0.0013185,-0.578453],
        [-0.00149951,0.999999,0.0001648],
        [0.578453,0.000732968,0.815715],
        [-80.9659,10.0317,-582.473]
      ]
    }
  },
  {
    "entity": {
      "_template": "vw_kubelwagen",
      "transform": [
        [0.693423,0.00149794,-0.720529],
        [0.000357107,0.999997,0.00242261],
        [0.72053,-0.0019372,0.693421],
        [-84.8194,10.0169,-584.11]
      ]
    }
  },
  {
    "entity": {
      "_template": "vw_kubelwagen",
      "transform": [
        [0.195649,-0.0285756,0.980258],
        [0.00934307,0.999584,0.0272742],
        [-0.98063,0.00382246,0.195835],
        [28.1943,10.3432,-642.03]
      ]
    }
  },
  {
    "entity": {
      "_template": "opel_blitz_kfz_305",
      "transform": [
        [0.928237,-0.0123112,-0.371784],
        [0.0111364,0.999924,-0.00530694],
        [0.371821,0.000785774,0.928304],
        [-15.9896,9.92164,-600.874]
      ]
    }
  },
  {
    "entity": {
      "_template": "hs_123a_1_no_bomb+vehicle_autodetect_team",
      "transform": [
        [0.889543,0.195735,-0.412796],
        [-0.179701,0.980644,0.0777494],
        [0.420024,0.00501831,0.907499],
        [-96.5512,11.7735,-551.741]
      ]
    }
  },
  {
    "entity": {
      "_template": "vw_kubelwagen",
      "transform": [
        [0.938071,-0.00726341,-0.346367],
        [0.00802639,0.999968,0.000768405],
        [0.34635,-0.00350089,0.938099],
        [35.2543,9.94843,-593.316]
      ]
    }
  },
  {
    "entity": {
      "_template": "opel_blitz_kfz_305",
      "transform": [
        [0.975063,-0.0350989,-0.219135],
        [0.0442858,0.998328,0.0371519],
        [0.217464,-0.04593,0.974987],
        [-113.285,9.96307,-511.958]
      ]
    }
  },
  {
    "entity": {
      "_template": "opel_blitz_kfz_305",
      "transform": [
        [0.0534328,-0.0571677,-0.996934],
        [0.0640697,0.996499,-0.0537088],
        [0.996514,-0.0610035,0.0569084],
        [88.8472,10.0994,-548.307]
      ]
    }
  },
  {
    "entity": {
      "_template": "opel_blitz_kfz_305",
      "transform": [
        [-0.222101,-0.03276,-0.974473],
        [-0.0242458,0.999312,-0.028069],
        [0.974722,0.0173927,-0.222743],
        [129.614,10.1743,-558.544]
      ]
    }
  },
  {
    "entity": {
      "_template": "opel_blitz_kfz_305",
      "transform": [
        [-0.472277,-0.0120589,-0.881368],
        [-0.0236714,0.999719,-0.000993968],
        [0.881132,0.0203938,-0.47243],
        [132.929,10.2465,-556.419]
      ]
    }
  },
  {
    "entity": {
      "_template": "opel_blitz_kfz_305",
      "transform": [
        [-0.901299,-0.0139412,0.432973],
        [-0.01082,0.999895,0.00967199],
        [-0.433063,0.00403258,-0.901355],
        [246.473,9.92206,-580.304]
      ]
    }
  },
  {
    "entity": {
      "_template": "opel_blitz_kfz_305",
      "transform": [
        [-0.861052,-0.0102807,0.508412],
        [-0.00559832,0.999927,0.0107382],
        [-0.508485,0.00639994,-0.861047],
        [241.783,9.92608,-580.49]
      ]
    }
  },
  {
    "entity": {
      "_template": "vw_kubelwagen",
      "transform": [
        [-0.412341,-0.00311918,-0.911024],
        [2.22026e-05,0.999994,-0.00343384],
        [0.911029,-0.00143614,-0.412339],
        [-11.2638,9.97318,-559.845]
      ]
    }
  },
  {
    "entity": {
      "_template": "vw_kubelwagen",
      "transform": [
        [0.411724,0.0252727,-0.910958],
        [0.0329761,0.998548,0.0426068],
        [0.910712,-0.0475821,0.410293],
        [77.7871,10.0387,-556.958]
      ]
    }
  },
  {
    "entity": {
      "_template": "vw_kubelwagen",
      "transform": [
        [0.472073,-0.00108796,-0.881559],
        [-0.00677022,0.999965,-0.00485952],
        [0.881534,0.00826239,0.472049],
        [83.2545,9.98505,-559.262]
      ]
    }
  },
  {
    "entity": {
      "_template": "vw_kubelwagen",
      "transform": [
        [0.431626,6.21922e-05,-0.902053],
        [-0.00277703,0.999995,-0.00125984],
        [0.902049,0.00304881,0.431624],
        [88.201,10.0004,-561.495]
      ]
    }
  },
  {
    "entity": {
      "_template": "ri_gpu_object",
      "ri_gpu_object__name": "decal_broken_glass_a",
      "ri_gpu_object__biom_indexes": [38.0,-1.0,-1.0,-1.0],
      "ri_gpu_object__grid_size": 16,
      "ri_gpu_object__grid_tiling": 1,
      "ri_gpu_object__cell_size": 16.0,
      "ri_gpu_object__incline_delta": 0.0,
      "ri_gpu_object__scale_range": [1.0,1.75],
      "ri_gpu_object__rotate_range": [0.0,360.0],
      "ri_gpu_object__seed": 7016,
      "ri_gpu_object__is_using_normal": true,
      "ri_gpu_object__up_vector": [0.0,1.0,0.0],
      "ri_gpu_object__decal": true,
      "ri_gpu_object__transparent": true
    }
  },
  {
    "entity": {
      "_template": "ri_gpu_object",
      "ri_gpu_object__name": "debris_trash_concrete_small_part_c2",
      "ri_gpu_object__biom_indexes": [35.0,36.0,38.0,-1.0],
      "ri_gpu_object__grid_size": 8,
      "ri_gpu_object__grid_tiling": 5,
      "ri_gpu_object__cell_size": 16.0,
      "ri_gpu_object__incline_delta": 10.0,
      "ri_gpu_object__scale_range": [0.3,0.5],
      "ri_gpu_object__rotate_range": [0.0,360.0],
      "ri_gpu_object__seed": 5128,
      "ri_gpu_object__is_using_normal": true,
      "ri_gpu_object__multiple_objects:array": [
        {
          "ri_gpu_object__multiple_objects:object": {
            "name": "debris_trash_concrete_small_part_c3",
            "weight": 1.0
          }
        },
        {
          "ri_gpu_object__multiple_objects:object": {
            "name": "debris_trash_concrete_small_part_c2",
            "weight": 1.0
          }
        },
        {
          "ri_gpu_object__multiple_objects:object": {
            "name": "debris_trash_concrete_small_part_b3",
            "weight": 0.5
          }
        },
        {
          "ri_gpu_object__multiple_objects:object": {
            "name": "debris_trash_concrete_small_part_b1",
            "weight": 0.5
          }
        }
      ]
    }
  },
  {
    "entity": {
      "_template": "ri_gpu_object",
      "ri_gpu_object__name": "debris_metal_can_a",
      "ri_gpu_object__biom_indexes": [38.0,-1.0,-1.0,-1.0],
      "ri_gpu_object__grid_size": 8,
      "ri_gpu_object__grid_tiling": 2,
      "ri_gpu_object__cell_size": 32.0,
      "ri_gpu_object__incline_delta": 0.0,
      "ri_gpu_object__scale_range": [0.95,1.0],
      "ri_gpu_object__rotate_range": [0.0,360.0],
      "ri_gpu_object__seed": 1958,
      "ri_gpu_object__is_using_normal": true,
      "ri_gpu_object__multiple_objects:array": [
        {
          "ri_gpu_object__multiple_objects:object": {
            "name": "shell_kwk40_a",
            "weight": 2.0
          }
        },
        {
          "ri_gpu_object__multiple_objects:object": {
            "name": "debris_metal_can_a",
            "weight": 1.0
          }
        },
        {
          "ri_gpu_object__multiple_objects:object": {
            "name": "debris_metal_can_b",
            "weight": 1.0
          }
        },
        {
          "ri_gpu_object__multiple_objects:object": {
            "name": "debris_metal_can_c",
            "weight": 1.0
          }
        }
      ]
    }
  },
  {
    "entity": {
      "_template": "ri_gpu_object",
      "ri_gpu_object__name": "generic_stone_small_a",
      "ri_gpu_object__biom_indexes": [25.0,-1.0,-1.0,-1.0],
      "ri_gpu_object__grid_size": 8,
      "ri_gpu_object__grid_tiling": 4,
      "ri_gpu_object__cell_size": 16.0,
      "ri_gpu_object__incline_delta": 0.0,
      "ri_gpu_object__scale_range": [0.1,0.4],
      "ri_gpu_object__rotate_range": [0.0,360.0],
      "ri_gpu_object__seed": 8174,
      "ri_gpu_object__is_using_normal": true,
      "ri_gpu_object__multiple_objects:array": [
        {
          "ri_gpu_object__multiple_objects:object": {
            "name": "generic_rock_medium_b",
            "weight": 0.5
          }
        },
        {
          "ri_gpu_object__multiple_objects:object": {
            "name": "generic_rock_medium_c",
            "weight": 0.5
          }
        },
        {
          "ri_gpu_object__multiple_objects:object": {
            "name": "generic_rock_medium_d",
            "weight": 0.5
          }
        },
        {
          "ri_gpu_object__multiple_objects:object": {
            "name": "generic_stone_small_a",
            "weight": 3.0
          }
        },
        {
          "ri_gpu_object__multiple_objects:object": {
            "name": "generic_stone_small_b",
            "weight": 3.0
          }
        },
        {
          "ri_gpu_object__multiple_objects:object": {
            "name": "generic_stone_small_c",
            "weight": 3.0
          }
        }
      ]
    }
  },
  {
    "entity": {
      "_template": "ri_gpu_object",
      "ri_gpu_object__name": "debris_bricks_a",
      "ri_gpu_object__biom_indexes": [25.0,-1.0,-1.0,-1.0],
      "ri_gpu_object__grid_size": 8,
      "ri_gpu_object__grid_tiling": 4,
      "ri_gpu_object__cell_size": 12.0,
      "ri_gpu_object__incline_delta": 0.0,
      "ri_gpu_object__scale_range": [0.5,0.85],
      "ri_gpu_object__rotate_range": [135.0,960.0],
      "ri_gpu_object__seed": 55112,
      "ri_gpu_object__is_using_normal": true,
      "ri_gpu_object__multiple_objects:array": [
        {
          "ri_gpu_object__multiple_objects:object": {
            "name": "tree_dry_branches_a",
            "weight": 1.0
          }
        },
        {
          "ri_gpu_object__multiple_objects:object": {
            "name": "tree_dry_branches_b",
            "weight": 1.0
          }
        },
        {
          "ri_gpu_object__multiple_objects:object": {
            "name": "tree_dry_branches_c",
            "weight": 1.0
          }
        },
        {
          "ri_gpu_object__multiple_objects:object": {
            "name": "tree_branches_small_a",
            "weight": 0.5
          }
        },
        {
          "ri_gpu_object__multiple_objects:object": {
            "name": "tree_branches_small_b",
            "weight": 0.5
          }
        },
        {
          "ri_gpu_object__multiple_objects:object": {
            "name": "tree_branches_small_c",
            "weight": 0.5
          }
        },
        {
          "ri_gpu_object__multiple_objects:object": {
            "name": "tree_branches_small_d",
            "weight": 0.5
          }
        }
      ]
    }
  },
  {
    "entity": {
      "_template": "ri_gpu_object",
      "ri_gpu_object__name": "debris_metal_can_a",
      "ri_gpu_object__biom_indexes": [38.0,-1.0,-1.0,-1.0],
      "ri_gpu_object__grid_size": 8,
      "ri_gpu_object__grid_tiling": 4,
      "ri_gpu_object__cell_size": 8.0,
      "ri_gpu_object__incline_delta": 0.0,
      "ri_gpu_object__scale_range": [0.95,1.0],
      "ri_gpu_object__rotate_range": [0.0,360.0],
      "ri_gpu_object__seed": 8941,
      "ri_gpu_object__is_using_normal": true,
      "ri_gpu_object__multiple_objects:array": [
        {
          "ri_gpu_object__multiple_objects:object": {
            "name": "screw_a",
            "weight": 4.0
          }
        },
        {
          "ri_gpu_object__multiple_objects:object": {
            "name": "screwdriver_a",
            "weight": 0.5
          }
        },
        {
          "ri_gpu_object__multiple_objects:object": {
            "name": "chisel_a",
            "weight": 0.5
          }
        },
        {
          "ri_gpu_object__multiple_objects:object": {
            "name": "nailer_a",
            "weight": 0.5
          }
        }
      ]
    }
  },
  {
    "entity": {
      "_template": "session_finalizer",
      "session_finalizer__timer": 10.0
    }
  },
  {
    "entity": {
      "_template": "door_mult_ent_generator",
      "ri_extra_gen__blk": "content/enlisted/gamedata/normandy_doors.blk"
    }
  },
  {
    "entity": {
      "_template": "postfx_color_grading_tonemap_death_alive_enlisted"
    }
  },
  {
    "entity": {
      "_template": "bloom"
    }
  },
  {
    "entity": {
      "_template": "postfx_roundctrl",
      "post_fx:object": []
    }
  },
  {
    "entity": {
      "_template": "enemy_attack_marker"
    }
  },
  {
    "entity": {
      "_template": "normandy_level",
      "level__blk": "content/enlisted/levels/normandy_urban_area_2x2.blk"
    }
  },
  {
    "entity": {
      "_template": "clouds_hole_target",
      "transform": [
        [1.0,0.0,0.0],
        [0.0,1.0,0.0],
        [0.0,0.0,1.0],
        [0.0,0.0,0.0]
      ]
    }
  },
  {
    "entity": {
      "_template": "static_cam",
      "camera__active": true,
      "transform": [
        [0.795212,-0.000291186,0.60633],
        [-0.0791216,0.991399,0.104246],
        [-0.601145,-0.130872,0.78835],
        [16.227,19.5177,-583.662]
      ]
    }
  },
  {
    "entity": {
      "_template": "respawn_camera",
      "respawnCameraForTeam": 1,
      "transform": [
        [1.0,0.0,0.0],
        [0.0,1.0,0.0],
        [0.0,0.0,1.0],
        [371.23,306.432,-884.168]
      ]
    }
  },
  {
    "entity": {
      "_template": "respawn_camera",
      "respawnCameraForTeam": 2,
      "transform": [
        [1.0,0.0,0.0],
        [0.0,1.0,0.0],
        [0.0,0.0,1.0],
        [-404.634,304.955,-306.626]
      ]
    }
  },
  {
    "entity": {
      "_template": "briefing_invasion",
      "mission_name": "normandy_aerodrome_inv",
      "mission_outfit": "normandy",
      "loading_images:list<t>": [
        {
          "item": "ui/normandy_airfield_01.avif"
        },
        {
          "item": "ui/normandy_airfield_02.avif"
        },
        {
          "item": "ui/normandy_airfield_03.avif"
        }
      ]
    }
  },
  {
    "entity": {
      "_template": "group_activator",
      "activator__activateChoice:object": {
        "sector_1": 1.0
      }
    }
  },
  {
    "entity": {
      "_template": "team_usa+team_narrator_invasion_attack+respawn_creators_team",
      "team__memberCount": 0.0,
      "team__scoreCap": 3000.0,
      "team__score": 3000.0,
      "team__squadSpawnCost": 250,
      "team__firstSpawnCostMul": 0.0,
      "team__zeroScoreFailTimer": 60.0,
      "team__id": 1,
      "team__briefing": "invasion_airfield/attackers_goals",
      "team__winSubtitle": "debriefing/won_invasion_subtitle",
      "team__loseSubtitle": "debriefing/lost_invasion_subtitle",
      "team__winTitle": "debriefing/allies_won_invasion",
      "team__spawnBotArmy": "normandy_allies"
    }
  },
  {
    "entity": {
      "_template": "team_germany+team_narrator_invasion_defence+respawn_creators_team",
      "team__countAdd": 0.5,
      "team__memberCount": 0.5,
      "team__scoreCap": 5000.0,
      "team__capturePenalty": 1001.0,
      "team__score": 5000.0,
      "team__id": 2,
      "team__briefing": "invasion_airfield/defenders_goals",
      "team__winSubtitle": "debriefing/won_defence_subtitle",
      "team__loseSubtitle": "debriefing/lost_defence_subtitle",
      "team__winTitle": "debriefing/axis_won_defence",
      "team__spawnBotArmy": "normandy_axis"
    }
  },
  {
    "entity": {
      "_template": "defend_zone_chained_box+defend_zone_respawnbase",
      "capzone__capRewardPartCap": 1.125,
      "capzone__onlyTeamCanCapture": 1,
      "capzone__curTeamCapturingZone": -1,
      "groupName": "sector_1",
      "capzone__capTime": 20.0,
      "capzone__capTeam": -1,
      "transform": [
        [22.7347,0.0,-8.0706],
        [0.0,10.2359,0.0],
        [17.6411,0.0,49.6948],
        [161.532,14.7341,-599.075]
      ],
      "active": false,
      "capzone__decapTime": 6000.0,
      "ui_order": 1,
      "capzone__capReward": 500.0,
      "capzone__icon": "AAA",
      "capzone__caption": "capzone/hangar",
      "capzone__deactivateAfterTimeout": 25.0,
      "capzone__spawnAtZoneTimeout": 25.0,
      "capzone__createRespawnBaseForTeam": 2,
      "decal__thickness": 0.15,
      "decal__height": 0.3,
      "capzone__createRespawnBase": "respawnBaseGroupActivator",
      "capzone__createdRespawnBaseGroup": 3,
      "capzone__activateChoice:object": {
        "sector_2": 1.0,
        "sector_2_b": 1.0
      }
    }
  },
  {
    "entity": {
      "_template": "defend_zone_chained_sphere+defend_zone_respawnbase",
      "capzone__capRewardPartCap": 1.25,
      "capzone__onlyTeamCanCapture": 1,
      "capzone__curTeamCapturingZone": -1,
      "groupName": "sector_2",
      "capzone__capTime": 25.0,
      "capzone__capTeam": -1,
      "transform": [
        [1.0,0.0,0.0],
        [0.0,1.0,0.0],
        [0.0,0.0,1.0],
        [58.6867,10.1848,-576.665]
      ],
      "active": false,
      "capzone__decapTime": 6000.0,
      "ui_order": 1,
      "capzone__capReward": 500.0,
      "capzone__icon": "AAA",
      "capzone__caption": "capzone/warehouse",
      "capzone__deactivateAfterTimeout": 25.0,
      "capzone__spawnAtZoneTimeout": 25.0,
      "capzone__createRespawnBaseForTeam": 2,
      "decal__thickness": 0.15,
      "decal__height": 0.4,
      "sphere_zone__radius": 16.0,
      "capzone__createRespawnBase": "respawnBaseGroupActivator",
      "capzone__createdRespawnBaseGroup": 4,
      "capzone__iconOffsetY": 2.0,
      "capzone__activateChoice:object": {
        "sector_3": 1.0,
        "sector_3_b": 1.0
      }
    }
  },
  {
    "entity": {
      "_template": "defend_zone_chained_sphere+defend_zone_respawnbase",
      "capzone__capRewardPartCap": 1.25,
      "capzone__onlyTeamCanCapture": 1,
      "capzone__curTeamCapturingZone": -1,
      "groupName": "sector_2_b",
      "capzone__capTime": 25.0,
      "capzone__capTeam": -1,
      "transform": [
        [0.913243,0.0,0.407414],
        [0.0,1.0,0.0],
        [-0.364887,0.0,0.817915],
        [37.6899,10.3628,-664.366]
      ],
      "active": false,
      "capzone__decapTime": 6000.0,
      "ui_order": 1,
      "capzone__capReward": 500.0,
      "capzone__icon": "AAA",
      "capzone__caption": "capzone/warehouse",
      "capzone__deactivateAfterTimeout": 25.0,
      "capzone__spawnAtZoneTimeout": 25.0,
      "capzone__createRespawnBaseForTeam": 2,
      "decal__thickness": 0.15,
      "decal__height": 0.9,
      "sphere_zone__radius": 18.5,
      "capzone__createRespawnBase": "respawnBaseGroupActivator",
      "capzone__createdRespawnBaseGroup": 8,
      "capzone__iconOffsetY": 2.0,
      "capzone__activateChoice:object": {
        "sector_3_b": 1.0
      }
    }
  },
  {
    "entity": {
      "_template": "defend_zone_chained_box+defend_zone_respawnbase",
      "capzone__capRewardPartCap": 1.375,
      "capzone__onlyTeamCanCapture": 1,
      "capzone__curTeamCapturingZone": -1,
      "groupName": "sector_3",
      "capzone__capTime": 25.0,
      "capzone__capTeam": -1,
      "transform": [
        [30.4327,0.0,14.416],
        [0.0,7.7708,0.0],
        [-23.662,0.0,49.9514],
        [-17.221,13.4805,-519.356]
      ],
      "active": false,
      "capzone__decapTime": 6000.0,
      "ui_order": 1,
      "capzone__capReward": 500.0,
      "capzone__icon": "AAA",
      "capzone__caption": "capzone/he_hangar",
      "capzone__deactivateAfterTimeout": 25.0,
      "capzone__spawnAtZoneTimeout": 25.0,
      "capzone__createRespawnBaseForTeam": 2,
      "decal__thickness": 0.15,
      "decal__height": 0.6,
      "capzone__createRespawnBase": "respawnBaseGroupActivator",
      "capzone__createdRespawnBaseGroup": 5,
      "capzone__activateChoice:object": {
        "sector_4": 1.0
      }
    }
  },
  {
    "entity": {
      "_template": "defend_zone_chained_box+defend_zone_respawnbase",
      "capzone__capRewardPartCap": 1.375,
      "capzone__onlyTeamCanCapture": 1,
      "capzone__curTeamCapturingZone": -1,
      "groupName": "sector_3_b",
      "capzone__capTime": 25.0,
      "capzone__capTeam": -1,
      "transform": [
        [-9.00896,0.0,19.5403],
        [0.0,7.7708,0.0],
        [-38.7424,0.0,-17.862],
        [-120.606,13.4468,-592.268]
      ],
      "active": false,
      "capzone__decapTime": 6000.0,
      "ui_order": 1,
      "capzone__capReward": 500.0,
      "capzone__icon": "AAA",
      "capzone__caption": "capzone/hangar",
      "capzone__deactivateAfterTimeout": 25.0,
      "capzone__spawnAtZoneTimeout": 25.0,
      "capzone__createRespawnBaseForTeam": 2,
      "decal__thickness": 0.15,
      "decal__height": 0.6,
      "capzone__createRespawnBase": "respawnBaseGroupActivator",
      "capzone__createdRespawnBaseGroup": 9,
