[
  {
    "entity": {
      "_template": "box_battle_area",
      "transform": [
        [11305.8,0.0,440.806],
        [0.0,2400.4,0.0],
        [-440.382,0.0,11305.6],
        [17.1205,66.0706,43.6742]
      ],
      "battle_area__team": -1
    }
  },
  {
    "entity": {
      "_template": "aircraft_box_battle_area",
      "transform": [
        [9380.94,0.0,6126.52],
        [0.0,8000.03,-0.0],
        [-6195.73,0.0,9486.91],
        [49.5369,331.507,40.5401]
      ],
      "battle_area__team": -1
    }
  },
  {
    "entity": {
      "_template": "us_m4_sherman_calliope_common",
      "transform": [
        [0.999533,-0.0183137,-0.0244889],
        [0.0181758,0.999818,-0.00584378],
        [0.0245914,0.00539594,0.999683],
        [22.5189,12.7071,-183.029]
      ]
    }
  },
  {
    "entity": {
      "_template": "opel_blitz_kfz_305",
      "transform": [
        [-0.297015,-0.0242974,-0.954564],
        [0.0853686,0.994997,-0.0518892],
        [0.951049,-0.0969017,-0.293455],
        [594.845,31.1408,158.892]
      ]
    }
  },
  {
    "entity": {
      "_template": "opel_blitz_kfz_305",
      "transform": [
        [0.107362,0.000174931,-0.99422],
        [0.00305258,0.999996,0.000505585],
        [0.994216,-0.00308922,0.107361],
        [613.953,14.3015,444.952]
      ]
    }
  },
  {
    "entity": {
      "_template": "opel_blitz_kfz_305",
      "transform": [
        [0.467817,-0.395354,-0.79047],
        [0.194794,0.918502,-0.344106],
        [0.862092,0.00699933,0.506703],
        [606.339,15.0813,441.158]
      ]
    }
  },
  {
    "entity": {
      "_template": "opel_blitz_kfz_305",
      "transform": [
        [0.966911,-0.190925,-0.169208],
        [0.206282,0.975361,0.0782256],
        [0.150103,-0.110542,0.982471],
        [632.862,18.9474,287.978]
      ]
    }
  },
  {
    "entity": {
      "_template": "opel_blitz_kfz_305",
      "transform": [
        [-0.870342,-0.0173882,-0.492141],
        [-0.00912415,0.999775,-0.019188],
        [0.492364,-0.0122097,-0.870304],
        [585.125,36.2327,80.9815]
      ]
    }
  },
  {
    "entity": {
      "_template": "opel_blitz_kfz_305",
      "transform": [
        [0.998013,-0.0126906,-0.0617102],
        [0.00292246,0.987773,-0.15587],
        [0.0629338,0.15538,0.985848],
        [454.764,10.6263,-14.981]
      ]
    }
  },
  {
    "entity": {
      "_template": "opel_blitz_kfz_305",
      "transform": [
        [0.939088,0.00728639,0.343601],
        [-0.0100885,0.999929,0.00636815],
        [-0.34353,-0.00944666,0.939094],
        [527.097,12.5149,-164.376]
      ]
    }
  },
  {
    "entity": {
      "_template": "opel_blitz_kfz_305",
      "transform": [
        [0.912823,-0.0213725,-0.407796],
        [0.00543233,0.999177,-0.0402068],
        [0.408319,0.0344864,0.912187],
        [329.964,18.8597,139.449]
      ]
    }
  },
  {
    "entity": {
      "_template": "opel_blitz_kfz_305",
      "transform": [
        [0.989607,-0.123706,-0.0733078],
        [0.122795,0.992289,-0.0168184],
        [0.0748231,0.00764179,0.997167],
        [190.815,21.719,104.451]
      ]
    }
  },
  {
    "entity": {
      "_template": "opel_blitz_kfz_305",
      "transform": [
        [-0.79443,-0.0166409,-0.607127],
        [-0.0227749,0.999738,0.00239903],
        [0.606928,0.0157331,-0.794601],
        [-19.4006,54.8207,115.399]
      ]
    }
  },
  {
    "entity": {
      "_template": "opel_blitz_kfz_305",
      "transform": [
        [-0.858509,-0.0642221,-0.508762],
        [-0.0681343,0.997616,-0.0109582],
        [0.508252,0.0252564,-0.860838],
        [103.875,12.1503,208.143]
      ]
    }
  },
  {
    "entity": {
      "_template": "opel_blitz_kfz_305",
      "transform": [
        [0.050525,0.186711,0.981115],
        [0.051864,0.980553,-0.189275],
        [-0.997375,0.0604476,0.0398588],
        [-82.8179,18.6442,-64.2623]
      ]
    }
  },
  {
    "entity": {
      "_template": "opel_blitz_kfz_305",
      "transform": [
        [0.998949,0.032886,0.0319205],
        [0.0230771,0.240816,-0.970296],
        [-0.0395961,0.970013,0.239804],
        [69.6932,52.7084,8.08968]
      ]
    }
  },
  {
    "entity": {
      "_template": "opel_blitz_kfz_305",
      "transform": [
        [0.983138,-0.154919,0.0971586],
        [0.135277,0.973646,0.183615],
        [-0.123043,-0.167375,0.978185],
        [77.4718,39.4329,-96.619]
      ]
    }
  },
  {
    "entity": {
      "_template": "opel_blitz_kfz_305",
      "transform": [
        [0.879532,-0.45714,0.132083],
        [0.4597,0.88799,0.0122273],
        [-0.122878,0.0499642,0.991163],
        [-22.464,13.4052,-159.513]
      ]
    }
  },
  {
    "entity": {
      "_template": "opel_blitz_kfz_305",
      "transform": [
        [0.984965,-0.119367,-0.124881],
        [0.150595,0.947485,0.282124],
        [0.0846467,-0.296689,0.951216],
        [-193.389,13.294,-318.711]
      ]
    }
  },
  {
    "entity": {
      "_template": "opel_blitz_kfz_305",
      "transform": [
        [0.979543,-0.198065,-0.035578],
        [0.182368,0.798981,0.573037],
        [-0.0850726,-0.567803,0.818757],
        [-227.53,13.1442,-307.692]
      ]
    }
  },
  {
    "entity": {
      "_template": "opel_blitz_kfz_305",
      "transform": [
        [0.99228,-0.123972,-0.00347569],
        [0.123846,0.991979,-0.0252819],
        [0.00658206,0.0246562,0.999674],
        [-249.251,19.7614,-310.757]
      ]
    }
  },
  {
    "entity": {
      "_template": "opel_blitz_kfz_305",
      "transform": [
        [0.312039,0.00480441,0.950057],
        [-0.131705,0.990551,0.0382484],
        [-0.940896,-0.137063,0.309724],
        [-279.451,32.5888,-483.429]
      ]
    }
  },
  {
    "entity": {
      "_template": "opel_blitz_kfz_305",
      "transform": [
        [-0.430568,0.192402,0.881812],
        [0.114729,0.980756,-0.157971],
        [-0.895236,0.0331521,-0.444356],
        [589.07,30.803,161.639]
      ]
    }
  },
  {
    "entity": {
      "_template": "static_cam",
      "camera__active": true,
      "transform": [
        [-0.994782,-1.86265e-09,-0.102027],
        [0.0183871,0.983626,-0.179278],
        [0.100356,-0.180219,-0.978494],
        [237.896,22.777,334.364]
      ]
    }
  },
  {
    "entity": {
      "_template": "respawn_camera",
      "respawnCameraForTeam": 2,
      "transform": [
        [1.0,0.0,0.0],
        [0.0,1.0,0.0],
        [0.0,0.0,1.0],
        [-616.634,317.064,400.939]
      ]
    }
  },
  {
    "entity": {
      "_template": "respawn_camera",
      "respawnCameraForTeam": 1,
      "transform": [
        [1.0,0.0,0.0],
        [0.0,1.0,0.0],
        [0.0,0.0,1.0],
        [-606.564,323.692,1001.26]
      ]
    }
  },
  {
    "entity": {
      "_template": "normandy_level",
      "level__blk": "content/enlisted/levels/normandy_ardennes.blk"
    }
  },
  {
    "entity": {
      "_template": "briefing_invasion",
      "mission_name": "normandy_forest_inv",
      "mission_outfit": "normandy",
      "loading_images:list<t>": [
        {
          "item": "ui/normandy_hills_inv_03.avif"
        },
        {
          "item": "ui/normandy_hills_inv_05.avif"
        },
        {
          "item": "ui/normandy_hills_inv_06.avif"
        }
      ]
    }
  },
  {
    "entity": {
      "_template": "team_usa+team_narrator_domination+respawn_creators_team",
      "team__id": 1,
      "team__score": 2500.0,
      "team__scoreCap": 2500.0,
      "score_bleed__domBleed": 4.0,
      "score_bleed__domBleedOn": false,
      "score_bleed__totalDomZoneCount": 3,
      "score_bleed__totalDomBleedMul": 2.0,
      "score_bleed__totalDomBleedOn": false,
      "team__briefing": "domination/common_goals",
      "team__numZonesCaptured": 0,
      "team__deathPenalty": 2.0,
      "team__spawnBotArmy": "normandy_allies"
    }
  },
  {
    "entity": {
      "_template": "team_germany+team_narrator_domination+respawn_creators_team",
      "team__id": 2,
      "team__score": 2500.0,
      "team__scoreCap": 2500.0,
      "score_bleed__domBleed": 4.0,
      "score_bleed__domBleedOn": false,
      "score_bleed__totalDomZoneCount": 3,
      "score_bleed__totalDomBleedMul": 2.0,
      "score_bleed__totalDomBleedOn": false,
      "team__briefing": "domination/common_goals",
      "team__numZonesCaptured": 0,
      "team__deathPenalty": 2.0,
      "team__spawnBotArmy": "normandy_axis"
    }
  },
  {
    "entity": {
      "_template": "group_activator",
      "activator__activateChoice:object": {
        "sector_1_a": 1.0
      }
    }
  },
  {
    "entity": {
      "_template": "domination_box_capzone",
      "transform": [
        [19.0328,0.0,1.66448],
        [0.0,9.51516,-0.0],
        [-1.67654,0.0,19.1707],
        [369.98,12.9353,-181.328]
      ],
      "capzone__title": "A",
      "capzone__caption": "capzone/bunker",
      "decal__height": 0.3
    }
  },
  {
    "entity": {
      "_template": "resupply_in_air_zone",
      "transform": [
        [-0.999999,0.0,-0.000445871],
        [0.0,1.0,0.0],
        [0.000445871,0.0,-0.999999],
        [-2016.38,741.28,-1999.37]
      ],
      "resupply_zone__team": 2
    }
  },
  {
    "entity": {
      "_template": "respAircraftInAir",
      "respawnbaseType": "aircraft_fighter",
      "transform": [
        [-0.96913,0.0,-0.24655],
        [0.0,1.0,0.0],
        [0.24655,0.0,-0.96913],
        [3476.81,1023.92,930.276]
      ],
      "team": 1,
      "maxVehicleOnSpawn": 1,
      "respTime": 120
    }
  },
  {
    "entity": {
      "_template": "respAircraftInAir",
      "respawnbaseType": "aircraft_assault",
      "transform": [
        [-0.959105,0.0,-0.283055],
        [0.0,1.0,0.0],
        [0.283055,0.0,-0.959105],
        [3451.48,823.92,1105.68]
      ],
      "team": 1,
      "maxVehicleOnSpawn": 1,
      "respTime": 120
    }
  },
  {
    "entity": {
      "_template": "respAircraftInAir",
      "respawnbaseType": "aircraft_fighter",
      "transform": [
        [-0.961804,0.0,-0.273741],
        [0.0,1.0,0.0],
        [0.273741,0.0,-0.961804],
        [3461.91,1023.92,1086.2]
      ],
      "team": 1,
      "maxVehicleOnSpawn": 1,
      "respTime": 120
    }
  },
  {
    "entity": {
      "_template": "respAircraftInAir",
      "respawnbaseType": "aircraft_assault",
      "transform": [
        [-0.972049,0.0,-0.234777],
        [0.0,1.0,0.0],
        [0.234777,0.0,-0.972049],
        [3476.81,823.92,930.276]
      ],
      "team": 1,
      "maxVehicleOnSpawn": 1,
      "respTime": 120
    }
  },
  {
    "entity": {
      "_template": "resupply_in_air_zone",
      "transform": [
        [0.327869,0.0,-0.944724],
        [0.0,1.0,0.0],
        [0.944724,0.0,0.327869],
        [1943.52,721.141,2269.66]
      ],
      "resupply_zone__team": 1
    }
  },
  {
    "entity": {
      "_template": "respAircraftInAir",
      "respawnbaseType": "aircraft_fighter",
      "transform": [
        [0.999828,0.0,0.0185856],
        [0.0,1.0,-0.0],
        [-0.0185856,0.0,0.999828],
        [-3479.52,1000.0,17.2208]
      ],
      "team": 2,
      "maxVehicleOnSpawn": 1,
      "respTime": 120
    }
  },
  {
    "entity": {
      "_template": "respAircraftInAir",
      "respawnbaseType": "aircraft_assault",
      "transform": [
        [0.999988,0.0,-0.00494498],
        [0.0,1.0,0.0],
        [0.00494498,-0.0,0.999988],
        [-3479.52,800.0,17.2208]
      ],
      "team": 2,
      "maxVehicleOnSpawn": 1,
      "respTime": 120
    }
  },
  {
    "entity": {
      "_template": "respAircraftInAir",
      "respawnbaseType": "aircraft_fighter",
      "transform": [
        [0.999247,0.0,0.038803],
        [0.0,1.0,-0.0],
        [-0.038803,0.0,0.999247],
        [-3473.42,1000.0,-133.244]
      ],
      "team": 2,
      "maxVehicleOnSpawn": 1,
      "respTime": 120
    }
  },
  {
    "entity": {
      "_template": "respAircraftInAir",
      "respawnbaseType": "aircraft_assault",
      "transform": [
        [0.998535,0.0,0.0541197],
        [0.0,1.0,-0.0],
        [-0.0541197,0.0,0.998535],
        [-3509.84,800.0,-159.127]
      ],
      "team": 2,
      "maxVehicleOnSpawn": 1,
      "respTime": 120
    }
  },
  {
    "entity": {
      "_template": "respawnChooser+respTeam1",
      "transform": [
        [-0.471773,0.00186473,-0.881718],
        [-0.000692015,0.999997,0.00248515],
        [0.88172,0.00178259,-0.471771],
        [414.543,15.0862,-98.5398]
      ],
      "groupName": "sector_1_a",
      "respawnBaseGroup": 1,
      "active": false
    }
  },
  {
    "entity": {
      "_template": "respawnChooser+respTeam1",
      "transform": [
        [-0.0972614,0.00045583,-0.995259],
        [-0.00248273,0.999997,0.000700624],
        [0.995257,0.0025391,-0.0972601],
        [412.814,15.1215,-95.8842]
      ],
      "groupName": "sector_1_a",
      "respawnBaseGroup": 1,
      "active": false
    }
  },
  {
    "entity": {
      "_template": "respawnChooser+respVehicle+vehicle_resp_soft_ground_collision",
      "transform": [
        [0.543301,0.0544332,-0.837771],
        [-0.0438427,0.998374,0.0364359],
        [0.838392,0.0169345,0.544804],
        [407.393,14.811,-93.9064]
      ],
      "groupName": "sector_1_a",
      "active": false,
      "team": 1,
      "maxVehicleOnSpawn": 2,
      "respTime": 120,
      "respawnBaseGroup": 1
    }
  },
  {
    "entity": {
      "_template": "respawnChooser+respMotorcycle",
      "active": false,
      "transform": [
        [0.540595,0.0444203,-0.840109],
        [-0.0406861,0.998817,0.0266311],
        [0.840298,0.0197842,0.541763],
        [406.94,14.7759,-93.76]
      ],
      "team": 1,
      "groupName": "sector_1_a",
      "respawnBaseGroup": 1
    }
  },
  {
    "entity": {
      "_template": "resupply_for_ground_vehicle_zone",
      "transform": [
        [0.337003,2.33168e-11,0.726833],
        [0.000802308,1.0,-0.000371998],
        [-0.726832,0.000708507,0.337003],
        [408.708,14.4506,-94.3655]
      ],
      "resupply_zone__team": 1,
      "groupName": "sector_1_a",
      "active": false
    }
  },
  {
    "entity": {
      "_template": "respawnChooser+respTeam2",
      "transform": [
        [0.998735,-0.000743532,-0.0502835],
        [0.000618378,0.999997,-0.00250449],
        [0.0502852,0.00247022,0.998732],
        [335.992,15.0815,-101.616]
      ],
      "groupName": "sector_1_a",
      "respawnBaseGroup": 1,
      "active": false
    }
  },
  {
    "entity": {
      "_template": "respawnChooser+respTeam2",
      "transform": [
        [0.987401,0.00110823,0.158235],
        [-0.000725656,0.999997,-0.00247553],
        [-0.158237,0.00232952,0.987398],
        [333.84,15.1463,-100.168]
      ],
      "groupName": "sector_1_a",
      "respawnBaseGroup": 1,
      "active": false
    }
  },
  {
    "entity": {
      "_template": "resupply_for_ground_vehicle_zone",
      "transform": [
        [-0.291921,-9.50604e-05,-0.956443],
        [-0.000868682,1.0,0.000165745],
        [0.956443,0.000879229,-0.291921],
        [333.616,15.3266,-104.314]
      ],
      "resupply_zone__team": 2,
      "groupName": "sector_1_a",
      "active": false
    }
  },
  {
    "entity": {
      "_template": "respawnChooser+respMotorcycle",
      "active": false,
      "transform": [
        [0.928532,1.66098e-05,-0.371253],
        [4.16118e-05,1.0,0.000148814],
        [0.371253,-0.000153627,0.928532],
        [333.131,15.7559,-103.153]
      ],
      "team": 2,
      "groupName": "sector_1_a",
      "respawnBaseGroup": 1
    }
  },
  {
    "entity": {
      "_template": "respawnChooser+respVehicle+vehicle_resp_soft_ground_collision",
      "transform": [
        [0.882373,-0.000224467,-0.47055],
        [-0.00077885,0.999998,-0.00193753],
        [0.47055,0.00207611,0.882371],
        [333.133,15.7611,-103.478]
      ],
      "groupName": "sector_1_a",
      "active": false,
      "team": 2,
      "maxVehicleOnSpawn": 2,
      "respTime": 120,
      "respawnBaseGroup": 1
    }
  },
  {
    "entity": {
      "_template": "domination_box_capzone",
      "transform": [
        [19.0328,0.0,1.66448],
        [0.0,9.51516,-0.0],
        [-1.67654,0.0,19.1707],
        [66.0517,47.1724,-19.2871]
      ],
      "capzone__title": "A",
      "capzone__caption": "capzone/bunker",
      "decal__height": 0.3
    }
  },
  {
    "entity": {
      "_template": "domination_box_capzone",
      "transform": [
        [19.0328,0.0,1.66448],
        [0.0,9.51516,-0.0],
        [-1.67654,0.0,19.1707],
        [506.306,39.3912,110.539]
      ],
      "capzone__title": "A",
      "capzone__caption": "capzone/bunker",
      "decal__height": 0.3
    }
  },
  {
    "entity": {
      "_template": "domination_box_capzone",
      "transform": [
        [19.0328,0.0,1.66448],
        [0.0,9.51516,-0.0],
        [-1.67654,0.0,19.1707],
        [-269.814,37.7866,-543.891]
      ],
      "capzone__title": "A",
      "capzone__caption": "capzone/bunker",
      "decal__height": 0.3
    }
  },
  {
    "entity": {
      "_template": "domination_box_capzone",
      "transform": [
        [19.0328,0.0,1.66448],
        [0.0,9.51516,-0.0],
        [-1.67654,0.0,19.1707],
        [-238.827,24.0028,-384.021]
      ],
      "capzone__title": "A",
      "capzone__caption": "capzone/bunker",
      "decal__height": 0.3
    }
  },
  {
    "entity": {
      "_template": "domination_box_capzone",
      "transform": [
        [19.0328,0.0,1.66448],
        [0.0,9.51516,-0.0],
        [-1.67654,0.0,19.1707],
        [608.328,23.2151,231.743]
      ],
      "capzone__title": "A",
      "capzone__caption": "capzone/bunker",
      "decal__height": 0.3
    }
  },
  {
    "entity": {
      "_template": "domination_box_capzone",
      "transform": [
        [19.0328,0.0,1.66448],
        [0.0,9.51516,-0.0],
        [-1.67654,0.0,19.1707],
        [454.075,13.3369,-40.2975]
      ],
      "capzone__title": "A",
      "capzone__caption": "capzone/bunker",
      "decal__height": 0.3
    }
  },
  {
    "entity": {
      "_template": "domination_box_capzone",
      "transform": [
        [19.0328,0.0,1.66448],
        [0.0,9.51516,-0.0],
        [-1.67654,0.0,19.1707],
        [585.622,19.0322,382.473]
      ],
      "capzone__title": "A",
      "capzone__caption": "capzone/bunker",
      "decal__height": 0.3
    }
  },
  {
    "entity": {
      "_template": "domination_box_capzone",
      "transform": [
        [19.0328,0.0,1.66448],
        [0.0,9.51516,-0.0],
        [-1.67654,0.0,19.1707],
        [205.348,32.6428,93.4156]
      ],
      "capzone__title": "A",
      "capzone__caption": "capzone/bunker",
      "decal__height": 0.3
    }
  },
  {
    "entity": {
      "_template": "domination_box_capzone",
      "transform": [
        [19.0328,0.0,1.66448],
        [0.0,9.51516,-0.0],
        [-1.67654,0.0,19.1707],
        [347.555,17.911,153.125]
      ],
      "capzone__title": "A",
      "capzone__caption": "capzone/bunker",
      "decal__height": 0.3
    }
  },
  {
    "entity": {
      "_template": "domination_box_capzone",
      "transform": [
        [19.0328,0.0,1.66448],
        [0.0,9.51516,-0.0],
        [-1.67654,0.0,19.1707],
        [-1.57072,14.563,-162.923]
      ],
      "capzone__title": "A",
      "capzone__caption": "capzone/bunker",
      "decal__height": 0.3
    }
  },
  {
    "entity": {
      "_template": "domination_box_capzone",
      "transform": [
        [19.0328,0.0,1.66448],
        [0.0,9.51516,-0.0],
        [-1.67654,0.0,19.1707],
        [-132.834,9.78172,-262.639]
      ],
      "capzone__title": "A",
      "capzone__caption": "capzone/bunker",
      "decal__height": 0.3
    }
  },
  {
    "entity": {
      "_template": "domination_box_capzone",
      "transform": [
        [19.0328,0.0,1.66448],
        [0.0,9.51516,-0.0],
        [-1.67654,0.0,19.1707],
        [468.764,22.2299,250.972]
      ],
      "capzone__title": "A",
      "capzone__caption": "capzone/bunker",
      "decal__height": 0.3
    }
  },
  {
    "entity": {
      "_template": "domination_box_capzone",
      "transform": [
        [19.0328,0.0,1.66448],
        [0.0,9.51516,-0.0],
        [-1.67654,0.0,19.1707],
        [-32.1135,56.0559,87.1306]
      ],
      "capzone__title": "A",
      "capzone__caption": "capzone/bunker",
      "decal__height": 0.3
    }
  },
  {
    "entity": {
      "_template": "domination_box_capzone",
      "transform": [
        [32.4479,0.0,-30.9418],
        [0.0,9.51516,0.0],
        [13.2804,-0.0,13.9268],
        [81.1595,50.9456,27.6897]
      ],
      "capzone__title": "A",
      "capzone__caption": "capzone/bunker",
      "decal__height": 0.3
    }
  },
  {
    "entity": {
      "_template": "domination_box_capzone",
      "transform": [
        [19.0328,0.0,1.66448],
        [0.0,9.51516,-0.0],
        [-1.67654,0.0,19.1707],
        [217.587,27.048,31.5232]
      ],
      "capzone__title": "A",
      "capzone__caption": "capzone/bunker",
      "decal__height": 0.3
    }
  },
  {
    "entity": {
      "_template": "domination_box_capzone",
      "transform": [
        [19.0328,0.0,1.66448],
        [0.0,9.51516,-0.0],
        [-1.67654,0.0,19.1707],
        [646.394,19.0322,388.666]
      ],
      "capzone__title": "A",
      "capzone__caption": "capzone/bunker",
      "decal__height": 0.3
    }
  },
  {
    "entity": {
      "_template": "domination_box_capzone",
      "transform": [
        [19.0328,0.0,1.66448],
        [0.0,9.51516,-0.0],
        [-1.67654,0.0,19.1707],
        [-57.8739,14.563,-123.429]
      ],
      "capzone__title": "A",
      "capzone__caption": "capzone/bunker",
      "decal__height": 0.3
    }
  },
  {
    "entity": {
      "_template": "domination_box_capzone",
      "transform": [
        [19.0328,0.0,1.66448],
        [0.0,9.51516,-0.0],
        [-1.67654,0.0,19.1707],
        [-305.426,37.7866,-537.401]
      ],
      "capzone__title": "A",
      "capzone__caption": "capzone/bunker",
      "decal__height": 0.3
    }
  },
  {
    "import": {
      "scene": "content/enlisted/gamedata/scenes/_normandy_ardennes_common.blk"
    }
  }
]