[
  {
    "import": {
      "scene": "content/enlisted/gamedata/scenes/_normandy_sounds.blk"
    }
  },
  {
    "import": {
      "scene": "content/enlisted/gamedata/scenes/_normandy_shore_sound.blk"
    }
  },
  {
    "import": {
      "scene": "content/enlisted/gamedata/scenes/_normandy_coastal_area_fx.blk"
    }
  },
  {
    "entity": {
      "_template": "poly_battle_area",
      "transform": [
        [1.0,0.0,0.0],
        [0.0,1.0,0.0],
        [0.0,0.0,1.0],
        [0.0,0.0,0.0]
      ],
      "battle_area__team": 1,
      "battleAreaId": "area1",
      "poly_area__points:list<p3>": [
        {
          "item": [430.572,-8.55778,-366.755]
        },
        {
          "item": [428.424,-8.55778,-28.1608]
        },
        {
          "item": [330.024,-9.64018,-27.7053]
        },
        {
          "item": [235.17,-8.55778,-33.69]
        },
        {
          "item": [49.7724,-8.55778,-50.4053]
        },
        {
          "item": [-12.2227,-8.55778,-95.557]
        },
        {
          "item": [-4.36897,-8.55778,-378.672]
        },
        {
          "item": [177.338,-8.55778,-376.429]
        },
        {
          "item": [261.333,-8.55778,-373.281]
        }
      ]
    }
  },
  {
    "entity": {
      "_template": "poly_battle_area",
      "transform": [
        [1.0,0.0,0.0],
        [0.0,1.0,0.0],
        [0.0,0.0,1.0],
        [0.0,0.0,0.0]
      ],
      "battle_area__team": 2,
      "battleAreaId": "area2",
      "poly_area__points:list<p3>": [
        {
          "item": [-3.02901,-8.55778,-414.219]
        },
        {
          "item": [72.9863,-8.55778,-495.614]
        },
        {
          "item": [369.091,-8.55778,-493.647]
        },
        {
          "item": [430.953,-8.55778,-380.568]
        },
        {
          "item": [428.615,-8.55778,-276.726]
        },
        {
          "item": [301.84,-8.55778,-153.753]
        },
        {
          "item": [237.127,-8.55778,-93.4061]
        },
        {
          "item": [189.019,-8.55778,-37.9783]
        },
        {
          "item": [48.8664,-8.55778,-50.7343]
        },
        {
          "item": [-10.2889,-8.55778,-94.179]
        }
      ]
    }
  },
  {
    "entity": {
      "_template": "ford_gpa",
      "transform": [
        [-0.11898,-0.00390673,-0.992889],
        [-0.0079658,0.999964,-0.00298001],
        [0.992865,0.0075546,-0.119006],
        [327.636,-0.238363,-122.788]
      ]
    }
  },
  {
    "entity": {
      "_template": "ford_gpa",
      "transform": [
        [-0.485665,-0.00264062,0.874141],
        [0.00442184,0.999975,0.00547748],
        [-0.874134,0.00652554,-0.485642],
        [301.646,-0.22912,-406.261]
      ]
    }
  },
  {
    "entity": {
      "_template": "ford_gpa",
      "transform": [
        [-0.550866,0.0156579,0.834447],
        [0.0736696,0.996833,0.0299285],
        [-0.831336,0.0779599,-0.550275],
        [294.72,-0.118655,-407.392]
      ]
    }
  },
  {
    "entity": {
      "_template": "ford_gpa",
      "transform": [
        [0.382041,0.000216158,-0.924145],
        [0.00500072,0.999985,0.00230119],
        [0.924132,-0.00550054,0.382034],
        [319.615,-0.225552,-125.482]
      ]
    }
  },
  {
    "entity": {
      "_template": "ford_gpa",
      "transform": [
        [-0.998055,-0.00659706,0.061985],
        [-0.00443565,0.999379,0.0349431],
        [-0.062177,0.0346002,-0.997465],
        [302.787,-0.213418,-122.038]
      ]
    }
  },
  {
    "entity": {
      "_template": "ford_gpa",
      "transform": [
        [0.376701,-0.0582613,-0.924501],
        [-0.0177371,0.997384,-0.0700815],
        [0.926165,0.0427977,0.374682],
        [183.15,0.96839,-166.915]
      ]
    }
  },
  {
    "entity": {
      "_template": "ford_gpa",
      "transform": [
        [-0.192479,0.0542914,0.979798],
        [0.0522741,0.997618,-0.0450097],
        [-0.979908,0.0425546,-0.194858],
        [160.344,2.63535,-398.628]
      ]
    }
  },
  {
    "entity": {
      "_template": "ford_gpa",
      "transform": [
        [-0.146422,0.00350812,-0.989216],
        [-0.153627,0.987781,0.0262426],
        [0.97722,0.155813,-0.144094],
        [355.638,2.19038,-173.595]
      ]
    }
  },
  {
    "entity": {
      "_template": "ford_gpa",
      "transform": [
        [-0.741357,-0.0349209,0.670202],
        [-0.0692778,0.997292,-0.0246689],
        [-0.667526,-0.0647186,-0.741769],
        [306.962,0.0224665,-398.971]
      ]
    }
  },
  {
    "entity": {
      "_template": "aircraft_box_battle_area",
      "transform": [
        [11309.1,0.0,-345.863],
        [0.0,8000.03,0.0],
        [345.334,0.0,11309.1],
        [218.476,240.777,-246.93]
      ],
      "battle_area__team": -1
    }
  },
  {
    "entity": {
      "_template": "level",
      "level__blk": "content/enlisted/levels/normandy_coastal_area_1x1.blk",
      "level__timeVec:array": [
        {
          "level__timeVec": 4.5
        },
        {
          "level__timeVec": 5.5
        },
        {
          "level__timeVec": 6.3
        },
        {
          "level__timeVec": 6.5
        },
        {
          "level__timeVec": 18.5
        }
      ],
      "level__weatherChoice:object": {
        "weather_cloudy_d": 1.0
      }
    }
  },
  {
    "entity": {
      "_template": "minimap_normandy_coastal_area"
    }
  },
  {
    "entity": {
      "_template": "water",
      "water__strength": 0.27
    }
  },
  {
    "entity": {
      "_template": "wind",
      "wind__strength": 2.0
    }
  },
  {
    "entity": {
      "_template": "session_finalizer",
      "session_finalizer__timer": 10.0
    }
  },
  {
    "entity": {
      "_template": "door_mult_ent_generator",
      "ri_extra_gen__blk": "content/enlisted/gamedata/normandy_doors.blk"
    }
  },
  {
    "entity": {
      "_template": "shaderVars",
      "shader_vars__vars:object": {
        "hmap_displacement_up": 0.3,
        "ocean1": [0.267,0.251,0.125,0.0],
        "ocean0": [0.278,0.247,0.129,0.0],
        "ocean_density": 0.4,
        "puddle_hardness": 33.0,
        "puddle_flat_noise_normal_effect": 0.015,
        "puddle_flat_normal_hardness": 45.0,
        "land_selfillum_worldscale": 0.9,
        "river1": [0.247,0.267,0.204,0.0],
        "river0": [0.392,0.396,0.29,0.0],
        "hmap_displacement_down": -0.15,
        "puddle_flat_hmap_reduce": -0.0095,
        "leaves_ss_profile": [0.514,0.569,0.447,0.0],
        "autodetect_land_selfillum_color": [0.53,0.0,0.0,0.16],
        "paint_details_tex": "normandy_wall_color_tex_palette*",
        "puddle_increase": -0.02,
        "land_selfillum_strength": 32.0,
        "water_color_noise_size": 737.0,
        "puddle_flat_noise_height_reduce": 0.09,
        "water_depth_hardness": 0.1,
        "max_river_width": 50.0,
        "river_density": 5.0
      }
    }
  },
  {
    "entity": {
      "_template": "postfx_color_grading_tonemap_death_alive_enlisted"
    }
  },
  {
    "entity": {
      "_template": "bloom"
    }
  },
  {
    "entity": {
      "_template": "postfx_roundctrl"
    }
  },
  {
    "entity": {
      "_template": "enemy_attack_marker"
    }
  },
  {
    "entity": {
      "_template": "static_cam",
      "camera__active": true,
      "transform": [
        [0.849437,-0.000291186,-0.527688],
        [0.0693048,0.991399,0.111015],
        [0.523117,-0.130872,0.842151],
        [273.705,11.5859,-341.325]
      ]
    }
  },
  {
    "entity": {
      "_template": "respawn_camera",
      "respawnCameraForTeam": 1,
      "moveCameraToHeight": 170.0,
      "respawnSelectorDistanceMult": 1.5,
      "transform": [
        [1.0,0.0,0.0],
        [0.0,1.0,0.0],
        [0.0,0.0,1.0],
        [584.956,179.43,59.9763]
      ]
    }
  },
  {
    "entity": {
      "_template": "respawn_camera",
      "respawnCameraForTeam": 2,
      "moveCameraToHeight": 170.0,
      "respawnSelectorDistanceMult": 1.5,
      "transform": [
        [1.0,0.0,0.0],
        [0.0,1.0,0.0],
        [0.0,0.0,1.0],
        [294.815,173.735,-685.64]
      ]
    }
  },
  {
    "entity": {
      "_template": "briefing_domination",
      "mission_name": "normandy_coast_swamp_dom",
      "mission_outfit": "normandy",
      "loading_images:list<t>": [
        {
          "item": "ui/normandy_coast_swamp_01.avif"
        },
        {
          "item": "ui/normandy_coast_swamp_02.avif"
        },
        {
          "item": "ui/normandy_coast_swamp_03.avif"
        }
      ]
    }
  },
  {
    "entity": {
      "_template": "spawn_switcher",
      "swapProbability": 0.5,
      "team1": 2,
      "team2": 1
    }
  },
  {
    "entity": {
      "_template": "team_usa+team_narrator_domination+respawn_creators_team",
      "team__id": 1,
      "team__score": 2500.0,
      "team__scoreCap": 2500.0,
      "score_bleed__domBleed": 4.0,
      "score_bleed__domBleedOn": false,
      "score_bleed__totalDomZoneCount": 3,
      "score_bleed__totalDomBleedMul": 2.0,
      "score_bleed__totalDomBleedOn": false,
      "team__briefing": "domination/common_goals",
      "team__numZonesCaptured": 0,
      "team__deathPenalty": 2.0,
      "team__spawnBotArmy": "normandy_allies"
    }
  },
  {
    "entity": {
      "_template": "team_germany+team_narrator_domination+respawn_creators_team",
      "team__id": 2,
      "team__score": 2500.0,
      "team__scoreCap": 2500.0,
      "score_bleed__domBleed": 4.0,
      "score_bleed__domBleedOn": false,
      "score_bleed__totalDomZoneCount": 3,
      "score_bleed__totalDomBleedMul": 2.0,
      "score_bleed__totalDomBleedOn": false,
      "team__briefing": "domination/common_goals",
      "team__numZonesCaptured": 0,
      "team__deathPenalty": 2.0,
      "team__spawnBotArmy": "normandy_axis"
    }
  },
  {
    "entity": {
      "_template": "domination_sphere_capzone",
      "transform": [
        [0.999939,0.0,-0.0110172],
        [0.0,1.0,0.0],
        [0.0110172,0.0,0.999939],
        [124.964,2.63513,-326.173]
      ],
      "capzone__caption": "capzone/farm_house",
      "ui_order": 1,
      "sphere_zone__radius": 15.0,
      "decal__height": 1.0,
      "capzone__title": "A",
      "capzone__iconOffsetY": 2.3
    }
  },
  {
    "entity": {
      "_template": "domination_sphere_capzone",
      "transform": [
        [0.991428,0.0,0.130648],
        [0.0,1.0,-0.0],
        [-0.141527,0.0,1.07398],
        [316.641,2.1712,-283.805]
      ],
      "capzone__caption": "capzone/railway_gun",
      "ui_order": 2,
      "sphere_zone__radius": 27.0,
      "capzone__title": "B",
      "decal__height": 2.0,
      "capzone__iconOffsetY": 3.0
    }
  },
  {
    "entity": {
      "_template": "domination_sphere_capzone",
      "transform": [
        [0.501924,0.0,0.823301],
        [0.0,1.0,0.0],
        [-0.943135,0.0,0.571154],
        [200.405,2.41449,-144.802]
      ],
      "capzone__caption": "capzone/bunker",
      "ui_order": 3,
      "sphere_zone__radius": 20.0,
      "decal__height": 2.0,
      "capzone__title": "C",
      "capzone__iconOffsetY": 2.0
    }
  },
  {
    "entity": {
      "_template": "respawnChooser+respTeam1",
      "transform": [
        [-0.793802,0.0854253,-0.602147],
        [0.0680594,0.996345,0.0516273],
        [-0.604357,0.0,0.796713],
        [383.081,7.29698,-173.367]
      ],
      "respawnBaseGroup": 2
    }
  },
  {
    "entity": {
      "_template": "respawnChooser+respTeam1",
      "transform": [
        [-0.0502321,0.0854253,-0.995077],
        [0.00430682,0.996345,0.0853165],
        [-0.998728,0.0,0.0504153],
        [324.805,1.26623,-94.7272]
      ]
    }
  },
  {
    "entity": {
      "_template": "respawnChooser+respTeam1",
      "transform": [
        [-0.955715,0.0854253,-0.281623],
        [0.0819417,0.996345,0.0241461],
        [-0.282658,0.0,0.959221],
        [313.018,1.36034,-94.2963]
      ]
    }
  },
  {
    "entity": {
      "_template": "respawnChooser+respTeam2",
      "transform": [
        [-0.424792,0.0854253,0.901251],
        [0.0364213,0.996345,-0.077272],
        [0.904558,0.0,0.42635],
        [328.368,1.11855,-403.465]
      ],
      "respawnBaseGroup": 2
    }
  },
  {
    "entity": {
      "_template": "respawnChooser+respTeam2",
      "transform": [
        [-0.546185,0.0854253,0.833297],
        [0.0468293,0.996345,-0.0714457],
        [0.836354,0.0,0.54819],
        [324.169,1.49777,-409.263]
      ],
      "respawnBaseGroup": 2
    }
  },
  {
    "entity": {
      "_template": "respawnChooser+respTeam2",
      "transform": [
        [0.358571,0.0854253,0.929584],
        [-0.0307434,0.996345,-0.0797013],
        [0.932995,0.0,-0.359888],
        [194.259,3.23394,-424.483]
      ]
    }
  },
  {
    "entity": {
      "_template": "respawnChooser+respVehicle+vehicle_resp_soft_ground_collision",
      "transform": [
        [-0.315404,0.0854253,-0.945105],
        [0.0270422,0.996345,0.0810321],
        [-0.948573,0.0,0.31656],
        [405.368,10.3526,-61.7589]
      ],
      "team": 1,
      "respawnBaseGroup": 1,
      "maxVehicleOnSpawn": 2,
      "respTime": 120
    }
  },
  {
    "entity": {
      "_template": "respawnChooser+respVehicle+vehicle_resp_soft_ground_collision",
      "transform": [
        [-0.0345142,0.0854253,0.995747],
        [0.00295928,0.996345,-0.0853739],
        [0.999401,0.0,0.0346415],
        [257.593,3.92245,-471.891]
      ],
      "team": 2,
      "respawnBaseGroup": 1,
      "maxVehicleOnSpawn": 2,
      "respTime": 120
    }
  },
  {
    "entity": {
      "_template": "resupply_for_ground_vehicle_zone",
      "transform": [
        [0.920699,0.0,-0.390273],
        [0.0,1.0,0.0],
        [0.390273,0.0,0.920699],
        [109.84,5.38866,-106.501]
      ],
      "resupply_zone__team": 1
    }
  },
  {
    "entity": {
      "_template": "resupply_for_ground_vehicle_zone",
      "transform": [
        [0.920699,0.0,-0.390273],
        [0.0,1.0,0.0],
        [0.390273,0.0,0.920699],
        [46.9876,12.0621,-291.083]
      ],
      "resupply_zone__team": 2
    }
  },
  {
    "entity": {
      "_template": "respAircraftInAir",
      "respawnbaseType": "aircraft_fighter",
      "transform": [
        [0.0296629,0.0,-0.99956],
        [0.0,1.0,0.0],
        [0.99956,-0.0,0.0296629],
        [90.3826,1000.0,3350.17]
      ],
      "team": 1,
      "maxVehicleOnSpawn": 1,
      "respTime": 120
    }
  },
  {
    "entity": {
      "_template": "respAircraftInAir",
      "respawnbaseType": "aircraft_assault",
      "transform": [
        [0.0530795,0.0,-0.99859],
        [0.0,1.0,0.0],
        [0.99859,-0.0,0.0530796],
        [110.674,800.0,3484.64]
      ],
      "team": 1,
      "maxVehicleOnSpawn": 1,
      "respTime": 120
    }
  },
  {
    "entity": {
      "_template": "respAircraftInAir",
      "respawnbaseType": "aircraft_fighter",
      "transform": [
        [0.0577396,0.0,-0.998331],
        [0.0,1.0,0.0],
        [0.998331,-0.0,0.0577396],
        [234.805,1000.0,3331.21]
      ],
      "team": 1,
      "maxVehicleOnSpawn": 1,
      "respTime": 120
    }
  },
  {
    "entity": {
      "_template": "respAircraftInAir",
      "respawnbaseType": "aircraft_assault",
      "transform": [
        [0.0998084,0.0,-0.995007],
        [0.0,1.0,0.0],
        [0.995007,-0.0,0.0998084],
        [267.587,800.0,3323.45]
      ],
      "team": 1,
      "maxVehicleOnSpawn": 1,
      "respTime": 120
    }
  },
  {
    "entity": {
      "_template": "resupply_in_air_zone",
      "transform": [
        [-0.999999,0.0,-0.000445871],
        [0.0,1.0,0.0],
        [0.000445871,0.0,-0.999999],
        [1942.7,718.523,2151.95]
      ],
      "resupply_zone__team": 1
    }
  },
  {
    "entity": {
      "_template": "respAircraftInAir",
      "respawnbaseType": "aircraft_fighter",
      "transform": [
        [-0.0618213,0.0,0.998088],
        [0.0,1.0,0.0],
        [-0.998088,0.0,-0.0618213],
        [481.791,1023.92,-3760.74]
      ],
      "team": 2,
      "maxVehicleOnSpawn": 1,
      "respTime": 120
    }
  },
  {
    "entity": {
      "_template": "respAircraftInAir",
      "respawnbaseType": "aircraft_assault",
      "transform": [
        [-0.0690596,0.0,0.997612],
        [0.0,1.0,0.0],
        [-0.997612,0.0,-0.0690596],
        [348.464,823.92,-3894.42]
      ],
      "team": 2,
      "maxVehicleOnSpawn": 1,
      "respTime": 120
    }
  },
  {
    "entity": {
      "_template": "respAircraftInAir",
      "respawnbaseType": "aircraft_fighter",
      "transform": [
        [-0.0947437,0.0,0.995502],
        [0.0,1.0,0.0],
        [-0.995503,0.0,-0.0947437],
        [336.96,1023.92,-3813.95]
      ],
      "team": 2,
      "maxVehicleOnSpawn": 1,
      "respTime": 120
    }
  },
  {
    "entity": {
      "_template": "respAircraftInAir",
      "respawnbaseType": "aircraft_assault",
      "transform": [
        [-0.0422461,0.0,0.999108],
        [0.0,1.0,0.0],
        [-0.999108,0.0,-0.0422461],
        [507.385,823.92,-3839.38]
      ],
      "team": 2,
      "maxVehicleOnSpawn": 1,
      "respTime": 120
    }
  },
  {
    "entity": {
      "_template": "resupply_in_air_zone",
      "transform": [
        [0.327869,0.0,-0.944724],
        [0.0,1.0,0.0],
        [0.944724,0.0,0.327869],
        [-1566.22,726.198,-2453.79]
      ],
      "resupply_zone__team": 2
    }
  },
  {
    "entity": {
      "_template": "pzkpfw_vi_ausf_e_tiger_a_destroyed",
      "transform": [
        [0.928588,-0.00941901,0.370993],
        [0.0223671,0.999281,-0.030614],
        [-0.370438,0.0367258,0.928131],
        [268.286,-0.232569,-226.467]
      ]
    }
  },
  {
    "entity": {
      "_template": "pzkpfw_vi_ausf_e_tiger_a_destroyed",
      "transform": [
        [0.338625,0.0269834,0.940534],
        [0.00928818,0.999444,-0.0320176],
        [-0.940875,0.0195778,0.338187],
        [274.8,-0.250844,-359.665]
      ]
    }
  },
  {
    "entity": {
      "_template": "m4a2_sherman_1944_body_destroyed",
      "transform": [
        [0.811005,-0.0122696,0.584911],
        [0.0110412,0.999923,0.0056661],
        [-0.584935,0.00186287,0.811078],
        [197.911,-0.407927,-315.773]
      ]
    }
  },
  {
    "entity": {
      "_template": "pzkpfw_v_ausf_g_panther_a_destroyed",
      "transform": [
        [0.889054,-0.000230663,-0.457802],
        [0.0154415,0.999446,0.0294839],
        [0.457542,-0.033282,0.888565],
        [264.021,-0.235016,-276.909]
      ]
    }
  },
  {
    "entity": {
      "_template": "m4a2_sherman_1944_destroyed",
      "transform": [
        [-0.166675,0.0179232,-0.985849],
        [-0.0179232,0.999615,0.0212037],
        [0.985849,0.0212037,-0.166289],
        [188.13,-0.244201,-260.37]
      ]
    }
  },
  {
    "entity": {
      "_template": "m4a2_sherman_1944_destroyed",
      "transform": [
        [-0.34375,-0.00802754,-0.939027],
        [-0.0100052,0.999938,-0.00488564],
        [0.939008,0.00771573,-0.343809],
        [252.159,-0.289603,-148.761]
      ]
    }
  },
  {
    "entity": {
      "_template": "pzkpfw_vi_ausf_e_tiger_a_destroyed",
      "transform": [
        [-0.0120638,-0.0261268,0.999586],
        [0.0153062,0.999537,0.0263103],
        [-0.99981,0.0156172,-0.0116584],
        [198.045,-0.47053,-193.487]
      ]
    }
  },
  {
    "entity": {
      "_template": "fire_bonfire_huge_effect",
      "transform": [
        [1.0,0.0,0.0],
        [0.0,1.0,0.0],
        [0.0,0.0,1.0],
        [280.892,-1.46192,76.5882]
      ]
    }
  },
  {
    "entity": {
      "_template": "respawnChooser+respTeam1",
      "transform": [
        [-0.69575,0.0854253,-0.713187],
        [0.0596525,0.996345,0.0611477],
        [-0.715804,0.0,0.6983],
        [393.118,7.25813,-183.106]
      ],
      "respawnBaseGroup": 2
    }
  },
  {
    "entity": {
      "_template": "pzkpfw_v_ausf_g_panther_a_destroyed",
      "transform": [
        [0.919587,-0.0420072,0.390633],
        [0.0305657,0.998903,0.0354639],
        [-0.391694,-0.0206722,0.919863],
        [204.705,-0.179238,-229.323]
      ]
    }
  },
  {
    "entity": {
      "_template": "m4a2_sherman_1944_destroyed",
      "transform": [
        [0.177377,-0.0276081,0.983756],
        [-0.0127351,0.999458,0.030345],
        [-0.984061,-0.0179107,0.176929],
        [148.646,-0.202595,-237.113]
      ]
    }
  },
  {
    "entity": {
      "_template": "m4a2_sherman_1944_destroyed",
      "transform": [
        [-0.390243,0.0335277,-0.920101],
        [0.0136216,0.999438,0.0306413],
        [0.920611,-0.000575668,-0.390481],
        [255.526,-0.240963,-303.08]
      ]
    }
  },
  {
    "entity": {
      "_template": "m4a2_sherman_1944_destroyed",
      "transform": [
        [-0.617637,0.0118342,-0.786374],
        [0.0170016,0.999854,0.00169346],
        [0.78628,-0.0123237,-0.617748],
        [304.337,-0.23937,-215.933]
      ]
    }
  },
  {
    "entity": {
      "_template": "m4a2_sherman_1944_body_destroyed",
      "transform": [
        [-0.818291,0.0334561,-0.57383],
        [0.0282767,0.999439,0.0179474],
        [0.574108,-0.00153986,-0.818778],
        [326.097,-0.0827376,-153.531]
      ]
    }
  },
  {
    "entity": {
      "_template": "m4a2_sherman_1944_body_destroyed",
      "transform": [
        [-0.898751,0.00271305,0.438451],
        [0.0182711,0.999344,0.031269],
        [-0.438078,0.0361141,-0.898211],
        [287.355,-0.0921412,-338.31]
      ]
    }
  },
  {
    "entity": {
      "_template": "m4a2_sherman_1944_destroyed",
      "transform": [
        [0.619888,0.0391359,-0.783714],
        [-0.0534649,0.998541,0.0075749],
        [0.782867,0.0372056,0.621076],
        [239.726,-0.140909,-345.324]
      ]
    }
  },
  {
    "entity": {
      "_template": "pzkpfw_v_ausf_g_panther_a_destroyed",
      "transform": [
        [0.970085,4.55544e-05,0.242765],
        [0.0059804,0.999692,-0.0240851],
        [-0.242692,0.0248165,0.969786],
        [271.696,-0.24393,-161.433]
      ]
    }
  },
  {
    "entity": {
      "_template": "respawnChooser+respTeam2",
      "transform": [
        [-0.566609,0.0854253,0.819545],
        [0.0485804,0.996345,-0.0702666],
        [0.822553,0.0,0.568687],
        [184.595,3.50105,-419.434]
      ]
    }
  },
  {
    "entity": {
      "_template": "respawnChooser+respTeam1",
      "transform": [
        [-0.46695,0.0854253,-0.880148],
        [0.0400356,0.996345,0.0754626],
        [-0.883377,0.0,0.468662],
        [318.817,0.818519,-95.4964]
      ]
    }
  },
  {
    "entity": {
      "_template": "respawnChooser+respTeam1",
      "transform": [
        [-0.382445,0.0854253,-0.920021],
        [0.0327901,0.996345,0.0788814],
        [-0.923397,0.0,0.383845],
        [400.102,6.85399,-187.366]
      ],
      "respawnBaseGroup": 2
    }
  },
  {
    "entity": {
      "_template": "respawnChooser+respTeam2",
      "transform": [
        [-0.0896381,0.0854253,0.992302],
        [0.00768547,0.996345,-0.0850787],
        [0.995945,0.0,0.0899663],
        [190.37,3.23394,-423.902]
      ]
    }
  },
  {
    "entity": {
      "_template": "pzkpfw_v_ausf_g_panther_a_destroyed",
      "transform": [
        [-0.775092,-0.0223032,0.631455],
        [-0.0249371,0.999678,0.00469941],
        [-0.631356,-0.0121042,-0.775398],
        [206.248,-0.225705,-364.414]
      ]
    }
  },
  {
    "entity": {
      "_template": "m4a2_sherman_1944_body_destroyed",
      "transform": [
        [-0.745709,0.0226227,-0.665888],
        [0.0118808,0.999716,0.0206591],
        [0.666166,0.0074944,-0.745766],
        [224.482,-0.392394,-385.347]
      ]
    }
  },
  {
    "entity": {
      "_template": "pzkpfw_vi_ausf_e_tiger_a_destroyed",
      "transform": [
        [-0.239205,-0.00669672,0.970946],
        [0.0094347,0.999913,0.00922087],
        [-0.970923,0.0113663,-0.239121],
        [323.373,-0.266244,-194.949]
      ]
    }
  },
  {
    "entity": {
      "_template": "bf_109g_14_a_destroyed",
      "transform": [
        [0.071281,0.0076424,-0.997427],
        [-0.0347824,0.999382,0.00517167],
        [0.996849,0.0343243,0.0715024],
        [283.727,-0.212447,-205.352]
      ]
    }
  },
  {
    "entity": {
      "_template": "m4a2_sherman_1944_turret_destroyed",
      "transform": [
        [0.836052,0.00192665,-0.548647],
        [0.0362404,0.997616,0.0587279],
        [0.547452,-0.0689827,0.833989],
        [318.715,-0.258779,-161.871]
      ]
    }
  },
  {
    "entity": {
      "_template": "respawnChooser+respMotorcycle",
      "transform": [
        [-0.315404,0.0854253,-0.945105],
        [0.0270422,0.996345,0.0810321],
        [-0.948573,0.0,0.31656],
        [405.368,10.3526,-61.7589]
      ],
      "team": 1
    }
  },
  {
    "entity": {
      "_template": "respawnChooser+respMotorcycle",
      "transform": [
        [-0.0345142,0.0854253,0.995747],
        [0.00295928,0.996345,-0.0853739],
        [0.999401,0.0,0.0346415],
        [257.593,3.92245,-471.891]
      ],
      "team": 2
    }
  },
  {
    "entity": {
      "_template": "m4a2_sherman_1944_destroyed",
      "transform": [
        [0.868756,0.138532,-0.47547],
        [-0.16546,0.986102,-0.0150104],
        [0.466783,0.0917116,0.879604],
        [286.81,0.970129,-281.702]
      ]
    }
  },
  {
    "entity": {
      "_template": "pzkpfw_v_ausf_g_panther_a_destroyed",
      "transform": [
        [-0.012301,0.00414759,0.999916],
        [-0.0840116,0.996451,-0.00516673],
        [-0.996389,-0.0840681,-0.0119089],
        [370.007,4.19089,-297.544]
      ]
    }
  },
  {
    "entity": {
      "_template": "pzkpfw_vi_ausf_e_tiger_a_destroyed",
      "transform": [
        [-0.881144,-0.0752726,0.466818],
        [-0.0675495,0.997161,0.033285],
        [-0.467998,-0.00220444,-0.883727],
        [344.313,1.6824,-291.972]
      ]
    }
  },
  {
    "entity": {
      "_template": "m4a2_sherman_1944_body_destroyed",
      "transform": [
        [-0.72476,-0.0712274,-0.68531],
        [-0.0498739,0.997456,-0.0509253],
        [0.687194,-0.00272952,-0.726469],
        [347.619,2.22671,-248.895]
      ]
    }
  },
  {
    "entity": {
      "_template": "m4a2_sherman_1944_turret_destroyed",
      "transform": [
        [-0.721989,-0.15805,-0.673612],
        [-0.183006,0.982511,-0.0343781],
        [0.667264,0.0984543,-0.738285],
        [354.227,3.30024,-247.032]
      ]
    }
  },
  {
    "entity": {
      "_template": "m4a2_sherman_1944_destroyed",
      "transform": [
        [0.985891,0.15696,-0.0581539],
        [-0.155353,0.987366,0.0312155],
        [0.0623187,-0.0217407,0.997819],
        [349.623,2.12334,-288.085]
      ]
    }
  },
  {
    "entity": {
      "_template": "pzkpfw_v_ausf_g_panther_a_destroyed",
      "transform": [
        [0.914779,0.00390183,0.403935],
        [-0.00275266,0.99999,-0.00342559],
        [-0.403945,0.00202176,0.914781],
        [185.145,2.74624,-296.058]
      ]
    }
  },
  {
    "entity": {
      "_template": "pzkpfw_v_ausf_g_panther_a_destroyed",
      "transform": [
        [-0.662389,-0.00325717,0.749153],
        [-0.0488543,0.99805,-0.0388569],
        [-0.747565,-0.0623378,-0.661256],
        [166.13,3.19484,-375.946]
      ]
    }
  },
  {
    "entity": {
      "_template": "pzkpfw_vi_ausf_e_tiger_a_destroyed",
      "transform": [
        [-0.98528,0.0236001,-0.169314],
        [0.0226794,0.999716,0.00736953],
        [0.16944,0.0034211,-0.985535],
        [217.513,1.88941,-128.381]
      ]
    }
  },
  {
    "entity": {
      "_template": "m4a2_sherman_1944_destroyed",
      "transform": [
        [0.781405,-0.0186157,-0.623746],
        [-0.00170491,0.999488,-0.0319655],
        [0.624021,0.0260414,0.780973],
        [157.51,1.2409,-175.656]
      ]
    }
  }
]