[
  {
    "entity": {
      "_template": "poly_battle_area",
      "transform": [
        [1.0,0.0,0.0],
        [0.0,1.0,0.0],
        [0.0,0.0,1.0],
        [-317.545,2.44923,-1092.63]
      ],
      "battleAreaId": "1_area1",
      "battle_area__team": 2,
      "groupName": "sector_1",
      "poly_area__points:list<p3>": [
        {
          "item": [-375.03,-0.319912,-1120.74]
        },
        {
          "item": [-381.164,-0.319916,-1141.86]
        },
        {
          "item": [-387.142,-0.319908,-1150.8]
        },
        {
          "item": [-396.599,-0.319893,-1178.14]
        },
        {
          "item": [-398.833,0.0742035,-1204.05]
        },
        {
          "item": [-396.292,-0.0876312,-1219.19]
        },
        {
          "item": [-377.208,-0.00830078,-1241.57]
        },
        {
          "item": [-345.965,-0.0348511,-1263.91]
        },
        {
          "item": [-290.881,0.059906,-1273.98]
        },
        {
          "item": [-45.4662,-0.319885,-1286.83]
        },
        {
          "item": [-24.8336,-0.319885,-1145.89]
        },
        {
          "item": [-49.6151,-0.319946,-1072.52]
        },
        {
          "item": [-69.676,-0.319946,-986.493]
        },
        {
          "item": [-102.933,-0.320053,-975.236]
        },
        {
          "item": [-137.141,-0.320038,-984.674]
        },
        {
          "item": [-184.292,-0.320038,-986.402]
        },
        {
          "item": [-219.633,11.8462,-1010.08]
        },
        {
          "item": [-240.342,8.49858,-1010.01]
        },
        {
          "item": [-251.421,-0.320038,-1012.08]
        },
        {
          "item": [-260.508,-0.320038,-1031.58]
        },
        {
          "item": [-278.069,-0.320038,-1031.66]
        },
        {
          "item": [-303.698,-0.320038,-1046.71]
        },
        {
          "item": [-328.058,-0.320038,-1070.35]
        },
        {
          "item": [-346.546,-0.320038,-1085.55]
        },
        {
          "item": [-356.05,-0.320038,-1098.57]
        }
      ]
    }
  },
  {
    "entity": {
      "_template": "poly_battle_area",
      "transform": [
        [1.0,0.0,0.0],
        [0.0,1.0,0.0],
        [0.0,0.0,1.0],
        [-317.368,2.44923,-1093.42]
      ],
      "battleAreaId": "1_area2",
      "battle_area__team": 1,
      "groupName": "sector_1",
      "poly_area__points:list<p3>": [
        {
          "item": [-441.901,0.0136566,-1224.07]
        },
        {
          "item": [-401.135,0.0472717,-1239.1]
        },
        {
          "item": [-339.623,0.000228882,-1227.92]
        },
        {
          "item": [-316.394,-0.00102234,-1217.79]
        },
        {
          "item": [-274.859,0.0229797,-1195.27]
        },
        {
          "item": [-262.532,-0.0503387,-1181.08]
        },
        {
          "item": [-256.802,0.399979,-1170.23]
        },
        {
          "item": [-251.593,2.16741,-1157.63]
        },
        {
          "item": [-244.432,3.40427,-1154.64]
        },
        {
          "item": [-245.615,4.61092,-1134.03]
        },
        {
          "item": [-248.525,0.362419,-1112.22]
        },
        {
          "item": [-244.566,0.362419,-1083.95]
        },
        {
          "item": [-234.991,0.362411,-1055.9]
        },
        {
          "item": [-226.22,0.362411,-1014.17]
        },
        {
          "item": [-221.324,16.8496,-973.11]
        },
        {
          "item": [-239.968,13.8764,-938.227]
        },
        {
          "item": [-265.608,11.7748,-914.087]
        },
        {
          "item": [-320.0,9.42813,-881.88]
        },
        {
          "item": [-406.896,0.362396,-852.641]
        },
        {
          "item": [-523.493,0.362396,-892.881]
        },
        {
          "item": [-587.996,0.362396,-1016.58]
        },
        {
          "item": [-567.172,0.362396,-1122.15]
        },
        {
          "item": [-467.709,0.362396,-1202.75]
        }
      ]
    }
  },
  {
    "entity": {
      "_template": "poly_battle_area",
      "transform": [
        [1.0,0.0,0.0],
        [0.0,1.0,0.0],
        [0.0,0.0,1.0],
        [-379.459,2.31164,-1062.75]
      ],
      "battleAreaId": "2_area1",
      "battle_area__team": 2,
      "groupName": "sector_2",
      "poly_area__points:list<p3>": [
        {
          "item": [-303.717,7.90959,-956.652]
        },
        {
          "item": [-311.317,7.90959,-963.508]
        },
        {
          "item": [-325.726,7.90959,-965.066]
        },
        {
          "item": [-347.212,7.90959,-961.233]
        },
        {
          "item": [-368.64,7.90959,-984.732]
        },
        {
          "item": [-385.585,7.90959,-1004.71]
        },
        {
          "item": [-400.417,7.90959,-1013.91]
        },
        {
          "item": [-513.427,7.90959,-1075.3]
        },
        {
          "item": [-511.268,7.90961,-1102.77]
        },
        {
          "item": [-430.901,7.90961,-1189.94]
        },
        {
          "item": [-281.181,7.90961,-1254.34]
        },
        {
          "item": [-158.492,7.90964,-1237.63]
        },
        {
          "item": [-71.8382,7.90964,-1133.97]
        },
        {
          "item": [-132.271,7.90964,-1019.27]
        },
        {
          "item": [-218.297,7.90964,-950.834]
        },
        {
          "item": [-259.914,7.90964,-933.586]
        },
        {
          "item": [-283.662,7.90964,-945.727]
        }
      ]
    }
  },
  {
    "entity": {
      "_template": "poly_battle_area",
      "transform": [
        [1.0,0.0,0.0],
        [0.0,1.0,0.0],
        [0.0,0.0,1.0],
        [-380.743,2.31164,-1063.18]
      ],
      "battleAreaId": "2_area2",
      "battle_area__team": 1,
      "groupName": "sector_2",
      "poly_area__points:list<p3>": [
        {
          "item": [-421.753,7.90964,-790.446]
        },
        {
          "item": [-488.828,7.90964,-799.242]
        },
        {
          "item": [-525.006,7.90961,-802.865]
        },
        {
          "item": [-602.638,7.90973,-934.025]
        },
        {
          "item": [-562.316,7.90973,-1036.93]
        },
        {
          "item": [-527.115,7.90973,-1116.08]
        },
        {
          "item": [-486.67,7.90973,-1126.24]
        },
        {
          "item": [-366.21,7.90973,-1059.21]
        },
        {
          "item": [-344.066,7.90973,-1046.65]
        },
        {
          "item": [-331.371,7.90973,-1045.3]
        },
        {
          "item": [-321.754,7.90973,-1048.41]
        },
        {
          "item": [-296.482,7.90973,-1028.54]
        },
        {
          "item": [-272.413,7.90973,-1008.94]
        },
        {
          "item": [-263.441,7.90973,-998.635]
        },
        {
          "item": [-263.072,7.90973,-988.395]
        },
        {
          "item": [-248.562,7.90973,-969.895]
        },
        {
          "item": [-252.346,7.90973,-932.208]
        },
        {
          "item": [-280.165,7.90973,-898.031]
        },
        {
          "item": [-261.519,7.90973,-835.699]
        },
        {
          "item": [-321.779,7.90973,-786.749]
        }
      ]
    }
  },
  {
    "entity": {
      "_template": "poly_battle_area",
      "transform": [
        [1.0,0.0,0.0],
        [0.0,1.0,0.0],
        [0.0,0.0,1.0],
        [-440.45,5.78069,-855.807]
      ],
      "groupName": "sector_3",
      "battleAreaId": "3_area1",
      "battle_area__team": 2,
      "poly_area__points:list<p3>": [
        {
          "item": [-444.005,4.3199,-850.408]
        },
        {
          "item": [-476.378,2.91681,-856.652]
        },
        {
          "item": [-510.802,1.98404,-865.557]
        },
        {
          "item": [-561.828,7.08176,-902.966]
        },
        {
          "item": [-604.348,7.08176,-976.457]
        },
        {
          "item": [-520.194,7.08176,-1165.28]
        },
        {
          "item": [-373.271,7.08176,-1239.57]
        },
        {
          "item": [-293.799,7.08176,-1221.69]
        },
        {
          "item": [-238.559,7.08176,-1170.91]
        },
        {
          "item": [-198.834,7.08173,-1099.62]
        },
        {
          "item": [-157.293,7.08173,-992.719]
        },
        {
          "item": [-149.826,7.0817,-929.934]
        },
        {
          "item": [-166.434,7.0817,-884.539]
        },
        {
          "item": [-205.421,7.08171,-871.59]
        },
        {
          "item": [-238.652,7.0817,-873.601]
        },
        {
          "item": [-261.367,7.0817,-867.004]
        },
        {
          "item": [-279.196,7.0817,-874.289]
        },
        {
          "item": [-287.246,7.0817,-887.654]
        },
        {
          "item": [-355.681,7.0817,-870.097]
        },
        {
          "item": [-376.988,7.0817,-852.316]
        },
        {
          "item": [-415.546,7.08192,-851.252]
        }
      ]
    }
  },
  {
    "entity": {
      "_template": "poly_battle_area",
      "transform": [
        [1.0,0.0,0.0],
        [0.0,1.0,0.0],
        [0.0,0.0,1.0],
        [-438.556,5.78069,-856.156]
      ],
      "groupName": "sector_3",
      "battleAreaId": "3_area2",
      "battle_area__team": 1,
      "poly_area__points:list<p3>": [
        {
          "item": [-350.47,18.5374,-704.011]
        },
        {
          "item": [-368.478,18.5374,-671.224]
        },
        {
          "item": [-444.115,18.5374,-645.486]
        },
        {
          "item": [-542.1,18.5374,-645.486]
        },
        {
          "item": [-581.527,18.5374,-683.437]
        },
        {
          "item": [-616.722,18.5374,-749.529]
        },
        {
          "item": [-640.344,18.5374,-793.261]
        },
        {
          "item": [-666.134,18.5374,-872.411]
        },
        {
          "item": [-617.174,18.5374,-934.633]
        },
        {
          "item": [-555.615,18.5374,-978.133]
        },
        {
          "item": [-500.538,18.5374,-972.92]
        },
        {
          "item": [-457.635,18.5374,-967.262]
        },
        {
          "item": [-433.508,3.13716,-955.805]
        },
        {
          "item": [-412.531,3.32103,-937.478]
        },
        {
          "item": [-395.09,3.02161,-925.104]
        },
        {
          "item": [-361.768,18.5374,-894.745]
        },
        {
          "item": [-318.878,18.5374,-841.91]
        },
        {
          "item": [-287.275,18.5374,-790.615]
        },
        {
          "item": [-283.524,18.5374,-742.593]
        }
      ]
    }
  },
  {
    "entity": {
      "_template": "gmc_353_a",
      "transform": [
        [-0.934134,0.031643,0.355517],
        [-0.0199512,0.989876,-0.140527],
        [-0.356364,-0.138364,-0.924045],
        [-191.361,1.98325,-1171.3]
      ]
    }
  },
  {
    "entity": {
      "_template": "willys_mb",
      "transform": [
        [-0.781778,-0.00330924,0.623547],
        [-0.037175,0.998455,-0.0413096],
        [-0.622447,-0.0554754,-0.780693],
        [-185.516,2.14963,-1170.04]
      ]
    }
  },
  {
    "entity": {
      "_template": "willys_mb",
      "transform": [
        [-0.734073,0.190603,0.651772],
        [-0.00175915,0.959264,-0.282507],
        [-0.679068,-0.208527,-0.703835],
        [-192.24,10.6128,-1056.6]
      ]
    }
  },
  {
    "entity": {
      "_template": "ford_gpa",
      "transform": [
        [-0.483158,0.0688837,0.872819],
        [-0.110893,0.984057,-0.139049],
        [-0.868482,-0.163972,-0.467817],
        [-281.239,4.06375,-1112.39]
      ]
    }
  },
  {
    "entity": {
      "_template": "ford_gpa",
      "transform": [
        [-0.114715,0.212101,0.970492],
        [-0.0947183,0.970155,-0.223223],
        [-0.988873,-0.11753,-0.091201],
        [-263.462,2.12418,-1143.62]
      ]
    }
  },
  {
    "entity": {
      "_template": "ford_gpa",
      "transform": [
        [0.0796318,0.0830803,0.993356],
        [-0.145959,0.986752,-0.0708272],
        [-0.986081,-0.139349,0.0907031],
        [-259.306,4.14189,-1144.31]
      ]
    }
  },
  {
    "entity": {
      "_template": "willys_mb",
      "transform": [
        [-0.504009,0.0487252,0.862323],
        [-0.0511431,0.994972,-0.0861125],
        [-0.862183,-0.0875033,-0.498983],
        [-294.267,3.95523,-1036.03]
      ]
    }
  },
  {
    "entity": {
      "_template": "willys_mb",
      "transform": [
        [-0.0347129,0.0341804,0.998813],
        [-0.0531729,0.997936,-0.0359984],
        [-0.997982,-0.0543594,-0.0328238],
        [-310.371,3.79278,-1021.88]
      ]
    }
  },
  {
    "entity": {
      "_template": "gmc_353_b",
      "transform": [
        [-0.787058,0.00489892,0.61686],
        [0.0268065,0.999296,0.0262667],
        [-0.616296,0.0372093,-0.786635],
        [-312.804,3.69484,-1004.78]
      ]
    }
  },
  {
    "entity": {
      "_template": "ford_gpa",
      "transform": [
        [-0.782649,-0.0908315,0.6158],
        [-0.138411,0.989923,-0.0298979],
        [-0.606879,-0.108633,-0.787335],
        [-380.786,3.2272,-1003.32]
      ]
    }
  },
  {
    "entity": {
      "_template": "nissan_80",
      "transform": [
        [-0.581525,-0.0441358,-0.81233],
        [-0.0285999,0.999019,-0.0338052],
        [0.813026,0.00357404,-0.582217],
        [-394.327,3.39277,-934.82]
      ]
    }
  },
  {
    "entity": {
      "_template": "ford_gpa",
      "transform": [
        [0.220762,-0.0862578,-0.971506],
        [0.0429709,0.995975,-0.0786658],
        [0.974381,-0.0243801,0.22358],
        [-428.857,2.05949,-958.298]
      ]
    }
  },
  {
    "entity": {
      "_template": "nissan_80",
      "transform": [
        [-0.482862,-0.0377127,-0.874884],
        [0.00739903,0.998861,-0.0471405],
        [0.875665,-0.0292356,-0.482033],
        [-387.496,5.40961,-901.973]
      ]
    }
  },
  {
    "entity": {
      "_template": "gmc_353_b",
      "transform": [
        [-0.954036,-0.0629734,0.293003],
        [-0.115242,0.979589,-0.164698],
        [-0.27665,-0.190894,-0.941819],
        [-209.179,10.0698,-1050.68]
      ]
    }
  },
  {
    "entity": {
      "_template": "briefing_destruction",
      "mission_name": "pacific_new_georgia_bomb",
      "mission_outfit": "pacific",
      "loading_images:list<t>": [
        {
          "item": "ui/pacific_new_georgia_native_village_01.avif"
        },
        {
          "item": "ui/pacific_new_georgia_ship_02.avif"
        },
        {
          "item": "ui/pacific_new_georgia_japan_fortification_01.avif"
        }
      ]
    }
  },
  {
    "entity": {
      "_template": "enemy_attack_marker",
      "enemy_attack_marker__offset": -30.0
    }
  },
  {
    "entity": {
      "_template": "team_pacific_axis+team_narrator_destruction_attack+respawn_creators_team",
      "team__memberCount": 0.0,
      "team__scoreCap": 3750.0,
      "team__score": 3750.0,
      "team__squadSpawnCost": 250,
      "team__firstSpawnCostMul": 0.0,
      "team__zeroScoreFailTimer": 60.0,
      "team__id": 2,
      "team__briefing": "destruction/attackers_goals",
      "team__winSubtitle": "debriefing/won_invasion_destruction",
      "team__loseSubtitle": "debriefing/lost_invasion_destruction",
      "team__winTitle": "debriefing/jap_won_destruction_attack_title",
      "team__spawnBotArmy": "pacific_axis"
    }
  },
  {
    "entity": {
      "_template": "team_pacific_allies+team_narrator_destruction_defence+respawn_creators_team",
      "team__countAdd": 0.5,
      "team__memberCount": 0.5,
      "team__scoreCap": 3000.0,
      "team__capturePenalty": 1001.0,
      "team__score": 3000.0,
      "team__id": 1,
      "team__briefing": "destruction/defenders_goals",
      "team__winSubtitle": "debriefing/won_defence_destruction",
      "team__loseSubtitle": "debriefing/lost_defence_destruction",
      "team__winTitle": "debriefing/allies_won_destruction_defence_title",
      "team__spawnBotArmy": "pacific_allies"
    }
  },
  {
    "entity": {
      "_template": "respawn_camera",
      "respawnCameraForTeam": 2,
      "moveCameraToHeight": 300.0,
      "respawnSelectorDistanceMult": 1.0,
      "transform": [
        [1.0,0.0,0.0],
        [0.0,1.0,0.0],
        [0.0,0.0,1.0],
        [30.0,20.0,-1130.0]
      ]
    }
  },
  {
    "entity": {
      "_template": "respawn_camera",
      "respawnCameraForTeam": 1,
      "moveCameraToHeight": 300.0,
      "respawnSelectorDistanceMult": 1.0,
      "transform": [
        [1.0,0.0,0.0],
        [0.0,1.0,0.0],
        [0.0,0.0,1.0],
        [30.0,20.0,-1130.0]
      ]
    }
  },
  {
    "entity": {
      "_template": "resupply_for_ground_vehicle_zone",
      "transform": [
        [0.943273,0.0,-0.33202],
        [0.0,1.0,0.0],
        [0.33202,0.0,0.943273],
        [-91.2527,3.53449,-1225.95]
      ],
      "resupply_zone__team": 2,
      "groupName": "sector_1",
      "active": false
    }
  },
  {
    "entity": {
      "_template": "resupply_for_ground_vehicle_zone",
      "transform": [
        [0.943273,0.0,-0.33202],
        [0.0,1.0,0.0],
        [0.33202,0.0,0.943273],
        [-479.407,2.56731,-946.713]
      ],
      "resupply_zone__team": 1,
      "groupName": "sector_1",
      "active": false
    }
  },
  {
    "entity": {
      "_template": "group_activator",
      "activator__activateChoice:object": {
        "sector_1": 1.0
      }
    }
  },
  {
    "entity": {
      "_template": "bomb_site_zone_chained_sphere+defend_zone_respawnbase",
      "transform": [
        [1.0,0.0,0.0],
        [0.0,1.0,0.0],
        [0.0,0.0,1.0],
        [-350.827,3.24557,-1135.65]
      ],
      "capzone__capRewardPartCap": 1.8,
      "capzone__mustBeCapturedByTeam": 2,
      "groupName": "sector_1",
      "active": false,
      "ui_order": 0,
      "capzone__capReward": 500.0,
      "capzone__caption": "capzone/chief_house",
      "capzone__checkAllZonesInGroup": true,
      "capzone__deactivateAfterTimeout": 25.0,
      "capzone__spawnAtZoneTimeout": 25.0,
      "capzone__createRespawnBaseForTeam": 1,
      "capzone__createdRespawnBaseGroup": 3,
      "capzone__createRespawnBase": "respawnBaseGroupActivator",
      "capzone__plantingTeam": 2,
      "capzone__timeToPlant": 20.0,
      "capzone__timeToDefuse": 30.0,
      "capzone__timeToExplosion": 40.0,
      "capzone__bombTemplate": "bomb_site+bomb_site_radar_hardware_animchar_01",
      "capzone__bombTransformLocalPos": [
        [-0.879113,0.0,-0.476613],
        [0.0,1.0,0.0],
        [0.476613,0.0,-0.879113],
        [0.0,-0.274442,0.0]
      ],
      "capzone__iconOffsetY": 2.0,
      "capzone__activateChoice:object": {
        "sector_2": 1.0
      }
    }
  },
  {
    "entity": {
      "_template": "bomb_site_zone_chained_sphere+defend_zone_respawnbase",
      "transform": [
        [1.0,0.0,0.0],
        [0.0,1.0,0.0],
        [0.0,0.0,1.0],
        [-268.143,5.04306,-1069.61]
      ],
      "groupName": "sector_1",
      "capzone__capRewardPartCap": 1.8,
      "capzone__mustBeCapturedByTeam": 2,
      "capzone__caption": "capzone/warehouse",
      "active": false,
      "ui_order": 2,
      "capzone__owningTeam": 1,
      "capzone__capReward": 500.0,
      "capzone__checkAllZonesInGroup": true,
      "capzone__deactivateAfterTimeout": 25.0,
      "capzone__spawnAtZoneTimeout": 25.0,
      "capzone__createRespawnBaseForTeam": 1,
      "sphere_zone__radius": 10.0,
      "capzone__createdRespawnBaseGroup": 3,
      "capzone__createRespawnBase": "respawnBaseGroupActivator",
      "capzone__plantingTeam": 2,
      "capzone__timeToPlant": 20.0,
      "capzone__timeToDefuse": 30.0,
      "capzone__timeToExplosion": 40.0,
      "capzone__bombTemplate": "bomb_site+bomb_site_radar_hardware_animchar_04_without_antenna",
      "capzone__iconOffsetY": 2.0,
      "capzone__bombTransformLocalPos": [
        [0.687172,0.0,-0.726494],
        [0.0,1.0,0.0],
        [0.726494,-0.0,0.687172],
        [0.0,-0.212393,0.0]
      ],
      "capzone__activateChoice:object": {
        "sector_2": 1.0
      }
    }
  },
  {
    "entity": {
      "_template": "bomb_site_zone_chained_sphere+defend_zone_respawnbase",
      "transform": [
        [1.0,0.0,0.0],
        [0.0,1.0,0.0],
        [0.0,0.0,1.0],
        [-419.5,8.23333,-1061.46]
      ],
      "groupName": "sector_2",
      "capzone__capRewardPartCap": 1.8,
      "capzone__mustBeCapturedByTeam": 2,
      "capzone__caption": "capzone/ship",
      "active": false,
      "ui_order": 2,
      "capzone__owningTeam": 1,
      "capzone__capReward": 500.0,
      "capzone__checkAllZonesInGroup": true,
      "capzone__deactivateAfterTimeout": 25.0,
      "capzone__spawnAtZoneTimeout": 25.0,
      "capzone__createRespawnBaseForTeam": 1,
      "sphere_zone__radius": 15.5,
      "capzone__createdRespawnBaseGroup": 4,
      "capzone__createRespawnBase": "respawnBaseGroupActivator",
      "capzone__plantingTeam": 2,
      "capzone__timeToPlant": 20.0,
      "capzone__timeToDefuse": 30.0,
      "capzone__timeToExplosion": 40.0,
      "capzone__bombTemplate": "bomb_site+bomb_site_radar_hardware_animchar_02",
      "capzone__bombTransformLocalPos": [
        [1.0,0.0,0.0],
        [0.0,1.0,0.0],
        [0.0,0.0,1.0],
        [0.0,-0.183593,0.0]
      ],
      "capzone__iconOffsetY": 2.0,
      "capzone__activateChoice:object": {
        "sector_3": 1.0
      }
    }
  },
  {
    "entity": {
      "_template": "bomb_site_zone_chained_sphere+defend_zone_respawnbase",
      "transform": [
        [1.0,0.0,0.0],
        [0.0,1.0,0.0],
        [0.0,0.0,1.0],
        [-306.572,5.04155,-996.292]
      ],
      "groupName": "sector_2",
      "capzone__capRewardPartCap": 1.8,
      "capzone__mustBeCapturedByTeam": 2,
      "capzone__caption": "capzone/guest_house",
      "active": false,
      "ui_order": 2,
      "capzone__owningTeam": 1,
      "capzone__capReward": 500.0,
      "capzone__checkAllZonesInGroup": true,
      "capzone__deactivateAfterTimeout": 25.0,
      "capzone__spawnAtZoneTimeout": 25.0,
      "capzone__createRespawnBaseForTeam": 1,
      "sphere_zone__radius": 17.5,
      "capzone__createdRespawnBaseGroup": 4,
      "capzone__createRespawnBase": "respawnBaseGroupActivator",
      "capzone__plantingTeam": 2,
      "capzone__timeToPlant": 20.0,
      "capzone__timeToDefuse": 30.0,
      "capzone__timeToExplosion": 40.0,
      "capzone__bombTemplate": "bomb_site+bomb_site_radar_hardware_animchar_05_without_antenna",
      "capzone__bombTransformLocalPos": [
        [1.0,0.0,0.0],
        [0.0,1.0,0.0],
        [0.0,0.0,1.0],
        [0.0,-0.235199,0.0]
      ],
      "capzone__iconOffsetY": 1.5,
      "capzone__activateChoice:object": {
        "sector_3": 1.0
      }
    }
  },
  {
    "entity": {
      "_template": "bomb_site_zone_chained_sphere+defend_zone_respawnbase",
      "transform": [
        [-0.716539,0.0,0.697547],
        [0.0,1.0,0.0],
        [-0.697547,0.0,-0.716539],
        [-435.847,4.15296,-906.088]
      ],
      "capzone__capRewardPartCap": 1.8,
      "capzone__mustBeCapturedByTeam": 2,
      "groupName": "sector_3",
      "active": false,
      "ui_order": 3,
      "capzone__capReward": 500.0,
      "capzone__caption": "capzone/fortification",
      "capzone__checkAllZonesInGroup": true,
      "capzone__deactivateAfterTimeout": 25.0,
      "capzone__spawnAtZoneTimeout": 25.0,
      "capzone__createRespawnBaseForTeam": 1,
      "capzone__createdRespawnBaseGroup": 5,
      "capzone__createRespawnBase": "respawnBaseGroupActivator",
      "capzone__plantingTeam": 2,
      "capzone__timeToPlant": 20.0,
      "capzone__timeToDefuse": 30.0,
      "capzone__timeToExplosion": 40.0,
      "capzone__bombTemplate": "bomb_site+bomb_site_radar_hardware_animchar_01",
      "capzone__iconOffsetY": 2.0,
      "capzone__bombTransformLocalPos": [
        [-0.716539,0.0,0.697547],
        [0.0,1.0,0.0],
        [-0.697547,0.0,-0.716539],
        [0.0,-0.185607,0.0]
      ]
    }
  },
  {
    "entity": {
      "_template": "respawnChooser+respTeam2",
      "transform": [
        [-0.957323,0.0,0.28902],
        [0.0,1.0,0.0],
        [-0.28902,0.0,-0.957323],
        [-175.758,2.71909,-1088.99]
      ],
      "groupName": "sector_1"
    }
  },
  {
    "entity": {
      "_template": "respawnChooser+respTeam2",
      "transform": [
        [-0.991797,0.0,0.127825],
        [0.0,1.0,0.0],
        [-0.127825,0.0,-0.991797],
        [-173.204,2.7191,-1105.44]
      ],
      "groupName": "sector_1"
    }
  },
  {
    "entity": {
      "_template": "respawnChooser+respTeam2",
      "transform": [
        [-0.991797,0.0,0.127825],
        [0.0,1.0,0.0],
        [-0.127825,0.0,-0.991797],
        [-184.105,2.13191,-1128.31]
      ],
      "groupName": "sector_1"
    }
  },
  {
    "entity": {
      "_template": "respawnChooser+respVehicle",
      "transform": [
        [-0.946524,0.0,0.322632],
        [0.0,1.0,0.0],
        [-0.322632,0.0,-0.946524],
        [-92.2887,3.21985,-1225.25]
      ],
      "groupName": "sector_1",
      "maxVehicleOnSpawn": 2,
      "respTime": 120,
      "team": 2
    }
  },
  {
    "entity": {
      "_template": "respawnChooser+respTeam1",
      "transform": [
        [0.96061,0.0,-0.277898],
        [0.0,1.0,0.0],
        [0.277898,-0.0,0.96061],
        [-463.289,1.8941,-1063.66]
      ],
      "groupName": "sector_1"
    }
  },
  {
    "entity": {
      "_template": "respawnChooser+respTeam1",
      "transform": [
        [0.96061,0.0,-0.277898],
        [0.0,1.0,0.0],
        [0.277898,-0.0,0.96061],
        [-480.534,0.0177931,-1078.53]
      ],
      "groupName": "sector_1"
    }
  },
  {
    "entity": {
      "_template": "respawnChooser+respTeam1",
      "transform": [
        [0.999687,0.0,-0.0250376],
        [0.0,1.0,0.0],
        [0.0250376,-0.0,0.999686],
        [-351.659,5.49347,-1005.03]
      ],
      "groupName": "sector_1",
      "respawnBaseGroup": 2
    }
  },
  {
    "entity": {
      "_template": "respawnChooser+respTeam1",
      "transform": [
        [0.422563,0.0,-0.906334],
        [0.0,1.0,0.0],
        [0.906334,-0.0,0.422563],
        [-310.243,5.12749,-990.444]
      ],
      "groupName": "sector_1",
      "respawnBaseGroup": 2
    }
  },
  {
    "entity": {
      "_template": "respawnChooser+respTeam1",
      "transform": [
        [-0.977176,0.0,-0.212431],
        [0.0,1.0,0.0],
        [0.212431,0.0,-0.977176],
        [-313.057,2.04211,-1178.43]
      ],
      "groupName": "sector_2"
    }
  },
  {
    "entity": {
      "_template": "respawnChooser+respTeam2",
      "transform": [
        [-0.828082,0.0,0.560606],
        [0.0,1.0,0.0],
        [-0.560606,0.0,-0.828082],
        [-295.326,1.97938,-1161.25]
      ],
      "groupName": "sector_2"
    }
  },
  {
    "entity": {
      "_template": "respawnChooser+respTeam2",
      "transform": [
        [-0.0198531,0.0,0.999803],
        [0.0,1.0,0.0],
        [-0.999803,0.0,-0.0198531],
        [-237.701,5.51119,-1106.17]
      ],
      "groupName": "sector_2",
      "respawnBaseGroup": 2
    }
  },
  {
    "entity": {
      "_template": "respawnChooser+respTeam2",
      "transform": [
        [0.273586,0.0,0.961848],
        [0.0,1.0,-0.0],
        [-0.961848,0.0,0.273586],
        [-271.178,1.22775,-1141.66]
      ],
      "groupName": "sector_2",
      "respawnBaseGroup": 2
    }
  },
  {
    "entity": {
      "_template": "respawnChooser+respTeam1",
      "transform": [
        [-0.749557,0.0,-0.661939],
        [0.0,1.0,0.0],
        [0.66194,0.0,-0.749557],
        [-429.371,2.09854,-934.898]
      ],
      "groupName": "sector_2"
    }
  },
  {
    "entity": {
      "_template": "respawnChooser+respTeam1",
      "transform": [
        [0.912637,0.0,-0.40877],
        [0.0,1.0,0.0],
        [0.40877,-0.0,0.912637],
        [-455.372,2.49323,-940.067]
      ],
      "groupName": "sector_2"
    }
  },
  {
    "entity": {
      "_template": "respawnChooser+respTeam1",
      "transform": [
        [0.999938,0.0,0.0111289],
        [-0.0,1.0,0.0],
        [-0.0111289,-0.0,0.999938],
        [-396.002,6.19429,-880.719]
      ],
      "groupName": "sector_2",
      "respawnBaseGroup": 2
    }
  },
  {
    "entity": {
      "_template": "respawnChooser+respTeam1",
      "transform": [
        [0.833223,0.0,0.552937],
        [0.0,1.0,-0.0],
        [-0.552937,0.0,0.833223],
        [-416.637,2.5622,-929.589]
      ],
      "groupName": "sector_2",
      "respawnBaseGroup": 2
    }
  },
  {
    "entity": {
      "_template": "respawnChooser+respVehicle",
      "transform": [
        [-0.177431,0.0,0.984133],
        [0.0,1.0,0.0],
        [-0.984134,0.0,-0.177431],
        [-150.569,1.91614,-1107.22]
      ],
      "groupName": "sector_2",
      "maxVehicleOnSpawn": 2,
      "respTime": 120,
      "team": 2
    }
  },
  {
    "entity": {
      "_template": "respawnChooser+respVehicle",
      "transform": [
        [0.519505,0.0,-0.854467],
        [0.0,1.0,0.0],
        [0.854467,-0.0,0.519505],
        [-498.57,2.24668,-902.981]
      ],
      "groupName": "sector_2",
      "maxVehicleOnSpawn": 2,
      "respTime": 120,
      "team": 1
    }
  },
  {
    "entity": {
      "_template": "respawnChooser+respTeam2",
      "transform": [
        [-0.701254,0.0,0.712912],
        [0.0,1.0,0.0],
        [-0.712912,0.0,-0.701254],
        [-388.673,1.22112,-1046.48]
      ],
      "groupName": "sector_3"
    }
  },
  {
    "entity": {
      "_template": "respawnChooser+respTeam2",
      "transform": [
        [0.320238,0.0,0.947337],
        [0.0,1.0,-0.0],
        [-0.947337,0.0,0.320238],
        [-411.1,0.606852,-1053.29]
      ],
      "groupName": "sector_3"
    }
  },
  {
    "entity": {
      "_template": "respawnChooser+respTeam2",
      "transform": [
        [0.122433,0.0,0.992477],
        [0.0,1.0,-0.0],
        [-0.992477,0.0,0.122433],
        [-349.924,0.87287,-1028.46]
      ],
      "groupName": "sector_3",
      "respawnBaseGroup": 2
    }
  },
  {
    "entity": {
      "_template": "respawnChooser+respTeam2",
      "transform": [
        [-0.999969,0.0,0.00787006],
        [0.0,1.0,0.0],
        [-0.00787006,0.0,-0.999969],
        [-309.764,4.56537,-983.892]
      ],
      "groupName": "sector_3",
      "respawnBaseGroup": 2
    }
  },
  {
    "entity": {
      "_template": "respawnChooser+respTeam1",
      "transform": [
        [-0.835499,0.0,-0.549492],
        [0.0,1.0,0.0],
        [0.549492,0.0,-0.835499],
        [-438.071,5.4273,-766.044]
      ],
      "groupName": "sector_3"
    }
  },
  {
    "entity": {
      "_template": "respawnChooser+respTeam1",
      "transform": [
        [-0.0258025,0.0,-0.999667],
        [0.0,1.0,0.0],
        [0.999667,0.0,-0.0258025],
        [-404.25,9.80144,-767.947]
      ],
      "groupName": "sector_3"
    }
  },
  {
    "entity": {
      "_template": "respawnChooser+respTeam1",
      "transform": [
        [0.274756,0.0,-0.961514],
        [0.0,1.0,0.0],
        [0.961514,-0.0,0.274756],
        [-483.776,5.25175,-768.908]
      ],
      "groupName": "sector_3"
    }
  },
  {
    "entity": {
      "_template": "respawnChooser+respVehicle",
      "transform": [
        [-0.379781,0.0,0.925076],
        [0.0,1.0,0.0],
        [-0.925076,0.0,-0.379781],
        [-302.086,4.01588,-1070.66]
      ],
      "groupName": "sector_3",
      "maxVehicleOnSpawn": 2,
      "respTime": 120,
      "team": 2
    }
  },
  {
    "entity": {
      "_template": "respawnChooser+respVehicle",
      "transform": [
        [0.511386,0.0,-0.859351],
        [0.0,1.0,0.0],
        [0.859351,-0.0,0.511386],
        [-465.108,10.0874,-709.762]
      ],
      "groupName": "sector_3",
      "maxVehicleOnSpawn": 2,
      "respTime": 120,
      "team": 1
    }
  },
  {
    "entity": {
      "_template": "resupply_for_ground_vehicle_zone",
      "transform": [
        [0.943273,0.0,-0.33202],
        [0.0,1.0,0.0],
        [0.33202,0.0,0.943273],
        [-500.021,2.83274,-899.801]
      ],
      "resupply_zone__team": 1,
      "groupName": "sector_2",
      "active": false
    }
  },
  {
    "entity": {
      "_template": "resupply_for_ground_vehicle_zone",
      "transform": [
        [0.943273,0.0,-0.33202],
        [0.0,1.0,0.0],
        [0.33202,0.0,0.943273],
        [-151.816,1.96902,-1109.65]
      ],
      "resupply_zone__team": 2,
      "groupName": "sector_2",
      "active": false
    }
  },
  {
    "entity": {
      "_template": "resupply_for_ground_vehicle_zone",
      "transform": [
        [0.943273,0.0,-0.33202],
        [0.0,1.0,0.0],
        [0.33202,0.0,0.943273],
        [-300.793,4.91322,-1072.61]
      ],
      "resupply_zone__team": 2,
      "groupName": "sector_3",
      "active": false
    }
  },
  {
    "entity": {
      "_template": "resupply_for_ground_vehicle_zone",
      "transform": [
        [0.943273,0.0,-0.33202],
        [0.0,1.0,0.0],
        [0.33202,0.0,0.943273],
        [-468.37,11.1018,-704.404]
      ],
      "resupply_zone__team": 1,
      "groupName": "sector_3",
      "active": false
    }
  },
  {
    "entity": {
      "_template": "respawnBaseWithGroupOnCapturePoint",
      "transform": [
        [0.992479,0.0,0.122413],
        [0.0,1.0,-0.0],
        [-0.122413,0.0,0.992479],
        [-355.832,3.12097,-1142.73]
      ],
      "groupName": "sector_1",
      "respawnBaseGroup": 3,
      "team": 1,
      "active": false
    }
  },
  {
    "entity": {
      "_template": "respawnBaseWithGroupOnCapturePoint",
      "transform": [
        [0.992479,0.0,0.122413],
        [0.0,1.0,-0.0],
        [-0.122413,0.0,0.992479],
        [-353.011,3.12097,-1127.78]
      ],
      "groupName": "sector_1",
      "respawnBaseGroup": 3,
      "team": 1,
      "active": false
    }
  },
  {
    "entity": {
      "_template": "respawnBaseWithGroupOnCapturePoint",
      "transform": [
        [-0.0625954,0.0,-0.998039],
        [0.0,1.0,0.0],
        [0.998039,0.0,-0.0625954],
        [-282.022,4.89363,-1063.32]
      ],
      "groupName": "sector_1",
      "respawnBaseGroup": 3,
      "team": 1,
      "active": false
    }
  },
  {
    "entity": {
      "_template": "respawnBaseWithGroupOnCapturePoint",
      "transform": [
        [0.970849,0.0,-0.239694],
        [0.0,1.0,0.0],
        [0.239694,-0.0,0.970849],
        [-267.34,4.89362,-1057.97]
      ],
      "groupName": "sector_1",
      "respawnBaseGroup": 3,
      "team": 1,
      "active": false
    }
  },
  {
    "entity": {
      "_template": "respawnBaseWithGroupOnCapturePoint",
      "transform": [
        [0.992479,0.0,0.122413],
        [0.0,1.0,-0.0],
        [-0.122413,0.0,0.992479],
        [-429.295,8.21073,-1059.33]
      ],
      "groupName": "sector_2",
      "respawnBaseGroup": 4,
      "team": 1,
      "active": false
    }
  },
  {
    "entity": {
      "_template": "respawnBaseWithGroupOnCapturePoint",
      "transform": [
        [-0.624047,0.0,-0.781387],
        [0.0,1.0,0.0],
        [0.781387,0.0,-0.624047],
        [-399.997,6.05258,-1045.5]
      ],
      "groupName": "sector_2",
      "respawnBaseGroup": 4,
      "team": 1,
      "active": false
    }
  },
  {
    "entity": {
      "_template": "respawnBaseWithGroupOnCapturePoint",
      "transform": [
        [0.487078,0.0,-0.873359],
        [0.0,1.0,0.0],
        [0.873359,-0.0,0.487078],
        [-303.296,5.17456,-991.047]
      ],
      "groupName": "sector_2",
      "respawnBaseGroup": 4,
      "team": 1,
      "active": false
    }
  },
  {
    "entity": {
      "_template": "respawnBaseWithGroupOnCapturePoint",
      "transform": [
        [-0.948364,0.0,0.317184],
        [0.0,1.0,0.0],
        [-0.317184,0.0,-0.948364],
        [-299.534,5.05939,-1004.38]
      ],
      "groupName": "sector_2",
      "respawnBaseGroup": 4,
      "team": 1,
      "active": false
    }
  },
  {
    "entity": {
      "_template": "respawnBaseWithGroupOnCapturePoint",
      "transform": [
        [0.080143,0.0,-0.996783],
        [0.0,1.0,0.0],
        [0.996783,-0.0,0.080143],
        [-436.817,2.74268,-882.753]
      ],
      "groupName": "sector_3",
      "respawnBaseGroup": 5,
      "team": 1,
      "active": false
    }
  },
  {
    "entity": {
      "_template": "respawnBaseWithGroupOnCapturePoint",
      "transform": [
        [0.080143,0.0,-0.996783],
        [0.0,1.0,0.0],
        [0.996783,-0.0,0.080143],
        [-456.654,2.45075,-901.128]
      ],
      "groupName": "sector_3",
      "respawnBaseGroup": 5,
      "team": 1,
      "active": false
    }
  },
  {
    "entity": {
      "_template": "static_cam",
      "transform": [
        [0.230937,0.0,0.972969],
        [0.0,1.0,-0.0],
        [-0.972969,0.0,0.230937],
        [-266.09,11.8114,-1033.5]
      ],
      "camera__active": true
    }
  },
  {
    "entity": {
      "_template": "respawnChooser+respMotorcycle",
      "transform": [
        [-0.972955,0.0,0.230994],
        [0.0,1.0,0.0],
        [-0.230994,0.0,-0.972955],
        [-91.7689,3.14678,-1224.06]
      ],
      "groupName": "sector_1",
      "team": 2,
      "active": false
    }
  },
  {
    "entity": {
      "_template": "respawnChooser+respVehicle",
      "transform": [
        [0.96639,0.0,-0.25708],
        [0.0,1.0,0.0],
        [0.25708,-0.0,0.96639],
        [-478.852,2.38604,-946.974]
      ],
      "groupName": "sector_1",
      "team": 1,
      "maxVehicleOnSpawn": 2,
      "respTime": 120,
      "active": false
    }
  },
  {
    "entity": {
      "_template": "respawnChooser+respMotorcycle",
      "transform": [
        [0.967775,0.0,-0.251817],
        [0.0,1.0,0.0],
        [0.251817,-0.0,0.967775],
        [-478.984,2.40176,-946.697]
      ],
      "team": 1,
      "groupName": "sector_1",
      "active": false
    }
  },
  {
    "entity": {
      "_template": "respawnChooser+respMotorcycle",
      "transform": [
        [-0.0959965,0.0,0.995382],
        [0.0,1.0,0.0],
        [-0.995382,0.0,-0.0959965],
        [-151.238,2.04323,-1107.47]
      ],
      "groupName": "sector_2",
      "team": 2,
      "active": false
    }
  },
  {
    "entity": {
      "_template": "respawnChooser+respMotorcycle",
      "transform": [
        [0.5706,0.0,-0.821228],
        [0.0,1.0,0.0],
        [0.821228,-0.0,0.5706],
        [-498.036,2.4128,-902.689]
      ],
      "groupName": "sector_2",
      "team": 1,
      "active": false
    }
  },
  {
    "entity": {
      "_template": "respawnChooser+respMotorcycle",
      "transform": [
        [-0.198572,0.0,0.980086],
        [0.0,1.0,0.0],
        [-0.980086,0.0,-0.198572],
        [-301.135,4.13864,-1070.53]
      ],
      "groupName": "sector_3",
      "team": 2,
      "active": false
    }
  },
  {
    "entity": {
      "_template": "respawnChooser+respMotorcycle",
      "transform": [
        [0.54051,0.0,-0.841338],
        [0.0,1.0,0.0],
        [0.841338,-0.0,0.54051],
        [-464.624,10.1077,-709.402]
      ],
      "groupName": "sector_3",
      "team": 1,
      "active": false
    }
  },
  {
    "import": {
      "scene": "content/enlisted/gamedata/scenes/_pacific_new_georgia_common.blk"
    }
  }
]