[
  {
    "import": [
      {
        "scene": "content/enlisted/gamedata/scenes/_stalingrad_sounds.blk"
      },
      {
        "scene": "content/enlisted/gamedata/scenes/_stalingrad_city_biome_fx.blk"
      }
    ]
  },
  {
    "entity": {
      "_template": "shaderVars",
      "shader_vars__vars:object": {
        "puddle_hardness": 15.0,
        "puddle_flat_noise_normal_effect": 0.015,
        "puddle_flat_normal_hardness": 25.0,
        "layered_fog_density": 0.003,
        "puddle_flat_hmap_reduce": -0.2,
        "leaves_ss_profile": [1.0,1.0,1.0,0.0],
        "paint_details_tex": "stalingrad_city_wall_color_tex_palette*",
        "puddle_increase": 0.04,
        "puddle_flat_noise_height_reduce": 0.09
      }
    }
  },
  {
    "entity": {
      "_template": "postfx_color_grading_tonemap_death_alive_enlisted"
    }
  },
  {
    "entity": {
      "_template": "postfx_roundctrl"
    }
  },
  {
    "entity": {
      "_template": "wind",
      "wind__strength": 1.3,
      "wind__dir": 190.0
    }
  },
  {
    "entity": {
      "_template": "minimap_battle_of_stalingrad"
    }
  },
  {
    "entity": {
      "_template": "door_mult_ent_generator",
      "ri_extra_gen__blk": "content/e_stalingrad/gamedata/stalingrad_doors.blk"
    }
  },
  {
    "entity": {
      "_template": "session_finalizer",
      "session_finalizer__timer": 10.0
    }
  },
  {
    "entity": {
      "_template": "poly_battle_area",
      "transform": [
        [1.0,0.0,0.0],
        [0.0,1.0,0.0],
        [0.0,0.0,1.0],
        [0.0,0.0,0.0]
      ],
      "battle_area__timeToDamage": 10.0,
      "battle_area__damage": 1.0,
      "battle_area__team": 1,
      "battleAreaId": "area1"
    }
  },
  {
    "entity": {
      "_template": "battle_area_polygon_point",
      "transform": [
        [0.998987,0.0,-0.0449953],
        [0.0,1.0,0.0],
        [0.0449953,0.0,0.998987],
        [-84.7345,-2.92188,142.932]
      ],
      "battle_area_polygon_point__id": "point1",
      "battle_area_polygon_point__nextId": "point2",
      "battle_area_polygon_point__forBattleAreaId": "area1"
    }
  },
  {
    "entity": {
      "_template": "battle_area_polygon_point",
      "transform": [
        [0.998987,0.0,-0.0449953],
        [0.0,1.0,0.0],
        [0.0449953,0.0,0.998987],
        [120.483,-2.92188,150.307]
      ],
      "battle_area_polygon_point__id": "point2",
      "battle_area_polygon_point__nextId": "point3",
      "battle_area_polygon_point__forBattleAreaId": "area1"
    }
  },
  {
    "entity": {
      "_template": "battle_area_polygon_point",
      "transform": [
        [0.998987,0.0,-0.0449953],
        [0.0,1.0,0.0],
        [0.0449953,0.0,0.998987],
        [192.942,-2.92188,475.855]
      ],
      "battle_area_polygon_point__id": "point3",
      "battle_area_polygon_point__nextId": "point4",
      "battle_area_polygon_point__forBattleAreaId": "area1"
    }
  },
  {
    "entity": {
      "_template": "battle_area_polygon_point",
      "transform": [
        [0.998987,0.0,-0.0449953],
        [0.0,1.0,0.0],
        [0.0449953,0.0,0.998987],
        [-198.59,-2.92188,358.574]
      ],
      "battle_area_polygon_point__id": "point4",
      "battle_area_polygon_point__nextId": "point5",
      "battle_area_polygon_point__forBattleAreaId": "area1"
    }
  },
  {
    "entity": {
      "_template": "battle_area_polygon_point",
      "transform": [
        [0.998987,0.0,-0.0449953],
        [0.0,1.0,0.0],
        [0.0449953,0.0,0.998987],
        [-202.024,-2.92188,204.576]
      ],
      "battle_area_polygon_point__id": "point5",
      "battle_area_polygon_point__nextId": "point6",
      "battle_area_polygon_point__forBattleAreaId": "area1"
    }
  },
  {
    "entity": {
      "_template": "battle_area_polygon_point",
      "transform": [
        [0.998987,0.0,-0.0449953],
        [0.0,1.0,0.0],
        [0.0449953,0.0,0.998987],
        [-108.354,-2.92191,152.829]
      ],
      "battle_area_polygon_point__id": "point6",
      "battle_area_polygon_point__nextId": "point1",
      "battle_area_polygon_point__forBattleAreaId": "area1"
    }
  },
  {
    "entity": {
      "_template": "poly_battle_area",
      "transform": [
        [1.0,0.0,0.0],
        [0.0,1.0,0.0],
        [0.0,0.0,1.0],
        [0.0,0.0,0.0]
      ],
      "battle_area__timeToDamage": 10.0,
      "battle_area__damage": 1.0,
      "battle_area__team": 2,
      "battleAreaId": "area2"
    }
  },
  {
    "entity": {
      "_template": "battle_area_polygon_point",
      "transform": [
        [0.998987,0.0,-0.0449953],
        [0.0,1.0,0.0],
        [0.0449953,0.0,0.998987],
        [-177.694,-2.92188,195.985]
      ],
      "battle_area_polygon_point__id": "point1",
      "battle_area_polygon_point__nextId": "point2",
      "battle_area_polygon_point__forBattleAreaId": "area2"
    }
  },
  {
    "entity": {
      "_template": "battle_area_polygon_point",
      "transform": [
        [0.998987,0.0,-0.0449953],
        [0.0,1.0,0.0],
        [0.0449953,0.0,0.998987],
        [-161.757,-2.92188,110.541]
      ],
      "battle_area_polygon_point__id": "point2",
      "battle_area_polygon_point__nextId": "point3",
      "battle_area_polygon_point__forBattleAreaId": "area2"
    }
  },
  {
    "entity": {
      "_template": "battle_area_polygon_point",
      "transform": [
        [0.998987,0.0,-0.0449953],
        [0.0,1.0,0.0],
        [0.0449953,0.0,0.998987],
        [64.7083,-2.92188,-23.7187]
      ],
      "battle_area_polygon_point__id": "point3",
      "battle_area_polygon_point__nextId": "point4",
      "battle_area_polygon_point__forBattleAreaId": "area2"
    }
  },
  {
    "entity": {
      "_template": "battle_area_polygon_point",
      "transform": [
        [0.998987,0.0,-0.0449953],
        [0.0,1.0,0.0],
        [0.0449953,0.0,0.998987],
        [220.272,-2.92188,139.086]
      ],
      "battle_area_polygon_point__id": "point4",
      "battle_area_polygon_point__nextId": "point5",
      "battle_area_polygon_point__forBattleAreaId": "area2"
    }
  },
  {
    "entity": {
      "_template": "battle_area_polygon_point",
      "transform": [
        [0.998987,0.0,-0.0449953],
        [0.0,1.0,0.0],
        [0.0449953,0.0,0.998987],
        [240.088,-2.92194,293.55]
      ],
      "battle_area_polygon_point__id": "point5",
      "battle_area_polygon_point__nextId": "point6",
      "battle_area_polygon_point__forBattleAreaId": "area2"
    }
  },
  {
    "entity": {
      "_template": "battle_area_polygon_point",
      "transform": [
        [0.998987,0.0,-0.0449953],
        [0.0,1.0,0.0],
        [0.0449953,0.0,0.998987],
        [106.481,-2.92197,332.473]
      ],
      "battle_area_polygon_point__id": "point6",
      "battle_area_polygon_point__nextId": "point7",
      "battle_area_polygon_point__forBattleAreaId": "area2"
    }
  },
  {
    "entity": {
      "_template": "battle_area_polygon_point",
      "transform": [
        [0.998987,0.0,-0.0449953],
        [0.0,1.0,0.0],
        [0.0449953,0.0,0.998987],
        [-54.8138,-2.92189,342.486]
      ],
      "battle_area_polygon_point__id": "point7",
      "battle_area_polygon_point__nextId": "point8",
      "battle_area_polygon_point__forBattleAreaId": "area2"
    }
  },
  {
    "entity": {
      "_template": "battle_area_polygon_point",
      "transform": [
        [0.998987,0.0,-0.0449953],
        [0.0,1.0,0.0],
        [0.0449953,0.0,0.998987],
        [-71.6296,-2.92188,218.329]
      ],
      "battle_area_polygon_point__id": "point8",
      "battle_area_polygon_point__nextId": "point1",
      "battle_area_polygon_point__forBattleAreaId": "area2"
    }
  },
  {
    "entity": {
      "_template": "enemy_attack_marker",
      "transform": [
        [1.0,0.0,0.0],
        [0.0,1.0,0.0],
        [-0.0,0.0,1.0],
        [-57.1536,6.51757,232.543]
      ]
    }
  },
  {
    "entity": {
      "_template": "spawn_switcher",
      "swapProbability": 0.5,
      "team1": 2,
      "team2": 1
    }
  },
  {
    "entity": {
      "_template": "team_ussr+team_narrator_domination+respawn_creators_team",
      "team__id": 1,
      "team__score": 2800.0,
      "team__scoreCap": 2800.0,
      "score_bleed__domBleed": 0.0,
      "score_bleed__domBleedOn": false,
      "score_bleed__totalDomZoneCount": 5,
      "score_bleed__totalDomBleedMul": 2.0,
      "score_bleed__totalDomBleedOn": false,
      "team__briefing": "domination/common_goals",
      "team__numZonesCaptured": 0,
      "team__deathPenalty": 0.0,
      "team__spawnBotArmy": "moscow_allies"
    }
  },
  {
    "entity": {
      "_template": "team_germany_winter+team_narrator_domination+respawn_creators_team",
      "team__id": 2,
      "team__score": 2800.0,
      "team__scoreCap": 2800.0,
      "score_bleed__domBleed": 0.0,
      "score_bleed__domBleedOn": false,
      "score_bleed__totalDomZoneCount": 5,
      "score_bleed__totalDomBleedMul": 2.0,
      "score_bleed__totalDomBleedOn": false,
      "team__briefing": "domination/common_goals",
      "team__numZonesCaptured": 0,
      "team__deathPenalty": 0.0,
      "team__spawnBotArmy": "moscow_axis"
    }
  },
  {
    "entity": [
      {
        "_template": "domination_box_capzone"
      },
      {
        "transform": [
          [27.4532,0.0,-3.29887],
          [0.0,3.40527,0.0],
          [1.82842,0.0,13.8368],
          [-64.8851,6.89984,170.833]
        ]
      },
      {
        "capzone__title": "B"
      },
      {
        "capzone__title": "B"
      },
      {
        "capzone__caption": "capzone/hitlers_office"
      },
      {
        "decal__height": 0.5
      }
    ]
  },
  {
    "entity": [
      {
        "_template": "domination_box_capzone"
      },
      {
        "transform": [
          [1.34715,0.0,9.1892],
          [0.0,3.47757,0.0],
          [31.0445,0.0,-3.14362],
          [47.6992,8.55081,289.3]
        ]
      },
      {
        "capzone__title": "C"
      },
      {
        "capzone__title": "A"
      },
      {
        "capzone__caption": "capzone/chancellery_hall"
      },
      {
        "decal__height": 0.5
      },
      {
        "capzone__stopFailTimerForTeam": -1
      }
    ]
  },
  {
    "entity": {
      "_template": "respawnChooser+respTeam1",
      "transform": [
        [-0.987388,0.0,-0.158316],
        [0.0,1.0,0.0],
        [0.158316,0.0,-0.987388],
        [122.59,5.77155,430.334]
      ],
      "respawnBaseGroup": 1
    }
  },
  {
    "entity": {
      "_template": "respawnChooser+respTeam1",
      "transform": [
        [-0.946254,0.0,-0.323419],
        [0.0,1.0,0.0],
        [0.323419,0.0,-0.946254],
        [145.979,5.25312,424.492]
      ],
      "respawnBaseGroup": 1
    }
  },
  {
    "entity": {
      "_template": "respawnChooser+respTeam1",
      "transform": [
        [-0.946541,0.0,-0.322581],
        [0.0,1.0,0.0],
        [0.322581,0.0,-0.946541],
        [-132.822,7.32853,246.767]
      ],
      "respawnBaseGroup": 2
    }
  },
  {
    "entity": {
      "_template": "respawnChooser+respTeam1",
      "transform": [
        [-0.967269,0.0,-0.253747],
        [0.0,1.0,0.0],
        [0.253747,0.0,-0.967269],
        [133.429,5.44116,426.532]
      ],
      "respawnBaseGroup": 1
    }
  },
  {
    "entity": {
      "_template": "respawnChooser+respTeam1",
      "transform": [
        [-0.954765,0.0,-0.297357],
        [0.0,1.0,0.0],
        [0.297357,0.0,-0.954765],
        [-126.269,7.4455,246.118]
      ],
      "respawnBaseGroup": 2
    }
  },
  {
    "entity": {
      "_template": "respawnChooser+respTeam1",
      "transform": [
        [-0.944743,0.0,-0.327808],
        [0.0,1.0,0.0],
        [0.327808,0.0,-0.944743],
        [-118.436,7.88135,274.246]
      ],
      "respawnBaseGroup": 2
    }
  },
  {
    "entity": {
      "_template": "respawnChooser+respVehicle",
      "transform": [
        [-0.99082,0.0,-0.135178],
        [0.0,1.0,0.0],
        [0.135178,0.0,-0.99082],
        [-175.227,5.66467,287.083]
      ],
      "team": 1,
      "maxVehicleOnSpawn": 2,
      "respTime": 120,
      "respawnBaseGroup": 1
    }
  },
  {
    "entity": {
      "_template": "respawnChooser+respVehicle",
      "transform": [
        [0.71955,0.0,0.694438],
        [0.0,1.0,0.0],
        [-0.694438,0.0,0.71955],
        [42.7075,5.58456,18.1204]
      ],
      "team": 2,
      "maxVehicleOnSpawn": 2,
      "respTime": 120,
      "respawnBaseGroup": 1
    }
  },
  {
    "entity": {
      "_template": "respawnChooser+respTeam2",
      "transform": [
        [0.72638,0.0,0.687293],
        [0.0,1.0,0.0],
        [-0.687293,0.0,0.72638],
        [10.2297,7.45472,83.0829]
      ],
      "respawnBaseGroup": 1
    }
  },
  {
    "entity": {
      "_template": "respawnChooser+respTeam2",
      "transform": [
        [0.184469,0.0,-0.982839],
        [0.0,1.0,0.0],
        [0.982839,0.0,0.184469],
        [-60.9445,7.03103,95.0578]
      ],
      "respawnBaseGroup": 1
    }
  },
  {
    "entity": {
      "_template": "respawnChooser+respTeam2",
      "transform": [
        [0.251018,0.0,-0.967982],
        [0.0,1.0,0.0],
        [0.967982,0.0,0.251018],
        [20.4405,5.72172,95.4677]
      ],
      "respawnBaseGroup": 1
    }
  },
  {
    "entity": {
      "_template": "respawnChooser+respTeam2",
      "transform": [
        [0.473417,0.0,0.880839],
        [0.0,1.0,0.0],
        [-0.880839,0.0,0.473417],
        [107.652,6.60683,117.286]
      ],
      "respawnBaseGroup": 2
    }
  },
  {
    "entity": {
      "_template": "respawnChooser+respTeam2",
      "transform": [
        [0.616824,0.0,-0.787101],
        [0.0,1.0,0.0],
        [0.787101,0.0,0.616824],
        [210.547,6.23721,174.544]
      ],
      "respawnBaseGroup": 2
    }
  },
  {
    "entity": {
      "_template": "respawnChooser+respTeam2",
      "transform": [
        [0.358854,0.0,-0.933394],
        [0.0,1.0,0.0],
        [0.933394,0.0,0.358854],
        [201.761,6.03817,176.588]
      ],
      "respawnBaseGroup": 2
    }
  },
  {
    "entity": {
      "_template": "respAircraftInAir",
      "respawnbaseType": "aircraft_fighter",
      "transform": [
        [0.999911,0.0,0.0133106],
        [0.0,1.0,0.0],
        [-0.0133106,0.0,0.999911],
        [-1805.26,1023.92,-877.149]
      ],
      "team": 2,
      "maxVehicleOnSpawn": 1,
      "respTime": 120
    }
  },
  {
    "entity": {
      "_template": "respAircraftInAir",
      "respawnbaseType": "aircraft_assault",
      "transform": [
        [0.993843,0.0,0.110799],
        [0.0,1.0,0.0],
        [-0.110799,0.0,0.993843],
        [-1813.06,823.92,-700.098]
      ],
      "team": 2,
      "maxVehicleOnSpawn": 1,
      "respTime": 120
    }
  },
  {
    "entity": {
      "_template": "respAircraftInAir",
      "respawnbaseType": "aircraft_fighter",
      "transform": [
        [0.998396,0.0,0.0566228],
        [0.0,1.0,0.0],
        [-0.0566228,0.0,0.998396],
        [-1804.61,1023.92,-720.52]
      ],
      "team": 2,
      "maxVehicleOnSpawn": 1,
      "respTime": 120
    }
  },
  {
    "entity": {
      "_template": "respAircraftInAir",
      "respawnbaseType": "aircraft_assault",
      "transform": [
        [0.998911,0.0,0.0466585],
        [0.0,1.0,0.0],
        [-0.0466585,0.0,0.998911],
        [-1805.26,823.92,-877.149]
      ],
      "team": 2,
      "maxVehicleOnSpawn": 1,
      "respTime": 120
    }
  },
  {
    "entity": {
      "_template": "resupply_in_air_zone",
      "transform": [
        [0.327869,0.0,-0.944724],
        [0.0,1.0,0.0],
        [0.944724,0.0,0.327869],
        [-2419.21,1023.92,-2133.53]
      ],
      "resupply_zone__team": 2
    }
  },
  {
    "entity": {
      "_template": "respAircraftInAir",
      "respawnbaseType": "aircraft_fighter",
      "transform": [
        [-0.99265,0.0,-0.121023],
        [0.0,1.0,0.0],
        [0.121023,0.0,-0.99265],
        [2518.55,1000.0,-120.825]
      ],
      "team": 1,
      "maxVehicleOnSpawn": 1,
      "respTime": 120
    }
  },
  {
    "entity": {
      "_template": "respAircraftInAir",
      "respawnbaseType": "aircraft_assault",
      "transform": [
        [-0.99265,0.0,-0.121023],
        [0.0,1.0,0.0],
        [0.121023,0.0,-0.99265],
        [2518.55,800.0,-120.825]
      ],
      "team": 1,
      "maxVehicleOnSpawn": 1,
      "respTime": 120
    }
  },
  {
    "entity": {
      "_template": "respAircraftInAir",
      "respawnbaseType": "aircraft_fighter",
      "transform": [
        [-0.99265,0.0,-0.121023],
        [0.0,1.0,0.0],
        [0.121023,0.0,-0.99265],
        [2565.08,1000.0,-264.045]
      ],
      "team": 1,
      "maxVehicleOnSpawn": 1,
      "respTime": 120
    }
  },
  {
    "entity": {
      "_template": "respAircraftInAir",
      "respawnbaseType": "aircraft_assault",
      "transform": [
        [-0.99265,0.0,-0.121023],
        [0.0,1.0,0.0],
        [0.121023,0.0,-0.99265],
        [2537.01,800.0,-298.804]
      ],
      "team": 1,
      "maxVehicleOnSpawn": 1,
      "respTime": 120
    }
  },
  {
    "entity": {
      "_template": "resupply_in_air_zone",
      "transform": [
        [-0.999999,0.0,-0.000445871],
        [0.0,1.0,0.0],
        [0.000445871,0.0,-0.999999],
        [3454.18,1000.0,-1418.67]
      ],
      "resupply_zone__team": 1
    }
  },
  {
    "entity": {
      "_template": "aircraft_box_battle_area",
      "transform": [
        [11146.8,0.0,1940.19],
        [0.0,8000.03,0.0],
        [-1940.71,0.0,11146.6],
        [362.935,240.916,-586.859]
      ],
      "battle_area__timeToDamage": 30.0,
      "battle_area__damage": 1.0,
      "battle_area__team": -1
    }
  },
  {
    "entity": {
      "_template": "respawn_camera",
      "respawnCameraForTeam": 1,
      "moveCameraToHeight": 200.0,
      "transform": [
        [1.0,0.0,0.0],
        [0.0,1.0,0.0],
        [0.0,0.0,1.0],
        [-105.058,203.468,523.363]
      ]
    }
  },
  {
    "entity": {
      "_template": "respawn_camera",
      "respawnCameraForTeam": 2,
      "moveCameraToHeight": 200.0,
      "transform": [
        [1.0,0.0,0.0],
        [0.0,1.0,0.0],
        [0.0,0.0,1.0],
        [232.849,203.396,-168.283]
      ]
    }
  },
  {
    "entity": {
      "_template": "level",
      "level__blk": "content/enlisted/levels/battle_of_stalingrad.blk",
      "level__timeRange": [5.0,19.2],
      "level__weatherChoice:object": {
        "weather_clear_a": 1.0
      },
      "level__timeVec:array": {
        "level__timeVec": 16.5
      }
    }
  },
  {
    "entity": {
      "_template": "water",
      "water__strength": 0.3,
      "water__level": -1.0
    }
  },
  {
    "entity": {
      "_template": "respawnChooser+respMotorcycle",
      "transform": [
        [-0.99082,0.0,-0.135178],
        [0.0,1.0,0.0],
        [0.135178,0.0,-0.99082],
        [-175.227,5.66467,287.083]
      ],
      "team": 1
    }
  },
  {
    "entity": {
      "_template": "respawnChooser+respMotorcycle",
      "transform": [
        [0.71955,0.0,0.694438],
        [0.0,1.0,0.0],
        [-0.694438,0.0,0.71955],
        [42.7075,5.58456,18.1204]
      ],
      "team": 2
    }
  },
  {
    "entity": {
      "_template": "benchmark_artillery_strike",
      "transform": [
        [1.0,0.0,0.0],
        [0.0,1.0,0.0],
        [0.0,0.0,1.0],
        [360.995,5.25479,-549.331]
      ],
      "artillery__baseInterval": 30.0,
      "artillery__baseSpawnDelay": 45.0,
      "artillery__interval": 60.0,
      "artillery__missionStartDelay": 15.0,
      "artillery__spawnDelay": 15.0,
      "artillery__lastShotInTime": 130.069,
      "artilleryStrikeSpawnPeriod": 60.0,
      "artilleryStrikeSpawnTime": 30.0
    }
  },
  {
    "entity": {
      "_template": "screen_fade_anim",
      "screen_fade": 0.9,
      "anim_track_on": true
    }
  },
  {
    "entity": {
      "_template": "ui_disabled"
    }
  },
  {
    "entity": {
      "_template": "benchmark",
      "benchmark_name": "stalingrad",
      "camera_tracks:array": [
        {
          "camera_tracks:object": {
            "from_fov": 90.0,
            "from_pos": [127.491,14.9137,375.726],
            "from_dir": [0.111675,0.005453,-0.99373],
            "duration": 10.0,
            "to_pos": [137.716,14.9804,347.76],
            "to_dir": [-0.599001,-0.004706,-0.800734],
            "to_fov": 90.0
          }
        },
        {
          "camera_tracks:object": {
            "from_fov": 90.0,
            "from_pos": [162.813,7.75806,319.332],
            "from_dir": [-0.999676,-0.008213,-0.024109],
            "duration": 10.0,
            "to_pos": [125.586,7.57563,318.893],
            "to_dir": [-0.620155,0.003498,-0.784471],
            "to_fov": 90.0
          }
        },
        {
          "camera_tracks:object": {
            "from_fov": 90.0,
            "from_pos": [-9.22598,7.11745,123.424],
            "from_dir": [0.28372,-0.041464,0.95801],
            "duration": 10.0,
            "to_pos": [-24.0709,8.144,88.354],
            "to_dir": [0.763527,0.00169,0.645774],
            "to_fov": 90.0
          }
        },
        {
          "camera_tracks:object": {
            "from_fov": 90.0,
            "from_pos": [38.71,8.18159,180.483],
            "to_dir": [-0.857249,-0.000307,-0.514903],
            "duration": 10.0,
            "to_pos": [5.67974,8.1698,160.643],
            "to_fov": 90.0,
            "from_dir": [-0.857249,-0.000307,-0.514903]
          }
        },
        {
          "camera_tracks:object": {
            "from_fov": 90.0,
            "from_pos": [-23.8063,6.87563,163.967],
            "to_dir": [-0.986835,-0.004064,0.161681],
            "duration": 10.0,
            "to_pos": [-56.0269,7.22448,168.281],
            "to_fov": 90.0,
            "from_dir": [-0.984887,0.01091,0.172857]
          }
        },
        {
          "camera_tracks:object": {
            "from_fov": 90.0,
            "from_pos": [56.898,10.0991,287.557],
            "from_dir": [-0.987655,0.009803,0.156336],
            "duration": 10.0,
            "to_pos": [80.8931,9.86235,284.721],
            "to_dir": [-0.990576,0.004739,0.136882],
            "to_fov": 90.0
          }
        },
        {
          "camera_tracks:object": {
            "from_fov": 90.0,
            "from_pos": [39.098,8.9597,237.233],
            "from_dir": [0.146908,0.006496,0.989129],
            "duration": 10.0,
            "to_pos": [35.5711,8.79367,211.917],
            "to_dir": [0.146908,0.006496,0.989129],
            "to_fov": 90.0
          }
        }
      ]
    }
  },
  {
    "entity": {
      "_template": "ri_gpu_object",
      "ri_gpu_object__name": "decal_broken_glass_a",
      "ri_gpu_object__biom_indexes": [18.0,19.0,21.0,22.0],
      "ri_gpu_object__grid_size": 16,
      "ri_gpu_object__grid_tiling": 1,
      "ri_gpu_object__cell_size": 16.0,
      "ri_gpu_object__incline_delta": 0.0,
      "ri_gpu_object__scale_range": [1.0,1.75],
      "ri_gpu_object__rotate_range": [0.0,360.0],
      "ri_gpu_object__seed": 7016,
      "ri_gpu_object__is_using_normal": true,
      "ri_gpu_object__up_vector": [0.0,1.0,0.0],
      "ri_gpu_object__decal": true,
      "ri_gpu_object__transparent": true
    }
  },
  {
    "entity": {
      "_template": "ri_gpu_object",
      "ri_gpu_object__name": "debris_trash_concrete_column_c",
      "ri_gpu_object__grid_size": 8,
      "ri_gpu_object__grid_tiling": 1,
      "ri_gpu_object__cell_size": 16.0,
      "ri_gpu_object__scale_range": [0.55,0.8],
      "ri_gpu_object__rotate_range": [0.0,360.0],
      "ri_gpu_object__seed": 7066,
      "ri_gpu_object__is_using_normal": true,
      "ri_gpu_object__biome_params:array": [
        {
          "biome_params": [11.0,1.0,0.0,0.0]
        },
        {
          "biome_params": [20.0,1.0,0.0,0.0]
        },
        {
          "biome_params": [22.0,0.8,0.0,0.0]
        },
        {
          "biome_params": [28.0,0.5,0.0,0.0]
        }
      ],
      "ri_gpu_object__multiple_objects:array": [
        {
          "ri_gpu_object__multiple_objects:object": {
            "name": "debris_trash_concrete_column_c",
            "weight": 2.0
          }
        },
        {
          "ri_gpu_object__multiple_objects:object": {
            "name": "debris_trash_concrete_small_part_a2",
            "weight": 2.0
          }
        },
        {
          "ri_gpu_object__multiple_objects:object": {
            "name": "debris_trash_concrete_column_b",
            "weight": 2.0
          }
        },
        {
          "ri_gpu_object__multiple_objects:object": {
            "name": "debris_trash_concrete_small_part_a1",
            "weight": 2.0
          }
        },
        {
          "ri_gpu_object__multiple_objects:object": {
            "name": "bag_grain_flat_a",
            "weight": 1.0
          }
        }
      ]
    }
  },
  {
    "entity": {
      "_template": "ri_gpu_object",
      "ri_gpu_object__name": "debris_trash_concrete_small_part_c2",
      "ri_gpu_object__grid_size": 8,
      "ri_gpu_object__grid_tiling": 4,
      "ri_gpu_object__cell_size": 4.0,
      "ri_gpu_object__incline_delta": 10.0,
      "ri_gpu_object__scale_range": [0.1,0.3],
      "ri_gpu_object__rotate_range": [0.0,360.0],
      "ri_gpu_object__seed": 5128,
      "ri_gpu_object__is_using_normal": true,
      "ri_gpu_object__biome_params:array": [
        {
          "biome_params": [8.0,0.8,0.0,0.0]
        },
        {
          "biome_params": [11.0,1.0,0.0,0.0]
        },
        {
          "biome_params": [18.0,0.7,0.0,0.0]
        },
        {
          "biome_params": [20.0,1.0,0.0,0.0]
        },
        {
          "biome_params": [27.0,1.5,0.0,0.0]
        }
      ],
      "ri_gpu_object__multiple_objects:array": [
        {
          "ri_gpu_object__multiple_objects:object": {
            "name": "debris_trash_concrete_small_part_c3",
            "weight": 1.0
          }
        },
        {
          "ri_gpu_object__multiple_objects:object": {
            "name": "debris_trash_concrete_small_part_c2",
            "weight": 1.0
          }
        },
        {
          "ri_gpu_object__multiple_objects:object": {
            "name": "debris_trash_concrete_small_part_b3",
            "weight": 0.5
          }
        },
        {
          "ri_gpu_object__multiple_objects:object": {
            "name": "debris_trash_concrete_small_part_b1",
            "weight": 0.5
          }
        }
      ]
    }
  },
  {
    "entity": {
      "_template": "ri_gpu_object",
      "ri_gpu_object__name": "debris_bricks_a",
      "ri_gpu_object__biom_indexes": [22.0,-1.0,-1.0,-1.0],
      "ri_gpu_object__grid_size": 8,
      "ri_gpu_object__grid_tiling": 12,
      "ri_gpu_object__cell_size": 16.0,
      "ri_gpu_object__scale_range": [0.95,1.0],
      "ri_gpu_object__rotate_range": [0.0,360.0],
      "ri_gpu_object__seed": 2814,
      "ri_gpu_object__is_using_normal": true,
      "ri_gpu_object__multiple_objects:array": [
        {
          "ri_gpu_object__multiple_objects:object": {
            "name": "debris_bricks_a",
            "weight": 15.0
          }
        },
        {
          "ri_gpu_object__multiple_objects:object": {
            "name": "debris_bricks_b",
            "weight": 15.0
          }
        },
        {
          "ri_gpu_object__multiple_objects:object": {
            "name": "debris_bricks_g",
            "weight": 5.0
          }
        },
        {
          "ri_gpu_object__multiple_objects:object": {
            "name": "debris_trash_wood_plank_a",
            "weight": 2.0
          }
        },
        {
          "ri_gpu_object__multiple_objects:object": {
            "name": "debris_trash_wood_plank_b",
            "weight": 2.0
          }
        },
        {
          "ri_gpu_object__multiple_objects:object": {
            "name": "shell_kwk40_a",
            "weight": 3.0
          }
        },
        {
          "ri_gpu_object__multiple_objects:object": {
            "name": "shell_kwk43_b",
            "weight": 3.0
          }
        },
        {
          "ri_gpu_object__multiple_objects:object": {
            "name": "is_soviet_can_b_dmg_a",
            "weight": 2.0
          }
        },
        {
          "ri_gpu_object__multiple_objects:object": {
            "name": "is_soviet_can_c",
            "weight": 2.0
          }
        },
        {
          "ri_gpu_object__multiple_objects:object": {
            "name": "is_soviet_shoe_a",
            "weight": 1.0
          }
        },
        {
          "ri_gpu_object__multiple_objects:object": {
            "name": "is_soviet_shoe_b",
            "weight": 1.0
          }
        },
        {
          "ri_gpu_object__multiple_objects:object": {
            "name": "is_soviet_shoe_c",
            "weight": 1.0
          }
        },
        {
          "ri_gpu_object__multiple_objects:object": {
            "name": "is_soviet_toy_car_truck_a",
            "weight": 0.5
          }
        },
        {
          "ri_gpu_object__multiple_objects:object": {
            "name": "is_soviet_toy_car_sedan_a",
            "weight": 0.5
          }
        },
        {
          "ri_gpu_object__multiple_objects:object": {
            "name": "is_soviet_toy_car_truck_b",
            "weight": 0.5
          }
        },
        {
          "ri_gpu_object__multiple_objects:object": {
            "name": "is_soviet_toy_doll_plastic_a",
            "weight": 0.5
          }
        },
        {
          "ri_gpu_object__multiple_objects:object": {
            "name": "sandbag_single_a",
            "weight": 2.0
          }
        },
        {
          "ri_gpu_object__multiple_objects:object": {
            "name": "sandbag_single_f",
            "weight": 2.0
          }
        },
        {
          "ri_gpu_object__multiple_objects:object": {
            "name": "is_plates_b2_dmg",
            "weight": 2.0
          }
        },
        {
          "ri_gpu_object__multiple_objects:object": {
            "name": "is_soviet_book_d_open",
            "weight": 1.0
          }
        },
        {
          "ri_gpu_object__multiple_objects:object": {
            "name": "is_soviet_book_n_open",
            "weight": 1.0
          }
        },
        {
          "ri_gpu_object__multiple_objects:object": {
            "name": "soviet_sewer_hatch_a",
            "weight": 0.5
          }
        },
        {
          "ri_gpu_object__multiple_objects:object": {
            "name": "soviet_sewer_hatch_b",
            "weight": 0.5
          }
        },
        {
          "ri_gpu_object__multiple_objects:object": {
            "name": "soviet_sewer_hatch_c",
            "weight": 0.5
          }
        }
      ]
    }
  },
  {
    "entity": {
      "_template": "ri_gpu_object",
      "ri_gpu_object__name": "tree_dry_branches_a",
      "ri_gpu_object__grid_size": 8,
      "ri_gpu_object__grid_tiling": 4,
      "ri_gpu_object__cell_size": 12.0,
      "ri_gpu_object__incline_delta": 0.0,
      "ri_gpu_object__scale_range": [0.85,1.1],
      "ri_gpu_object__rotate_range": [135.0,960.0],
      "ri_gpu_object__seed": 55112,
      "ri_gpu_object__is_using_normal": true,
      "ri_gpu_object__biome_params:array": [
        {
          "biome_params": [1.0,0.8,0.0,0.0]
        },
        {
          "biome_params": [6.0,0.3,0.0,0.0]
        },
        {
          "biome_params": [7.0,0.5,0.0,0.0]
        },
        {
          "biome_params": [13.0,1.0,0.0,0.0]
        }
      ],
      "ri_gpu_object__multiple_objects:array": [
        {
          "ri_gpu_object__multiple_objects:object": {
            "name": "tree_dry_branches_a",
            "weight": 1.0
          }
        },
        {
          "ri_gpu_object__multiple_objects:object": {
            "name": "tree_dry_branches_b",
            "weight": 1.0
          }
        },
        {
          "ri_gpu_object__multiple_objects:object": {
            "name": "tree_dry_branches_c",
            "weight": 1.0
          }
        },
        {
          "ri_gpu_object__multiple_objects:object": {
            "name": "tree_branches_small_a",
            "weight": 0.5
          }
        },
        {
          "ri_gpu_object__multiple_objects:object": {
            "name": "tree_branches_small_b",
            "weight": 0.5
          }
        },
        {
          "ri_gpu_object__multiple_objects:object": {
            "name": "tree_branches_small_c",
            "weight": 0.5
          }
        },
        {
          "ri_gpu_object__multiple_objects:object": {
            "name": "tree_branches_small_d",
            "weight": 0.5
          }
        },
        {
          "ri_gpu_object__multiple_objects:object": {
            "name": "shell_kwk40_a",
            "weight": 1.0
          }
        },
        {
          "ri_gpu_object__multiple_objects:object": {
            "name": "shell_kwk43_b",
            "weight": 1.0
          }
        }
      ]
    }
  },
  {
    "entity": {
      "_template": "ri_gpu_object",
      "ri_gpu_object__name": "autumn_leaf_pile_a",
      "ri_gpu_object__grid_size": 8,
      "ri_gpu_object__grid_tiling": 4,
      "ri_gpu_object__cell_size": 4.0,
      "ri_gpu_object__incline_delta": 0.0,
      "ri_gpu_object__scale_range": [0.7,1.15],
      "ri_gpu_object__rotate_range": [0.0,360.0],
      "ri_gpu_object__seed": 1486,
      "ri_gpu_object__is_using_normal": true,
      "ri_gpu_object__biome_params:array": [
        {
          "biome_params": [1.0,1.0,0.0,0.0]
        },
        {
          "biome_params": [6.0,0.3,0.0,0.0]
        },
        {
          "biome_params": [8.0,0.3,0.0,0.0]
        }
      ],
      "ri_gpu_object__multiple_objects:array": [
        {
          "gpu_object:object": {
            "name": "autumn_leaf_pile_a",
            "weight": 1.0
          }
        },
        {
          "gpu_object:object": {
            "name": "autumn_leaf_pile_b",
            "weight": 1.0
          }
        },
        {
          "gpu_object:object": {
            "name": "autumn_leaf_pile_c",
            "weight": 1.0
          }
        },
        {
          "gpu_object:object": {
            "name": "autumn_leaf_pile_d",
            "weight": 1.0
          }
        },
        {
          "gpu_object:object": {
            "name": "autumn_leaf_pile_e",
            "weight": 1.0
          }
        }
      ]
    }
  },
  {
    "entity": {
      "_template": "projectors_manager",
      "projectors_manager__atmosphereDensity": 1.0,
      "projectors_manager__atmosphereMoveDir": [1.0,0.0,0.0],
      "projectors_manager__atmosphereMoveSpeed": 0.0,
      "projectors_manager__noiseScale": 30.0,
      "projectors_manager__noiseStrength": 1.0
    }
  },
  {
    "entity": {
      "_template": "projector",
      "projector__color": [0.12,0.12,0.12],
      "projector__angle": 2.5,
      "projector__sourceWidth": 1.0,
      "projector__xAngleAmplitude": 17.0,
      "projector__period": 16.0,
      "transform": [
        [0.993579,-0.112724,0.00966172],
        [0.113137,0.98995,-0.0848528],
        [2.97532e-07,0.0854011,0.996347],
        [678.175,10.0,-674.301]
      ]
    }
  },
  {
    "entity": {
      "_template": "projector",
      "projector__color": [0.12,0.12,0.12],
      "projector__angle": 2.0,
      "projector__sourceWidth": 1.0,
      "projector__zAngleAmplitude": 27.0,
      "projector__period": 24.0,
      "transform": [
        [0.947085,-0.319961,0.0255969],
        [-0.320983,-0.944069,0.0755255],
        [2.5088e-08,-0.0797452,-0.996815],
        [449.2,10.0,489.2]
      ]
    }
  },
  {
    "entity": {
      "_template": "projector",
      "projector__color": [0.12,0.12,0.12],
      "projector__angle": 3.0,
      "projector__sourceWidth": 1.0,
      "projector__zAngleAmplitude": 24.0,
      "projector__period": 14.0,
      "transform": [
        [0.986453,0.163682,-0.0109121],
        [-0.164045,0.984268,-0.0656179],
        [-3.76747e-08,0.066519,0.997785],
        [915.7,10.0,-93.4]
      ]
    }
  },
  {
    "entity": {
      "_template": "projector",
      "projector__color": [0.12,0.12,0.12],
      "projector__angle": 5.0,
      "projector__sourceWidth": 1.0,
      "projector__zAngleAmplitude": 18.0,
      "projector__period": 20.0,
      "transform": [
        [-0.999924,-0.00141054,-0.0122481],
        [-0.00143672,0.999997,0.00212879],
        [0.0122451,0.00214622,-0.999923],
        [435.062,6.27525,-684.451]
      ]
    }
  },
  {
    "entity": {
      "_template": "projector",
      "projector__color": [0.12,0.12,0.12],
      "projector__angle": 6.0,
      "projector__sourceWidth": 1.0,
      "projector__zAngleAmplitude": 27.0,
      "projector__period": 22.0,
      "transform": [
        [0.987471,0.157601,0.00788018],
        [-0.157798,0.986239,0.049312],
        [-1.10671e-07,-0.0499377,0.998752],
        [917.557,10.0,-613.596]
      ]
    }
  },
  {
    "entity": {
      "_template": "projector",
      "projector__color": [0.12,0.12,0.12],
      "projector__angle": 7.0,
      "projector__sourceWidth": 1.0,
      "projector__zAngleAmplitude": 22.0,
      "projector__period": 24.0,
      "transform": [
        [0.979645,-0.19962,-0.0211718],
        [-0.20074,-0.974181,-0.103322],
        [-2.91538e-08,0.105469,-0.994423],
        [1536.9,10.0,-900.9]
      ]
    }
  },
  {
    "entity": {
      "_template": "projector",
      "projector__color": [0.12,0.12,0.12],
      "projector__angle": 6.0,
      "projector__sourceWidth": 1.0,
      "projector__zAngleAmplitude": 17.0,
      "projector__period": 18.0,
      "transform": [
        [0.989228,-0.145985,-0.0108311],
        [0.146386,0.986516,0.0731931],
        [-4.23149e-08,-0.0739902,0.997259],
        [1266.4,10.0,-405.7]
      ]
    }
  },
  {
    "entity": {
      "_template": "projector",
      "projector__color": [0.12,0.12,0.12],
      "projector__angle": 3.0,
      "projector__sourceWidth": 1.0,
      "projector__zAngleAmplitude": 26.0,
      "projector__period": 14.0,
      "transform": [
        [0.989783,-0.141161,-0.0201034],
        [-0.142585,-0.979895,-0.139552],
        [7.71265e-08,0.140993,-0.990011],
        [466.7,10.0,-1565.0]
      ]
    }
  },
  {
    "entity": {
      "_template": "projector",
      "projector__color": [0.12,0.12,0.12],
      "projector__angle": 5.0,
      "projector__sourceWidth": 1.0,
      "projector__zAngleAmplitude": 27.0,
      "projector__period": 28.0,
      "transform": [
        [0.990793,-0.135226,0.00660704],
        [0.135387,0.989612,-0.0483524],
        [8.57679e-08,0.0488017,0.998809],
        [-528.115,10.0,-694.414]
      ]
    }
  },
  {
    "entity": {
      "_template": "projector",
      "projector__color": [0.12,0.12,0.12],
      "projector__angle": 4.0,
      "projector__sourceWidth": 1.0,
      "projector__zAngleAmplitude": 16.0,
      "projector__period": 24.0,
      "transform": [
        [0.983735,-0.178902,0.0161012],
        [-0.179625,-0.979775,0.0881798],
        [1.14989e-08,-0.0896377,-0.995974],
        [1035.2,10.0,-349.8]
      ]
    }
  },
  {
    "entity": {
      "_template": "projector",
      "projector__color": [0.12,0.12,0.12],
      "projector__angle": 2.0,
      "projector__sourceWidth": 1.0,
      "projector__zAngleAmplitude": 27.0,
      "projector__period": 18.0,
      "transform": [
        [0.983821,0.177945,-0.0207603],
        [-0.179152,0.977194,-0.114006],
        [4.28705e-08,0.115881,0.993263],
        [724.3,10.0,1047.0]
      ]
    }
  },
  {
    "entity": {
      "_template": "projector",
      "projector__color": [0.12,0.12,0.12],
      "projector__angle": 5.0,
      "projector__sourceWidth": 1.0,
      "projector__zAngleAmplitude": 18.0,
      "projector__period": 14.0,
      "transform": [
        [0.990771,-0.134661,0.0154529],
        [0.135545,0.984311,-0.112954],
        [3.96059e-08,0.114006,0.99348],
        [30.4821,10.0,609.055]
      ]
    }
  },
  {
    "entity": {
      "_template": "projector",
      "projector__color": [0.12,0.12,0.12],
      "projector__angle": 4.0,
      "projector__sourceWidth": 1.0,
      "projector__zAngleAmplitude": 25.0,
      "projector__period": 24.0,
      "transform": [
