[
  {
    "import": {
      "scene": "content/enlisted/gamedata/scenes/_tunisia_sounds.blk"
    }
  },
  {
    "import": {
      "scene": "content/enlisted/gamedata/scenes/_tunisia_level.blk"
    }
  },
  {
    "entity": {
      "_template": "poly_battle_area",
      "transform": [
        [1.0,0.0,0.0],
        [0.0,1.0,0.0],
        [0.0,0.0,1.0],
        [-248.816,20.0978,-91.4889]
      ],
      "battleAreaId": "1_area1",
      "battle_area__team": 1,
      "groupName": "sector_3",
      "active": false,
      "poly_area__points:list<p3>": [
        {
          "item": [-381.709,-3.05176e-05,90.7122]
        },
        {
          "item": [-460.521,19.5437,33.2648]
        },
        {
          "item": [-605.115,13.9502,-253.184]
        },
        {
          "item": [-417.435,10.4839,-282.094]
        },
        {
          "item": [-203.783,17.0742,-266.357]
        },
        {
          "item": [-157.882,14.7868,-250.347]
        },
        {
          "item": [-132.686,21.2929,-210.757]
        },
        {
          "item": [-138.305,21.2929,-134.962]
        },
        {
          "item": [-136.906,21.2929,-84.3965]
        },
        {
          "item": [-151.937,21.2929,-38.4485]
        },
        {
          "item": [-157.138,21.2929,-19.2442]
        },
        {
          "item": [-162.406,21.2929,8.46261]
        },
        {
          "item": [-200.241,21.2929,62.126]
        },
        {
          "item": [-277.475,9.25363,87.5403]
        }
      ]
    }
  },
  {
    "entity": {
      "_template": "poly_battle_area",
      "transform": [
        [1.0,0.0,0.0],
        [0.0,1.0,0.0],
        [0.0,0.0,1.0],
        [-246.71,20.6052,-103.661]
      ],
      "battleAreaId": "1_area2",
      "battle_area__team": 2,
      "groupName": "sector_3",
      "active": false,
      "poly_area__points:list<p3>": [
        {
          "item": [-340.469,15.0829,57.212]
        },
        {
          "item": [-298.355,17.7582,-243.131]
        },
        {
          "item": [-244.176,18.4191,-265.654]
        },
        {
          "item": [-150.677,14.514,-255.126]
        },
        {
          "item": [54.5845,21.506,-220.293]
        },
        {
          "item": [116.686,18.3627,-206.981]
        },
        {
          "item": [171.106,18.3627,-171.063]
        },
        {
          "item": [183.951,18.3627,-145.123]
        },
        {
          "item": [166.678,18.3627,-94.2009]
        },
        {
          "item": [103.937,18.3627,-4.94636]
        },
        {
          "item": [39.2903,18.3627,99.4318]
        },
        {
          "item": [-48.1141,18.3627,129.419]
        },
        {
          "item": [-250.196,18.3627,116.439]
        }
      ]
    }
  },
  {
    "entity": {
      "_template": "poly_battle_area",
      "transform": [
        [1.0,0.0,0.0],
        [0.0,1.0,0.0],
        [0.0,0.0,1.0],
        [-145.587,20.2067,-55.8183]
      ],
      "battleAreaId": "2_area1",
      "battle_area__team": 1,
      "groupName": "sector_2",
      "active": false,
      "poly_area__points:list<p3>": [
        {
          "item": [-11.7176,18.2934,78.8744]
        },
        {
          "item": [-27.9167,19.185,98.8475]
        },
        {
          "item": [-133.182,11.5484,114.554]
        },
        {
          "item": [-343.95,5.24435,88.3361]
        },
        {
          "item": [-393.862,15.0892,39.1153]
        },
        {
          "item": [-388.64,19.6465,-242.083]
        },
        {
          "item": [-253.509,17.6655,-270.097]
        },
        {
          "item": [-160.227,14.7538,-254.48]
        },
        {
          "item": [40.9554,19.0749,-190.772]
        }
      ]
    }
  },
  {
    "entity": {
      "_template": "poly_battle_area",
      "transform": [
        [1.0,0.0,0.0],
        [0.0,1.0,0.0],
        [0.0,0.0,1.0],
        [-95.8769,18.824,-27.4757]
      ],
      "battleAreaId": "2_area2",
      "groupName": "sector_2",
      "battle_area__team": 2,
      "active": false,
      "poly_area__points:list<p3>": [
        {
          "item": [-4.83411,26.3081,98.2518]
        },
        {
          "item": [-147.496,14.9444,71.027]
        },
        {
          "item": [-110.246,16.3799,-219.682]
        },
        {
          "item": [-93.7224,15.3826,-239.232]
        },
        {
          "item": [148.95,23.5368,-180.283]
        },
        {
          "item": [357.71,22.1278,-34.7459]
        },
        {
          "item": [339.733,16.6585,38.5596]
        },
        {
          "item": [285.562,16.6585,125.945]
        },
        {
          "item": [265.357,16.6585,170.687]
        },
        {
          "item": [191.718,16.6585,202.302]
        }
      ]
    }
  },
  {
    "entity": {
      "_template": "poly_battle_area",
      "transform": [
        [1.0,0.0,0.0],
        [0.0,1.0,0.0],
        [0.0,0.0,1.0],
        [38.472,22.0383,-6.66846]
      ],
      "battleAreaId": "3_area1",
      "battle_area__team": 1,
      "groupName": "sector_1",
      "active": false,
      "poly_area__points:list<p3>": [
        {
          "item": [137.524,18.549,161.802]
        },
        {
          "item": [-7.89369,19.1237,82.9745]
        },
        {
          "item": [-194.097,15.3294,59.8076]
        },
        {
          "item": [-164.374,21.2982,-227.866]
        },
        {
          "item": [163.146,23.4225,-181.625]
        },
        {
          "item": [294.719,22.4411,-76.5261]
        }
      ]
    }
  },
  {
    "entity": {
      "_template": "poly_battle_area",
      "transform": [
        [1.0,0.0,0.0],
        [0.0,1.0,0.0],
        [0.0,0.0,1.0],
        [45.4137,22.3987,-2.9229]
      ],
      "battleAreaId": "3_area2",
      "battle_area__team": 2,
      "groupName": "sector_1",
      "active": false,
      "poly_area__points:list<p3>": [
        {
          "item": [1.34581,17.4178,78.4983]
        },
        {
          "item": [66.9918,21.9802,-24.7914]
        },
        {
          "item": [160.12,23.5256,-173.045]
        },
        {
          "item": [433.642,26.7692,20.1047]
        },
        {
          "item": [479.368,16.4981,120.289]
        },
        {
          "item": [451.22,16.4981,226.306]
        },
        {
          "item": [454.863,16.4981,273.068]
        },
        {
          "item": [431.12,16.4981,296.204]
        },
        {
          "item": [368.446,13.8711,305.627]
        },
        {
          "item": [291.529,13.5397,277.577]
        }
      ]
    }
  },
  {
    "entity": {
      "_template": "aircraft_box_battle_area",
      "transform": [
        [29925.2,0.0,-8137.66],
        [0.0,8000.03,0.0],
        [8136.23,0.0,29925.5],
        [-429.426,240.916,194.643]
      ],
      "battle_area__team": -1
    }
  },
  {
    "entity": {
      "_template": "opel_blitz_omnibus",
      "transform": [
        [-0.127768,-0.00841106,0.991768],
        [0.00135244,0.999962,0.00865478],
        [-0.991803,0.00244711,-0.127752],
        [-196.524,20.4466,-118.986]
      ]
    }
  },
  {
    "entity": {
      "_template": "opel_blitz_omnibus",
      "transform": [
        [0.5202,0.0163059,-0.853889],
        [-0.0242311,0.999697,0.00432836],
        [0.8537,0.018439,0.520438],
        [161.964,22.4971,48.9426]
      ]
    }
  },
  {
    "entity": {
      "_template": "opel_blitz_omnibus",
      "transform": [
        [0.526531,-0.000925399,-0.850156],
        [0.000547193,1.0,-0.00074961],
        [0.850156,-7.05065e-05,0.526531],
        [145.725,22.4039,84.2513]
      ]
    }
  },
  {
    "entity": {
      "_template": "vw_kubelwagen",
      "transform": [
        [0.294482,0.00969989,-0.955608],
        [-0.0046207,0.999951,0.00872608],
        [0.955646,0.0018459,0.294513],
        [-267.137,19.9128,-99.1479]
      ]
    }
  },
  {
    "entity": {
      "_template": "vw_kubelwagen",
      "transform": [
        [0.282934,-0.0135983,-0.959043],
        [-0.0010529,0.999894,-0.0144881],
        [0.959139,0.00510896,0.28289],
        [-285.085,19.8338,-102.09]
      ]
    }
  },
  {
    "entity": {
      "_template": "vw_kubelwagen",
      "transform": [
        [0.135469,-0.0522989,0.9894],
        [-0.0138595,0.998408,0.0546727],
        [-0.990685,-0.0211191,0.134529],
        [-269.807,20.4164,-128.147]
      ]
    }
  },
  {
    "entity": {
      "_template": "vw_kubelwagen",
      "transform": [
        [0.982004,0.0158663,0.18819],
        [-0.0220929,0.999274,0.0310351],
        [-0.187561,-0.0346343,0.981642],
        [-192.778,21.2146,-157.875]
      ]
    }
  },
  {
    "entity": {
      "_template": "vw_kubelwagen",
      "transform": [
        [-0.933734,0.0323392,0.356504],
        [0.0341386,0.999416,-0.00124538],
        [-0.356336,0.0110077,-0.934293],
        [61.6234,22.6754,-105.617]
      ]
    }
  },
  {
    "entity": {
      "_template": "vw_kubelwagen",
      "transform": [
        [-0.997191,-0.0305186,-0.0684067],
        [-0.0331813,0.998722,0.0381327],
        [0.0671555,0.0402954,-0.996929],
        [42.5829,22.4212,-15.7498]
      ]
    }
  },
  {
    "entity": {
      "_template": "vw_kubelwagen",
      "transform": [
        [-0.998184,-0.0284222,0.0531089],
        [-0.0271157,0.999316,0.0251613],
        [-0.0537877,0.0236755,-0.998272],
        [45.8987,22.4238,-12.7058]
      ]
    }
  },
  {
    "entity": {
      "_template": "vw_kubelwagen",
      "transform": [
        [-0.984442,0.00669009,-0.175581],
        [-0.0150631,0.992383,0.122268],
        [0.175061,0.12301,-0.976843],
        [-13.4067,19.2534,13.8194]
      ]
    }
  },
  {
    "entity": {
      "_template": "vw_kubelwagen",
      "transform": [
        [0.992874,0.0488557,0.108696],
        [-0.0667266,0.983629,0.167395],
        [-0.0987387,-0.173455,0.97988],
        [-11.4565,19.8697,-3.72683]
      ]
    }
  },
  {
    "entity": {
      "_template": "briefing_assault",
      "mission_name": "tunisia_city_assault_counter",
      "mission_outfit": "tunisia"
    }
  },
  {
    "entity": {
      "_template": "enemy_attack_marker"
    }
  },
  {
    "entity": {
      "_template": "static_cam",
      "camera__active": true,
      "transform": [
        [0.123446,0.0,0.992351],
        [0.0,1.0,-0.0],
        [-0.992351,0.0,0.123446],
        [205.036,39.7482,-2.33758]
      ]
    }
  },
  {
    "entity": {
      "_template": "minimap_tunisia_tataouine"
    }
  },
  {
    "entity": {
      "_template": "postfx_color_grading_tonemap_death_alive_enlisted"
    }
  },
  {
    "entity": {
      "_template": "bloom"
    }
  },
  {
    "entity": {
      "_template": "postfx_roundctrl"
    }
  },
  {
    "entity": {
      "_template": "session_finalizer",
      "session_finalizer__timer": 10.0
    }
  },
  {
    "entity": {
      "_template": "team_tunisia_axis+team_narrator_assault_attack+respawn_creators_team",
      "team__memberCount": 0.0,
      "team__scoreCap": 2500.0,
      "team__score": 2500.0,
      "team__squadSpawnCost": 250,
      "team__firstSpawnCostMul": 0.0,
      "team__zeroScoreFailTimer": 60.0,
      "team__id": 2,
      "team__briefing": "invasion/attackers_goals",
      "team__winSubtitle": "debriefing/won_invasion_subtitle",
      "team__loseSubtitle": "debriefing/lost_invasion_subtitle",
      "team__winTitle": "debriefing/axis_won_invasion",
      "team__spawnBotArmy": "tunisia_axis"
    }
  },
  {
    "entity": {
      "_template": "team_tunisia_allies+team_narrator_assault_defence+respawn_creators_team",
      "team__countAdd": 0.5,
      "team__memberCount": 0.5,
      "team__scoreCap": 3000.0,
      "team__capturePenalty": 1001.0,
      "team__score": 3000.0,
      "team__id": 1,
      "team__briefing": "invasion/defenders_goals",
      "team__winSubtitle": "debriefing/won_defence_subtitle",
      "team__loseSubtitle": "debriefing/lost_defence_subtitle",
      "team__winTitle": "debriefing/allies_won_defence",
      "team__spawnBotArmy": "tunisia_allies"
    }
  },
  {
    "entity": {
      "_template": "door_mult_ent_generator",
      "ri_extra_gen__blk": "content/enlisted/gamedata/tunisia_doors.blk"
    }
  },
  {
    "entity": {
      "_template": "group_activator",
      "activator__activateChoice:object": {
        "sector_1": 1.0
      }
    }
  },
  {
    "entity": {
      "_template": "defend_zone_chained_box+defend_zone_respawnbase",
      "transform": [
        [65.6749,0.0,41.6818],
        [0.0,3.9787,-0.0],
        [-11.8753,0.0,18.711],
        [107.61,25.6859,55.6897]
      ],
      "capzone__capRewardPartCap": 1.8,
      "capzone__curTeamCapturingZone": -1,
      "capzone__mustBeCapturedByTeam": 2,
      "groupName": "sector_1",
      "capzone__capTime": 10.0,
      "capzone__capTeam": 1,
      "capzone__progress": 1.0,
      "active": false,
      "capzone__decapTime": 10.0,
      "ui_order": 3,
      "capzone__autoDecap": false,
      "capzone__autoCap": false,
      "capzone__owningTeam": 1,
      "capzone__capReward": 500.0,
      "capzone__title": "B",
      "capzone__caption": "capzone/market",
      "capzone__checkAllZonesInGroup": true,
      "capzone__deactivateAfterTimeout": 25.0,
      "capzone__spawnAtZoneTimeout": 25.0,
      "capzone__createRespawnBaseForTeam": 1,
      "capzone__createRespawnBase": "respawnBaseGroupActivator",
      "capzone__createdRespawnBaseGroup": 5,
      "decal__thickness": 0.15,
      "decal__height": 0.5,
      "capzone__activateChoice:object": {
        "sector_2": 1.0
      }
    }
  },
  {
    "entity": {
      "_template": "defend_zone_chained_box+defend_zone_respawnbase",
      "transform": [
        [26.3754,0.0,18.7789],
        [0.0,9.28446,-0.0],
        [-15.3725,0.0,21.5911],
        [145.783,26.3702,-33.5146]
      ],
      "capzone__capRewardPartCap": 1.8,
      "capzone__curTeamCapturingZone": -1,
      "capzone__mustBeCapturedByTeam": 2,
      "groupName": "sector_1",
      "capzone__capTime": 15.0,
      "capzone__capTeam": 1,
      "capzone__progress": 1.0,
      "active": false,
      "capzone__decapTime": 15.0,
      "ui_order": 3,
      "capzone__autoDecap": false,
      "capzone__autoCap": false,
      "capzone__owningTeam": 1,
      "capzone__capReward": 500.0,
      "capzone__title": "A",
      "capzone__caption": "capzone/administration_building",
      "capzone__checkAllZonesInGroup": true,
      "capzone__deactivateAfterTimeout": 25.0,
      "capzone__spawnAtZoneTimeout": 25.0,
      "capzone__createRespawnBaseForTeam": 1,
      "capzone__createRespawnBase": "respawnBaseGroupActivator",
      "capzone__createdRespawnBaseGroup": 5,
      "decal__thickness": 0.0,
      "decal__height": 0.8,
      "capzone__activateChoice:object": {
        "sector_2": 1.0
      }
    }
  },
  {
    "entity": {
      "_template": "defend_zone_chained_box+defend_zone_respawnbase",
      "transform": [
        [19.9599,0.0,5.85842],
        [0.0,6.54785,0.0],
        [-5.67657,0.0,21.3825],
        [-43.2007,24.4161,-39.9515]
      ],
      "capzone__capRewardPartCap": 1.8,
      "capzone__curTeamCapturingZone": -1,
      "capzone__mustBeCapturedByTeam": 2,
      "groupName": "sector_2",
      "capzone__capTime": 20.0,
      "capzone__capTeam": 1,
      "capzone__progress": 1.0,
      "active": false,
      "capzone__decapTime": 20.0,
      "ui_order": 2,
      "capzone__autoDecap": false,
      "capzone__autoCap": false,
      "capzone__owningTeam": 1,
      "capzone__capReward": 500.0,
      "capzone__title": "D",
      "capzone__caption": "capzone/guest_house",
      "capzone__checkAllZonesInGroup": true,
      "capzone__deactivateAfterTimeout": 25.0,
      "capzone__spawnAtZoneTimeout": 25.0,
      "capzone__createRespawnBaseForTeam": 1,
      "capzone__createRespawnBase": "respawnBaseGroupActivator",
      "capzone__createdRespawnBaseGroup": 4,
      "decal__thickness": 0.15,
      "decal__height": 1.5,
      "capzone__activateChoice:object": {
        "sector_3": 1.0
      }
    }
  },
  {
    "entity": {
      "_template": "defend_zone_chained_sphere+defend_zone_respawnbase",
      "transform": [
        [1.06816,0.0,0.300465],
        [0.0,0.617849,0.0],
        [-0.213126,0.0,0.840979],
        [-52.6246,21.4615,-91.0997]
      ],
      "groupName": "sector_2",
      "capzone__capRewardPartCap": 1.8,
      "capzone__curTeamCapturingZone": -1,
      "capzone__mustBeCapturedByTeam": 2,
      "capzone__caption": "capzone/guest_house",
      "capzone__capTime": 20.0,
      "capzone__capTeam": 1,
      "capzone__progress": 1.0,
      "active": false,
      "capzone__decapTime": 20.0,
      "ui_order": 2,
      "capzone__autoDecap": false,
      "capzone__autoCap": false,
      "capzone__owningTeam": 1,
      "capzone__capReward": 500.0,
      "capzone__title": "C",
      "capzone__checkAllZonesInGroup": true,
      "capzone__deactivateAfterTimeout": 25.0,
      "capzone__spawnAtZoneTimeout": 25.0,
      "capzone__createRespawnBaseForTeam": 1,
      "decal__thickness": 0.15,
      "decal__height": 4.0,
      "sphere_zone__radius": 12.0,
      "capzone__createRespawnBase": "respawnBaseGroupActivator",
      "capzone__createdRespawnBaseGroup": 4,
      "capzone__activateChoice:object": {
        "sector_3": 1.0
      }
    }
  },
  {
    "entity": {
      "_template": "defend_zone_chained_box+defend_zone_respawnbase",
      "transform": [
        [19.7203,0.0,2.90671],
        [0.0,7.44277,0.0],
        [-2.06856,0.0,17.2727],
        [-247.071,24.5187,-134.82]
      ],
      "capzone__capRewardPartCap": 1.8,
      "capzone__curTeamCapturingZone": -1,
      "capzone__mustBeCapturedByTeam": 2,
      "groupName": "sector_3",
      "capzone__capTime": 20.0,
      "capzone__capTeam": 1,
      "capzone__progress": 1.0,
      "active": false,
      "capzone__decapTime": 20.0,
      "ui_order": 0,
      "capzone__autoDecap": false,
      "capzone__autoCap": false,
      "capzone__owningTeam": 1,
      "capzone__capReward": 500.0,
      "capzone__title": "E",
      "capzone__caption": "capzone/guest_house",
      "capzone__checkAllZonesInGroup": true,
      "capzone__deactivateAfterTimeout": 25.0,
      "capzone__spawnAtZoneTimeout": 25.0,
      "capzone__createRespawnBaseForTeam": 1,
      "capzone__createRespawnBase": "respawnBaseGroupActivator",
      "capzone__createdRespawnBaseGroup": 3,
      "decal__thickness": 0.15,
      "decal__height": 0.7
    }
  },
  {
    "entity": {
      "_template": "defend_zone_chained_box+defend_zone_respawnbase",
      "transform": [
        [78.6435,0.0,11.5301],
        [0.0,5.69568,0.0],
        [-6.16671,0.0,41.6166],
        [-251.244,22.5217,-55.2388]
      ],
      "capzone__capRewardPartCap": 1.8,
      "capzone__curTeamCapturingZone": -1,
      "capzone__mustBeCapturedByTeam": 2,
      "groupName": "sector_3",
      "capzone__capTime": 10.0,
      "capzone__capTeam": 1,
      "capzone__progress": 1.0,
      "active": false,
      "capzone__decapTime": 10.0,
      "ui_order": 1,
      "capzone__autoDecap": false,
      "capzone__autoCap": false,
      "capzone__owningTeam": 1,
      "capzone__capReward": 500.0,
      "capzone__title": "F",
      "capzone__caption": "capzone/palace",
      "capzone__checkAllZonesInGroup": true,
      "capzone__deactivateAfterTimeout": 25.0,
      "capzone__spawnAtZoneTimeout": 25.0,
      "capzone__createRespawnBaseForTeam": 1,
      "capzone__createRespawnBase": "respawnBaseGroupActivator",
      "capzone__createdRespawnBaseGroup": 3,
      "decal__thickness": 0.15,
      "decal__height": 0.7
    }
  },
  {
    "entity": {
      "_template": "resupply_in_air_zone",
      "transform": [
        [-0.130834,0.0,-0.991403],
        [0.0,1.0,0.0],
        [0.991403,0.0,-0.130834],
        [-2106.32,464.447,2032.19]
      ],
      "resupply_zone__team": 1
    }
  },
  {
    "entity": {
      "_template": "respAircraftInAir",
      "respawnbaseType": "aircraft_fighter",
      "transform": [
        [-0.870974,0.0,-0.491331],
        [0.0,1.0,0.0],
        [0.491331,0.0,-0.870974],
        [3243.31,751.203,1868.42]
      ],
      "team": 2,
      "maxVehicleOnSpawn": 1,
      "respTime": 120
    }
  },
  {
    "entity": {
      "_template": "respAircraftInAir",
      "respawnbaseType": "aircraft_assault",
      "transform": [
        [-0.936685,0.0,-0.350174],
        [0.0,1.0,0.0],
        [0.350175,0.0,-0.936685],
        [3201.18,598.667,1736.88]
      ],
      "team": 2,
      "maxVehicleOnSpawn": 1,
      "respTime": 120
    }
  },
  {
    "entity": {
      "_template": "respAircraftInAir",
      "respawnbaseType": "aircraft_fighter",
      "transform": [
        [-0.817125,0.0,-0.576461],
        [0.0,1.0,0.0],
        [0.576461,0.0,-0.817125],
        [3262.52,751.203,1712.98]
      ],
      "team": 2,
      "maxVehicleOnSpawn": 1,
      "respTime": 120
    }
  },
  {
    "entity": {
      "_template": "respAircraftInAir",
      "respawnbaseType": "aircraft_assault",
      "transform": [
        [-0.846053,0.0,-0.533099],
        [0.0,1.0,0.0],
        [0.533099,0.0,-0.846054],
        [3171.01,598.667,1911.51]
      ],
      "team": 2,
      "maxVehicleOnSpawn": 1,
      "respTime": 120
    }
  },
  {
    "entity": {
      "_template": "resupply_in_air_zone",
      "transform": [
        [0.883982,0.0,0.467523],
        [0.0,1.0,0.0],
        [-0.467523,0.0,0.883982],
        [2584.77,564.264,-1544.24]
      ],
      "resupply_zone__team": 2
    }
  },
  {
    "entity": {
      "_template": "respAircraftInAir",
      "respawnbaseType": "aircraft_fighter",
      "transform": [
        [0.98779,0.0,-0.155792],
        [0.0,1.0,0.0],
        [0.155792,-0.0,0.98779],
        [-3523.89,739.75,-221.251]
      ],
      "team": 1,
      "maxVehicleOnSpawn": 1,
      "respTime": 120
    }
  },
  {
    "entity": {
      "_template": "respAircraftInAir",
      "respawnbaseType": "aircraft_assault",
      "transform": [
        [0.997701,0.0,0.0677764],
        [0.0,1.0,-0.0],
        [-0.0677764,0.0,0.997701],
        [-3489.61,612.849,-228.464]
      ],
      "team": 1,
      "maxVehicleOnSpawn": 1,
      "respTime": 120
    }
  },
  {
    "entity": {
      "_template": "respAircraftInAir",
      "respawnbaseType": "aircraft_fighter",
      "transform": [
        [0.999855,0.0,-0.0170487],
        [0.0,1.0,0.0],
        [0.0170487,-0.0,0.999855],
        [-3529.37,739.75,-70.7628]
      ],
      "team": 1,
      "maxVehicleOnSpawn": 1,
      "respTime": 120
    }
  },
  {
    "entity": {
      "_template": "respAircraftInAir",
      "respawnbaseType": "aircraft_assault",
      "transform": [
        [0.99762,0.0,-0.068945],
        [0.0,1.0,0.0],
        [0.068945,-0.0,0.99762],
        [-3458.56,612.849,-52.2437]
      ],
      "team": 1,
      "maxVehicleOnSpawn": 1,
      "respTime": 120
    }
  },
  {
    "entity": {
      "_template": "respawnChooser+respTeam1",
      "transform": [
        [0.694512,0.0,0.71948],
        [0.0,1.0,0.0],
        [-0.71948,0.0,0.694512],
        [-370.61,16.2146,-201.739]
      ],
      "groupName": "sector_3",
      "active": false
    }
  },
  {
    "entity": {
      "_template": "respawnChooser+respTeam1",
      "transform": [
        [0.466477,0.0,0.884532],
        [0.0,1.0,0.0],
        [-0.884532,0.0,0.466477],
        [-374.417,15.9802,-199.08]
      ],
      "groupName": "sector_3",
      "active": false
    }
  },
  {
    "entity": {
      "_template": "respawnChooser+respTeam1",
      "transform": [
        [0.999993,0.0,0.0039713],
        [0.0,1.0,-0.0],
        [-0.0039713,0.0,0.999993],
        [-394.562,11.4086,-53.4056]
      ],
      "groupName": "sector_3",
      "respawnBaseGroup": 2,
      "active": false
    }
  },
  {
    "entity": {
      "_template": "respawnChooser+respTeam1",
      "transform": [
        [0.79129,0.0,-0.61144],
        [0.0,1.0,0.0],
        [0.61144,-0.0,0.79129],
        [-388.937,11.496,-41.915]
      ],
      "groupName": "sector_3",
      "respawnBaseGroup": 2,
      "active": false
    }
  },
  {
    "entity": {
      "_template": "respawnChooser+respVehicle",
      "transform": [
        [0.560523,0.0,0.828139],
        [0.0,1.0,-0.0],
        [-0.828139,0.0,0.560523],
        [-527.105,4.37054,-196.382]
      ],
      "team": 1,
      "groupName": "sector_3",
      "respTime": 150,
      "maxVehicleOnSpawn": 2,
      "active": false
    }
  },
  {
    "entity": {
      "_template": "respawnChooser+respMotorcycle",
      "transform": [
        [0.720551,0.0,-0.693402],
        [0.0,1.0,0.0],
        [0.693402,-0.0,0.720551],
        [-448.468,5.44295,-85.8802]
      ],
      "groupName": "sector_3",
      "team": 1,
      "active": false
    }
  },
  {
    "entity": {
      "_template": "respawnChooser+respTeam2",
      "transform": [
        [-0.786383,0.0,-0.617739],
        [0.0,1.0,0.0],
        [0.617739,0.0,-0.786383],
        [-113.301,15.7946,17.7851]
      ],
      "groupName": "sector_3",
      "active": false
    }
  },
  {
    "entity": {
      "_template": "respawnChooser+respTeam2",
      "transform": [
        [-0.750146,0.0,-0.661273],
        [0.0,1.0,0.0],
        [0.661273,0.0,-0.750146],
        [-120.288,15.8004,23.2152]
      ],
      "groupName": "sector_3",
      "active": false
    }
  },
  {
    "entity": {
      "_template": "respawnChooser+respTeam2",
      "transform": [
        [-0.578348,0.0,0.81579],
        [0.0,1.0,0.0],
        [-0.81579,0.0,-0.578348],
        [-89.6687,22.1424,-143.484]
      ],
      "groupName": "sector_3",
      "respawnBaseGroup": 2,
      "active": false
    }
  },
  {
    "entity": {
      "_template": "respawnChooser+respTeam2",
      "transform": [
        [-0.99072,0.0,-0.135917],
        [0.0,1.0,0.0],
        [0.135917,0.0,-0.99072],
        [-92.6371,21.9956,-104.592]
      ],
      "groupName": "sector_3",
      "respawnBaseGroup": 2,
      "active": false
    }
  },
  {
    "entity": {
      "_template": "respawnChooser+respTeam2",
      "transform": [
        [-0.752338,0.0,0.658778],
        [0.0,1.0,0.0],
        [-0.658778,0.0,-0.752338],
        [-76.9659,22.0667,-124.744]
      ],
      "groupName": "sector_3",
      "respawnBaseGroup": 2,
      "active": false
    }
  },
  {
    "entity": {
      "_template": "respawnChooser+respVehicle",
      "transform": [
        [-0.99253,0.0,-0.122001],
        [0.0,1.0,0.0],
        [0.122001,0.0,-0.99253],
        [16.9659,18.4348,62.6134]
      ],
      "active": false,
      "groupName": "sector_3",
      "respTime": 150,
      "maxVehicleOnSpawn": 2,
      "team": 2
    }
  },
  {
    "entity": {
      "_template": "respawnChooser+respMotorcycle",
      "transform": [
        [-0.919058,0.0,0.394123],
        [0.0,1.0,0.0],
        [-0.394123,0.0,-0.919058],
        [51.152,23.2496,-102.256]
      ],
      "groupName": "sector_3",
      "team": 2,
      "active": false
    }
  },
  {
    "entity": {
      "_template": "respawnChooser+respTeam1",
      "transform": [
        [0.775932,0.0,0.630817],
        [0.0,1.0,0.0],
        [-0.630817,0.0,0.775932],
        [-212.544,19.9539,-62.9347]
      ],
      "groupName": "sector_2",
      "active": false
    }
  },
  {
    "entity": {
      "_template": "respawnChooser+respTeam1",
      "transform": [
        [0.954027,0.0,-0.299718],
        [0.0,1.0,0.0],
        [0.299718,0.0,0.954027],
        [-215.089,20.1416,-43.8305]
      ],
      "groupName": "sector_2",
      "active": false
    }
  },
  {
    "entity": {
      "_template": "respawnChooser+respTeam1",
      "transform": [
        [0.999613,0.0,-0.0278128],
        [0.0,1.0,0.0],
        [0.0278128,0.0,0.999613],
        [-218.901,20.486,-84.6156]
      ],
      "groupName": "sector_2",
      "active": false
    }
  },
  {
    "entity": {
      "_template": "respawnChooser+respTeam1",
      "transform": [
        [0.944227,0.0,0.329295],
        [0.0,1.0,0.0],
        [-0.329295,0.0,0.944227],
        [-214.192,21.43,-154.434]
      ],
      "groupName": "sector_2",
      "respawnBaseGroup": 2,
      "active": false
    }
  },
  {
    "entity": {
      "_template": "respawnChooser+respTeam1",
      "transform": [
        [0.992851,0.0,0.119364],
        [0.0,1.0,0.0],
        [-0.119364,0.0,0.992851],
        [-214.296,21.1211,-136.475]
      ],
      "groupName": "sector_2",
      "respawnBaseGroup": 2,
      "active": false
    }
  },
  {
    "entity": {
      "_template": "respawnChooser+respTeam1",
      "transform": [
        [0.977339,0.0,0.21168],
        [0.0,1.0,0.0],
        [-0.21168,0.0,0.977339],
        [-216.008,20.8643,-129.201]
      ],
      "groupName": "sector_2",
      "respawnBaseGroup": 2,
      "active": false
    }
  },
  {
    "entity": {
      "_template": "respawnChooser+respVehicle",
      "transform": [
        [0.298749,0.0,0.954331],
        [0.0,1.0,0.0],
        [-0.954331,0.0,0.298749],
        [-316.359,20.1231,-152.87]
      ],
      "groupName": "sector_2",
      "team": 1,
      "respTime": 150,
      "maxVehicleOnSpawn": 2,
      "active": false
    }
  },
  {
    "entity": {
      "_template": "respawnChooser+respMotorcycle",
      "transform": [
        [0.692208,0.0,-0.721699],
        [0.0,1.0,0.0],
        [0.721699,-0.0,0.692208],
        [-329.468,20.626,-82.6589]
      ],
      "groupName": "sector_2",
      "team": 1,
      "active": false
    }
  },
  {
    "entity": {
      "_template": "respawnChooser+respTeam2",
      "transform": [
        [-0.682195,0.0,-0.731171],
        [0.0,1.0,0.0],
        [0.731171,0.0,-0.682195],
        [111.491,24.436,51.3633]
      ],
      "groupName": "sector_2",
      "respawnBaseGroup": 1,
      "active": false
    }
  },
  {
    "entity": {
      "_template": "respawnChooser+respTeam2",
      "transform": [
        [-0.78028,0.0,-0.625431],
        [0.0,1.0,0.0],
        [0.625431,0.0,-0.78028],
        [105.693,24.1989,62.5082]
      ],
      "groupName": "sector_2",
      "active": false
    }
  },
  {
    "entity": {
      "_template": "respawnChooser+respTeam2",
      "transform": [
        [-0.831708,0.0,-0.555213],
        [0.0,1.0,0.0],
        [0.555213,0.0,-0.831708],
        [102.731,22.8749,72.6684]
      ],
      "groupName": "sector_2",
      "active": false
    }
  },
  {
    "entity": {
      "_template": "respawnChooser+respTeam2",
      "transform": [
        [-0.932299,0.0,-0.36169],
        [0.0,1.0,0.0],
        [0.36169,0.0,-0.932299],
        [139.567,23.071,-84.1306]
      ],
      "groupName": "sector_2",
      "respawnBaseGroup": 2,
      "active": false
    }
  },
  {
    "entity": {
      "_template": "respawnChooser+respTeam2",
      "transform": [
        [-0.819944,0.0,0.572443],
        [0.0,1.0,0.0],
        [-0.572443,0.0,-0.819944],
        [128.194,23.0554,-74.988]
      ],
      "groupName": "sector_2",
      "respawnBaseGroup": 2,
      "active": false
    }
  },
  {
    "entity": {
      "_template": "respawnChooser+respTeam2",
      "transform": [
        [-0.88814,0.0,0.459574],
        [0.0,1.0,0.0],
        [-0.459574,0.0,-0.88814],
        [114.163,23.1082,-49.064]
      ],
      "groupName": "sector_2",
      "respawnBaseGroup": 2,
      "active": false
    }
  },
  {
    "entity": {
      "_template": "respawnChooser+respVehicle",
      "transform": [
        [-0.803811,0.0,-0.594884],
        [0.0,1.0,0.0],
        [0.594884,0.0,-0.803811],
        [234.802,19.6631,87.1003]
      ],
      "active": false,
      "groupName": "sector_2",
      "respTime": 150,
      "maxVehicleOnSpawn": 2,
      "team": 2
    }
  },
  {
    "entity": {
      "_template": "respawnChooser+respMotorcycle",
      "transform": [
        [-0.919718,0.0,-0.392578],
        [0.0,1.0,0.0],
        [0.392578,0.0,-0.919718],
        [265.65,19.6019,4.19927]
      ],
      "groupName": "sector_2",
      "team": 2,
      "active": false
    }
  },
  {
    "entity": {
      "_template": "respawnChooser+respTeam1",
      "transform": [
        [0.832016,0.0,-0.554752],
        [0.0,1.0,0.0],
        [0.554752,-0.0,0.832016],
        [-12.5262,20.237,6.20988]
      ],
      "groupName": "sector_1",
      "active": false
    }
  },
  {
    "entity": {
      "_template": "respawnChooser+respTeam1",
      "transform": [
        [1.0,0.0,0.0],
        [0.0,1.0,0.0],
        [0.0,0.0,1.0],
        [-29.6976,17.3524,42.6999]
      ],
      "groupName": "sector_1",
      "active": false
    }
  },
  {
    "entity": {
      "_template": "respawnChooser+respTeam1",
      "transform": [
        [0.954022,0.0,0.299738],
        [0.0,1.0,-0.0],
        [-0.299738,0.0,0.954022],
        [34.3166,22.647,-111.879]
      ],
      "groupName": "sector_1",
      "respawnBaseGroup": 2,
      "active": false
    }
  },
  {
    "entity": {
      "_template": "respawnChooser+respTeam1",
      "transform": [
        [0.352649,0.0,0.935754],
        [0.0,1.0,-0.0],
        [-0.935754,0.0,0.352649],
        [50.3634,23.525,-135.755]
      ],
      "groupName": "sector_1",
      "active": false,
      "respawnBaseGroup": 2
    }
  },
  {
    "entity": {
      "_template": "respawnChooser+respVehicle",
      "transform": [
        [0.992702,0.0,0.120588],
        [0.0,1.0,0.0],
        [-0.120588,0.0,0.992702],
        [-100.71,21.8348,-119.829]
      ],
      "groupName": "sector_1",
      "team": 1,
      "active": false,
      "respTime": 150,
      "maxVehicleOnSpawn": 2
    }
  },
  {
    "entity": {
      "_template": "respawnChooser+respMotorcycle",
      "transform": [
        [0.907982,0.0,0.41901],
        [0.0,1.0,0.0],
        [-0.41901,0.0,0.907982],
        [-97.189,22.2008,-54.2595]
      ],
      "active": false,
      "groupName": "sector_1",
      "team": 1
    }
  },
  {
    "entity": {
      "_template": "respawnChooser+respTeam2",
      "transform": [
        [-0.495417,0.0,-0.868656],
        [0.0,1.0,0.0],
        [0.868656,0.0,-0.495417],
        [245.019,17.0839,153.714]
      ],
      "groupName": "sector_1",
      "active": false
    }
  },
  {
    "entity": {
      "_template": "respawnChooser+respTeam2",
      "transform": [
        [-0.691015,0.0,-0.72284],
        [0.0,1.0,0.0],
        [0.72284,0.0,-0.691015],
        [240.425,17.2394,155.409]
      ],
      "groupName": "sector_1",
      "active": false
    }
  },
  {
    "entity": {
      "_template": "respawnChooser+respTeam2",
      "transform": [
        [-0.861784,0.0,-0.507276],
        [0.0,1.0,0.0],
        [0.507276,0.0,-0.861784],
        [286.75,18.7008,85.7568]
      ],
      "groupName": "sector_1",
      "respawnBaseGroup": 2,
      "active": false
    }
  },
  {
    "entity": {
      "_template": "respawnChooser+respTeam2",
      "transform": [
        [-0.827371,0.0,-0.561656],
        [0.0,1.0,0.0],
        [0.561656,0.0,-0.827371],
        [306.285,19.1054,63.7088]
      ],
      "groupName": "sector_1",
      "respawnBaseGroup": 2,
      "active": false
    }
  },
  {
    "entity": {
      "_template": "respawnChooser+respTeam2",
      "transform": [
        [-0.882624,0.0,-0.470079],
        [0.0,1.0,0.0],
        [0.470079,0.0,-0.882624],
        [292.591,18.4379,74.6431]
      ],
      "groupName": "sector_1",
      "respawnBaseGroup": 2,
      "active": false
    }
  },
  {
    "entity": {
      "_template": "respawnChooser+respVehicle",
      "transform": [
        [-0.982843,0.0,0.184445],
        [0.0,1.0,0.0],
        [-0.184445,0.0,-0.982843],
        [375.142,14.406,136.468]
      ],
      "active": false,
      "groupName": "sector_1",
      "team": 2,
      "respTime": 150,
      "maxVehicleOnSpawn": 2
    }
  },
  {
    "entity": {
      "_template": "respawnChooser+respMotorcycle",
      "transform": [
        [-0.949178,0.0,-0.314738],
        [0.0,1.0,0.0],
        [0.314738,0.0,-0.949178],
        [383.205,13.708,219.218]
      ],
      "groupName": "sector_1",
      "team": 2,
      "active": false
    }
  },
  {
    "entity": {
      "_template": "tunisia_level",
      "level__blk": "content/enlisted/levels/tunisia_4x4.blk"
    }
  },
  {
    "entity": {
      "_template": "clouds_hole_target",
      "transform": [
        [1.0,0.0,0.0],
        [0.0,1.0,0.0],
        [0.0,0.0,1.0],
        [0.0,0.0,0.0]
      ]
    }
  },
  {
    "entity": {
      "_template": "water",
      "water__strength": 0.6,
      "water__level": 0.0,
      "water__wind_dir": 40.0
    }
  },
  {
    "entity": {
      "_template": "wind"
    }
  },
  {
    "entity": {
      "_template": "respawn_camera",
      "transform": [
        [1.0,0.0,0.0],
        [0.0,1.0,0.0],
        [0.0,0.0,1.0],
        [-831.029,280.343,-301.694]
      ],
      "respawnCameraForTeam": 1
    }
  },
  {
    "entity": {
      "_template": "respawn_camera",
      "transform": [
        [1.0,0.0,0.0],
        [0.0,1.0,0.0],
        [0.0,0.0,1.0],
        [74.4812,314.186,-32.699]
      ],
      "respawnCameraForTeam": 2
    }
  },
  {
    "entity": {
      "_template": "respawn_point_selector+auto_respawn_point_selector",
      "transform": [
        [1.0,0.0,0.0],
        [0.0,1.0,0.0],
        [0.0,0.0,1.0],
        [361.027,13.3292,227.843]
      ]
    }
  },
  {
    "entity": {
      "_template": "respawnBaseWithGroupOnCapturePoint",
      "transform": [
        [0.984243,0.0,-0.176818],
        [0.0,1.0,0.0],
        [0.176818,-0.0,0.984243],
        [-248.319,21.4002,-136.192]
      ],
      "groupName": "sector_3",
      "respawnBaseGroup": 3,
      "team": 2,
      "active": false
    }
  },
  {
    "entity": {
      "_template": "respawnBaseWithGroupOnCapturePoint",
      "transform": [
        [0.23466,0.0,0.972078],
        [0.0,1.0,-0.0],
        [-0.972078,0.0,0.23466],
        [-249.85,21.1523,-133.659]
      ],
      "active": false,
      "groupName": "sector_3",
      "team": 2,
      "respawnBaseGroup": 3
    }
  },
  {
    "entity": {
      "_template": "respawnBaseWithGroupOnCapturePoint",
      "transform": [
        [0.999592,0.0,0.0285685],
        [0.0,1.0,-0.0],
        [-0.0285685,0.0,0.999592],
        [-231.919,20.8828,-41.2952]
      ],
      "groupName": "sector_3",
      "team": 2,
      "respawnBaseGroup": 3,
      "active": false
    }
  },
  {
    "entity": {
      "_template": "respawnBaseWithGroupOnCapturePoint",
      "transform": [
        [0.931799,0.0,0.362974],
        [0.0,1.0,-0.0],
        [-0.362974,0.0,0.931799],
        [-227.635,20.6407,-62.851]
      ],
      "active": false,
      "groupName": "sector_3",
      "respawnBaseGroup": 3,
      "team": 2
    }
  },
  {
    "entity": {
      "_template": "respawnBaseWithGroupOnCapturePoint",
      "transform": [
        [0.998154,0.0,-0.0607385],
        [0.0,1.0,0.0],
        [0.0607385,-0.0,0.998154],
        [-45.2265,21.9978,-34.1669]
      ],
      "active": false,
      "groupName": "sector_2",
      "respawnBaseGroup": 4,
      "team": 2
    }
  },
  {
    "entity": {
      "_template": "respawnBaseWithGroupOnCapturePoint",
      "transform": [
        [0.998439,0.0,-0.0558442],
        [0.0,1.0,0.0],
        [0.0558442,-0.0,0.998439],
        [-43.5314,21.9978,-47.9314]
      ],
      "active": false,
      "groupName": "sector_2",
      "respawnBaseGroup": 4,
      "team": 2
    }
  },
  {
    "entity": {
      "_template": "respawnBaseWithGroupOnCapturePoint",
      "transform": [
        [0.510114,0.0,-0.860106],
        [0.0,1.0,0.0],
        [0.860106,-0.0,0.510114],
        [-54.4164,22.004,-93.4436]
      ],
      "active": false,
      "groupName": "sector_2",
      "respawnBaseGroup": 4,
      "team": 2
    }
  },
  {
    "entity": {
      "_template": "respawnBaseWithGroupOnCapturePoint",
      "transform": [
        [0.673199,0.0,0.739462],
        [0.0,1.0,-0.0],
        [-0.739462,0.0,0.673199],
        [-54.7861,22.2804,-90.8197]
      ],
      "active": false,
      "groupName": "sector_2",
      "respawnBaseGroup": 4,
      "team": 2
    }
  },
  {
    "entity": {
      "_template": "respawnBaseWithGroupOnCapturePoint",
      "transform": [
        [0.915324,0.0,0.402717],
        [0.0,1.0,-0.0],
        [-0.402717,0.0,0.915324],
        [103.117,24.0754,61.4961]
      ],
      "groupName": "sector_1",
