[
  {
    "import": {
      "scene": "content/enlisted/gamedata/scenes/_tunisia_sounds.blk"
    }
  },
  {
    "import": {
      "scene": "content/enlisted/gamedata/scenes/_tunisia_level.blk"
    }
  },
  {
    "entity": {
      "_template": "poly_battle_area",
      "transform": [
        [1.0,0.0,0.0],
        [0.0,1.0,0.0],
        [0.0,0.0,1.0],
        [-219.553,20.3439,-190.573]
      ],
      "groupName": "sector_1",
      "active": false,
      "battle_area__team": 2,
      "battleAreaId": "area1_2",
      "poly_area__points:list<p3>": [
        {
          "item": [-446.69,6.06304,-459.223]
        },
        {
          "item": [-471.426,3.77422,-514.759]
        },
        {
          "item": [-419.34,6.73799,-594.621]
        },
        {
          "item": [-374.302,9.92023,-692.33]
        },
        {
          "item": [-308.826,5.85361,-714.259]
        },
        {
          "item": [-224.643,-1.52588e-05,-738.756]
        },
        {
          "item": [-170.206,6.06304,-729.214]
        },
        {
          "item": [-110.585,6.06304,-656.416]
        },
        {
          "item": [-125.483,6.06316,-534.788]
        },
        {
          "item": [-139.375,6.06303,-493.913]
        },
        {
          "item": [-154.798,6.06314,-464.173]
        },
        {
          "item": [-160.834,6.063,-452.944]
        },
        {
          "item": [-173.76,6.063,-439.411]
        },
        {
          "item": [-196.317,6.063,-420.493]
        },
        {
          "item": [-218.311,11.6907,-403.184]
        },
        {
          "item": [-236.331,11.7004,-372.525]
        },
        {
          "item": [-322.947,13.794,-390.274]
        },
        {
          "item": [-351.923,12.6519,-405.64]
        },
        {
          "item": [-392.44,6.06299,-401.169]
        }
      ]
    }
  },
  {
    "entity": {
      "_template": "poly_battle_area",
      "transform": [
        [1.0,0.0,0.0],
        [0.0,1.0,0.0],
        [0.0,0.0,1.0],
        [-219.553,20.3439,-190.573]
      ],
      "groupName": "sector_1",
      "active": false,
      "battle_area__team": 1,
      "battleAreaId": "area1_1",
      "poly_area__points:list<p3>": [
        {
          "item": [138.682,6.06304,-686.989]
        },
        {
          "item": [106.059,6.06304,-593.165]
        },
        {
          "item": [45.5219,21.7582,-503.797]
        },
        {
          "item": [9.20315,16.381,-443.648]
        },
        {
          "item": [-30.8982,12.9905,-427.907]
        },
        {
          "item": [-91.8875,10.9445,-431.432]
        },
        {
          "item": [-129.811,10.8475,-445.66]
        },
        {
          "item": [-157.894,11.8657,-441.215]
        },
        {
          "item": [-170.427,9.71016,-474.909]
        },
        {
          "item": [-188.193,9.38174,-507.755]
        },
        {
          "item": [-195.901,10.1185,-539.955]
        },
        {
          "item": [-217.633,10.2394,-563.643]
        },
        {
          "item": [-237.79,3.4431,-589.964]
        },
        {
          "item": [-252.203,0.0,-630.333]
        },
        {
          "item": [-288.425,4.89325,-748.277]
        },
        {
          "item": [-293.305,6.06304,-824.95]
        },
        {
          "item": [-296.666,5.39012,-841.24]
        },
        {
          "item": [-293.774,7.70941,-890.521]
        },
        {
          "item": [-167.451,3.68086,-895.732]
        },
        {
          "item": [-124.293,9.37321,-875.509]
        },
        {
          "item": [-57.2571,34.9133,-822.637]
        },
        {
          "item": [-19.7285,18.9274,-806.471]
        }
      ]
    }
  },
  {
    "entity": {
      "_template": "poly_battle_area",
      "transform": [
        [1.0,0.0,0.0],
        [0.0,1.0,0.0],
        [0.0,0.0,1.0],
        [-219.553,20.3439,-190.573]
      ],
      "groupName": "sector_2",
      "active": false,
      "battle_area__team": 2,
      "battleAreaId": "area2_2",
      "poly_area__points:list<p3>": [
        {
          "item": [-285.87,6.06304,-481.755]
        },
        {
          "item": [-298.085,6.48575,-496.222]
        },
        {
          "item": [-353.094,5.11546,-524.063]
        },
        {
          "item": [-403.914,2.61639,-583.42]
        },
        {
          "item": [-386.944,4.92148,-617.248]
        },
        {
          "item": [-337.474,6.06302,-658.078]
        },
        {
          "item": [-293.141,6.06302,-706.798]
        },
        {
          "item": [-295.464,6.06302,-742.394]
        },
        {
          "item": [-296.137,6.06304,-829.484]
        },
        {
          "item": [-295.785,6.06304,-857.513]
        },
        {
          "item": [-192.29,6.06304,-844.365]
        },
        {
          "item": [-157.862,6.06304,-841.835]
        },
        {
          "item": [-104.562,6.06304,-821.917]
        },
        {
          "item": [-53.3854,18.4834,-806.604]
        },
        {
          "item": [-25.7596,16.7241,-791.931]
        },
        {
          "item": [39.2077,29.7418,-697.838]
        },
        {
          "item": [65.5597,30.3226,-663.34]
        },
        {
          "item": [77.7974,25.7411,-606.386]
        },
        {
          "item": [69.5657,23.4843,-552.866]
        },
        {
          "item": [20.6016,6.063,-496.12]
        },
        {
          "item": [-48.8931,11.7587,-456.356]
        },
        {
          "item": [-140.187,6.06301,-464.419]
        }
      ]
    }
  },
  {
    "entity": {
      "_template": "poly_battle_area",
      "transform": [
        [1.0,0.0,0.0],
        [0.0,1.0,0.0],
        [0.0,0.0,1.0],
        [-219.553,20.3439,-190.573]
      ],
      "groupName": "sector_2",
      "active": false,
      "battle_area__team": 1,
      "battleAreaId": "area2_1",
      "poly_area__points:list<p3>": [
        {
          "item": [339.957,6.06304,-891.417]
        },
        {
          "item": [273.572,35.1479,-750.058]
        },
        {
          "item": [201.115,29.6468,-654.309]
        },
        {
          "item": [133.26,24.1619,-588.448]
        },
        {
          "item": [97.8871,24.1203,-583.63]
        },
        {
          "item": [44.3813,23.991,-625.533]
        },
        {
          "item": [-2.68357,26.9128,-662.248]
        },
        {
          "item": [-51.502,27.3578,-679.205]
        },
        {
          "item": [-92.4147,6.57614,-671.417]
        },
        {
          "item": [-131.441,3.01659,-674.054]
        },
        {
          "item": [-175.31,6.06326,-738.537]
        },
        {
          "item": [-285.612,6.06335,-746.439]
        },
        {
          "item": [-298.617,6.06335,-755.309]
        },
        {
          "item": [-344.994,6.06335,-757.021]
        },
        {
          "item": [-410.675,6.06335,-773.185]
        },
        {
          "item": [-328.814,6.06335,-989.359]
        },
        {
          "item": [-213.344,6.0632,-1127.9]
        },
        {
          "item": [-120.452,6.0632,-1111.42]
        },
        {
          "item": [-7.56369,6.0632,-1053.88]
        },
        {
          "item": [33.4504,6.06323,-1021.16]
        }
      ]
    }
  },
  {
    "entity": {
      "_template": "poly_battle_area",
      "transform": [
        [1.0,0.0,0.0],
        [0.0,1.0,0.0],
        [0.0,0.0,1.0],
        [-219.553,20.3439,-190.573]
      ],
      "groupName": "sector_3",
      "active": false,
      "battle_area__team": 2,
      "battleAreaId": "area3_2",
      "poly_area__points:list<p3>": [
        {
          "item": [-56.7798,18.1532,-915.023]
        },
        {
          "item": [-40.7038,18.2213,-910.34]
        },
        {
          "item": [-33.1586,18.3422,-905.932]
        },
        {
          "item": [2.67184,6.06303,-896.714]
        },
        {
          "item": [27.1594,22.3097,-889.982]
        },
        {
          "item": [52.0277,23.5587,-887.611]
        },
        {
          "item": [131.273,25.3947,-824.549]
        },
        {
          "item": [193.453,30.8531,-766.237]
        },
        {
          "item": [228.694,6.06304,-716.789]
        },
        {
          "item": [187.817,27.8778,-652.578]
        },
        {
          "item": [118.692,24.4911,-587.488]
        },
        {
          "item": [62.698,23.0185,-540.068]
        },
        {
          "item": [-4.52083,15.2441,-504.52]
        },
        {
          "item": [-70.1542,6.06302,-479.721]
        },
        {
          "item": [-154.711,6.06302,-479.721]
        },
        {
          "item": [-198.148,9.46909,-504.432]
        },
        {
          "item": [-238.504,7.37244,-546.626]
        },
        {
          "item": [-269.785,6.06288,-590.874]
        },
        {
          "item": [-356.58,6.06281,-709.734]
        },
        {
          "item": [-400.842,6.06284,-746.418]
        },
        {
          "item": [-327.646,16.0195,-973.825]
        },
        {
          "item": [-193.972,6.06284,-948.559]
        },
        {
          "item": [-108.435,11.1777,-938.413]
        }
      ]
    }
  },
  {
    "entity": {
      "_template": "poly_battle_area",
      "transform": [
        [1.0,0.0,0.0],
        [0.0,1.0,0.0],
        [0.0,0.0,1.0],
        [-219.553,20.3439,-190.573]
      ],
      "groupName": "sector_3",
      "active": false,
      "battle_area__team": 1,
      "battleAreaId": "area3_1",
      "poly_area__points:list<p3>": [
        {
          "item": [284.572,6.06304,-1141.61]
        },
        {
          "item": [383.015,6.06304,-840.672]
        },
        {
          "item": [174.938,29.2284,-705.495]
        },
        {
          "item": [128.309,26.3715,-695.109]
        },
        {
          "item": [98.0784,27.4063,-699.442]
        },
        {
          "item": [84.6709,29.4955,-709.327]
        },
        {
          "item": [35.8114,17.1841,-768.782]
        },
        {
          "item": [-21.0088,19.136,-809.58]
        },
        {
          "item": [-37.6251,18.7733,-816.526]
        },
        {
          "item": [-56.3251,17.9054,-814.219]
        },
        {
          "item": [-89.1388,6.06304,-818.906]
        },
        {
          "item": [-144.0,6.06304,-852.773]
        },
        {
          "item": [-259.167,6.06304,-960.768]
        },
        {
          "item": [-188.523,6.06304,-1293.28]
        }
      ]
    }
  },
  {
    "entity": {
      "_template": "aircraft_box_battle_area",
      "transform": [
        [18586.6,0.0,-24824.9],
        [0.0,8000.03,0.0],
        [24824.0,0.0,18587.7],
        [-102.581,240.916,-845.005]
      ],
      "battle_area__team": -1
    }
  },
  {
    "entity": {
      "_template": "american_assault_boat_m1",
      "transform": [
        [-0.237867,-0.00681821,-0.971274],
        [-0.000293712,0.999976,-0.00694776],
        [0.971298,-0.00136737,-0.237864],
        [-244.951,0.102313,-634.46]
      ]
    }
  },
  {
    "entity": {
      "_template": "american_assault_boat_m1",
      "transform": [
        [-0.263669,-0.00681386,-0.964589],
        [-0.000437612,0.999976,-0.00694421],
        [0.964613,-0.00140886,-0.263665],
        [-250.337,0.102313,-632.175]
      ]
    }
  },
  {
    "entity": {
      "_template": "american_assault_boat_m1",
      "transform": [
        [-0.0244396,-0.00681322,-0.999678],
        [0.00122217,0.999976,-0.00684512],
        [0.999701,-0.00138907,-0.0244306],
        [-232.094,0.102314,-636.217]
      ]
    }
  },
  {
    "entity": {
      "_template": "briefing_assault",
      "mission_name": "tunisia_gorge_assault",
      "mission_outfit": "tunisia",
      "loading_images:list<t>": [
        {
          "item": "ui/tunisia_gorge_inv_01.avif"
        },
        {
          "item": "ui/tunisia_gorge_inv_02.avif"
        },
        {
          "item": "ui/tunisia_gorge_inv_03.avif"
        }
      ]
    }
  },
  {
    "entity": {
      "_template": "enemy_attack_marker"
    }
  },
  {
    "entity": {
      "_template": "static_cam",
      "camera__active": true,
      "transform": [
        [-0.972438,0.010104,-0.232943],
        [0.0477078,0.986546,-0.156368],
        [0.228229,-0.163172,-0.959837],
        [-58.23,32.8182,-675.898]
      ]
    }
  },
  {
    "entity": {
      "_template": "minimap_tunisia_tataouine"
    }
  },
  {
    "entity": {
      "_template": "postfx_color_grading_tonemap_death_alive_enlisted"
    }
  },
  {
    "entity": {
      "_template": "bloom"
    }
  },
  {
    "entity": {
      "_template": "postfx_roundctrl"
    }
  },
  {
    "entity": {
      "_template": "session_finalizer",
      "session_finalizer__timer": 10.0
    }
  },
  {
    "entity": {
      "_template": "team_tunisia_axis+team_narrator_assault_attack+respawn_creators_team",
      "team__memberCount": 0.0,
      "team__scoreCap": 3500.0,
      "team__score": 3500.0,
      "team__squadSpawnCost": 250,
      "team__firstSpawnCostMul": 0.0,
      "team__zeroScoreFailTimer": 60.0,
      "team__id": 2,
      "team__briefing": "invasion/attackers_goals",
      "team__winSubtitle": "debriefing/won_invasion_subtitle",
      "team__loseSubtitle": "debriefing/lost_invasion_subtitle",
      "team__winTitle": "debriefing/axis_won_invasion",
      "team__spawnBotArmy": "tunisia_axis"
    }
  },
  {
    "entity": {
      "_template": "team_tunisia_allies+team_narrator_assault_defence+respawn_creators_team",
      "team__countAdd": 0.5,
      "team__memberCount": 0.5,
      "team__scoreCap": 3000.0,
      "team__capturePenalty": 1001.0,
      "team__score": 3000.0,
      "team__id": 1,
      "team__briefing": "invasion/defenders_goals",
      "team__winSubtitle": "debriefing/won_defence_subtitle",
      "team__loseSubtitle": "debriefing/lost_defence_subtitle",
      "team__winTitle": "debriefing/allies_won_defence",
      "team__spawnBotArmy": "tunisia_allies"
    }
  },
  {
    "entity": {
      "_template": "door_mult_ent_generator",
      "ri_extra_gen__blk": "content/enlisted/gamedata/tunisia_doors.blk"
    }
  },
  {
    "entity": {
      "_template": "group_activator",
      "activator__activateChoice:object": {
        "sector_1": 1.0
      }
    }
  },
  {
    "entity": {
      "_template": "tunisia_level",
      "level__blk": "content/enlisted/levels/tunisia_4x4.blk"
    }
  },
  {
    "entity": {
      "_template": "clouds_hole_target",
      "transform": [
        [1.0,0.0,0.0],
        [0.0,1.0,0.0],
        [0.0,0.0,1.0],
        [0.0,0.0,0.0]
      ]
    }
  },
  {
    "entity": {
      "_template": "water",
      "water__strength": 0.6,
      "water__level": 0.0,
      "water__wind_dir": 40.0
    }
  },
  {
    "entity": {
      "_template": "wind"
    }
  },
  {
    "entity": {
      "_template": "respawn_camera",
      "transform": [
        [-0.589458,-0.00837025,-0.807756],
        [0.144704,0.982678,-0.11578],
        [0.794733,-0.185133,-0.578036],
        [207.78,324.217,-1061.19]
      ],
      "moveCameraToHeight": 500.0,
      "respawnSelectorDistanceMult": 2.0,
      "respawnCameraForTeam": 1
    }
  },
  {
    "entity": {
      "_template": "respawn_camera",
      "transform": [
        [0.561512,-0.0479259,0.82608],
        [-0.14432,0.977348,0.154801],
        [-0.814786,-0.206142,0.541876],
        [-277.843,296.754,-441.355]
      ],
      "moveCameraToHeight": 500.0,
      "respawnSelectorDistanceMult": 2.0,
      "respawnCameraForTeam": 2
    }
  },
  {
    "entity": {
      "_template": "respawnChooser+respTeam2",
      "transform": [
        [0.448638,0.0,-0.893715],
        [0.0,1.0,0.0],
        [0.893715,-0.0,0.448638],
        [-276.384,5.39984,-545.742]
      ],
      "groupName": "sector_1",
      "respawnBaseGroup": 1,
      "active": false
    }
  },
  {
    "entity": {
      "_template": "respawnChooser+respTeam2",
      "transform": [
        [0.0515235,0.0,-0.998672],
        [0.0,1.0,0.0],
        [0.998672,-0.0,0.0515235],
        [-259.139,6.02606,-521.278]
      ],
      "groupName": "sector_1",
      "respawnBaseGroup": 1,
      "active": false
    }
  },
  {
    "entity": {
      "_template": "respawnChooser+respTeam1",
      "transform": [
        [-0.96543,0.0,0.260666],
        [0.0,1.0,0.0],
        [-0.260666,0.0,-0.96543],
        [-67.4178,15.584,-640.497]
      ],
      "groupName": "sector_1",
      "respawnBaseGroup": 1,
      "active": false
    }
  },
  {
    "entity": {
      "_template": "respawnChooser+respTeam1",
      "transform": [
        [-0.993131,0.0,0.117018],
        [0.0,1.0,0.0],
        [-0.117018,0.0,-0.993131],
        [-63.5959,15.2997,-626.45]
      ],
      "groupName": "sector_1",
      "respawnBaseGroup": 1,
      "active": false
    }
  },
  {
    "entity": {
      "_template": "respawnChooser+respTeam1",
      "transform": [
        [-0.421743,0.0,0.906716],
        [0.0,1.0,0.0],
        [-0.906717,0.0,-0.421744],
        [-10.8168,18.7256,-863.194]
      ],
      "groupName": "sector_2",
      "respawnBaseGroup": 2,
      "active": false
    }
  },
  {
    "entity": {
      "_template": "respawnChooser+respTeam1",
      "transform": [
        [-0.999715,0.0,0.0239048],
        [0.0,1.0,0.0],
        [-0.0239048,0.0,-0.999715],
        [-8.14444,18.719,-869.824]
      ],
      "groupName": "sector_2",
      "respawnBaseGroup": 2,
      "active": false
    }
  },
  {
    "entity": [
      {
        "_template": "defend_zone_chained_box+defend_zone_respawnbase"
      },
      {
        "transform": [
          [18.3923,0.0,1.70066],
          [0.0,12.4159,0.0],
          [-1.46256,0.0,15.7888],
          [-150.009,12.8897,-607.11]
        ]
      },
      {
        "capzone__capRewardPartCap": 1.8
      },
      {
        "capzone__mustBeCapturedByTeam": 2
      },
      {
        "capzone__curTeamCapturingZone": -1
      },
      {
        "groupName": "sector_1"
      },
      {
        "capzone__capTime": 20.0
      },
      {
        "capzone__autoDecap": false
      },
      {
        "capzone__autoDecap": false
      },
      {
        "capzone__autoCap": false
      },
      {
        "capzone__autoCap": false
      },
      {
        "capzone__capTeam": 1
      },
      {
        "capzone__progress": 1.0
      },
      {
        "active": false
      },
      {
        "capzone__decapTime": 20.0
      },
      {
        "ui_order": 2
      },
      {
        "capzone__capReward": 250.0
      },
      {
        "capzone__title": "A"
      },
      {
        "capzone__caption": "capzone/apartments"
      },
      {
        "capzone__checkAllZonesInGroup": true
      },
      {
        "decal__thickness": 0.15
      },
      {
        "decal__height": 0.7
      },
      {
        "capzone__deactivateAfterTimeout": 25.0
      },
      {
        "capzone__spawnAtZoneTimeout": 25.0
      },
      {
        "capzone__createRespawnBaseForTeam": 1
      },
      {
        "capzone__createRespawnBase": "respawnBaseGroupActivator"
      },
      {
        "capzone__createdRespawnBaseGroup": 3
      },
      {
        "capzone__activateChoice:object": {
          "sector_2": 1.0
        }
      }
    ]
  },
  {
    "entity": {
      "_template": "defend_zone_chained_box+defend_zone_respawnbase",
      "transform": [
        [13.5841,0.0,2.39773],
        [0.0,6.71745,-0.0],
        [-2.23673,0.0,12.672],
        [-117.266,13.8853,-777.349]
      ],
      "capzone__capRewardPartCap": 1.8,
      "capzone__mustBeCapturedByTeam": 2,
      "capzone__curTeamCapturingZone": -1,
      "groupName": "sector_2",
      "capzone__capTime": 20.0,
      "capzone__capTeam": 1,
      "capzone__progress": 1.0,
      "active": false,
      "capzone__decapTime": 20.0,
      "capzone__autoDecap": false,
      "capzone__autoCap": false,
      "ui_order": 2,
      "capzone__capReward": 250.0,
      "capzone__title": "C",
      "capzone__caption": "capzone/apartments",
      "capzone__checkAllZonesInGroup": true,
      "decal__thickness": 0.15,
      "decal__height": 0.7,
      "capzone__deactivateAfterTimeout": 25.0,
      "capzone__spawnAtZoneTimeout": 25.0,
      "capzone__createRespawnBaseForTeam": 1,
      "capzone__createRespawnBase": "respawnBaseGroupActivator",
      "capzone__createdRespawnBaseGroup": 4,
      "capzone__activateChoice:object": {
        "sector_3": 1.0
      }
    }
  },
  {
    "entity": {
      "_template": "defend_zone_chained_box+defend_zone_respawnbase",
      "transform": [
        [12.4088,0.327691,1.5851],
        [-0.217655,7.63878,0.12471],
        [-1.85411,-0.290776,14.5748],
        [-90.1786,14.6845,-768.944]
      ],
      "capzone__capRewardPartCap": 1.8,
      "capzone__mustBeCapturedByTeam": 2,
      "capzone__curTeamCapturingZone": -1,
      "groupName": "sector_2",
      "capzone__capTime": 20.0,
      "capzone__capTeam": 1,
      "capzone__progress": 1.0,
      "active": false,
      "capzone__decapTime": 20.0,
      "capzone__autoDecap": false,
      "capzone__autoCap": false,
      "ui_order": 2,
      "capzone__capReward": 250.0,
      "capzone__title": "B",
      "capzone__caption": "capzone/guest_house",
      "capzone__checkAllZonesInGroup": true,
      "decal__height": 1.5,
      "capzone__deactivateAfterTimeout": 25.0,
      "capzone__spawnAtZoneTimeout": 25.0,
      "capzone__iconOffsetY": 3.0,
      "capzone__createRespawnBaseForTeam": 1,
      "capzone__createRespawnBase": "respawnBaseGroupActivator",
      "capzone__createdRespawnBaseGroup": 5,
      "capzone__activateChoice:object": {
        "sector_3": 1.0
      }
    }
  },
  {
    "entity": {
      "_template": "defend_zone_chained_box+defend_zone_respawnbase",
      "transform": [
        [26.0339,0.0,2.40725],
        [0.0,13.592,0.0],
        [-2.94735,0.0,31.8176],
        [-20.4,24.5209,-850.622]
      ],
      "capzone__capRewardPartCap": 1.8,
      "capzone__mustBeCapturedByTeam": 2,
      "capzone__curTeamCapturingZone": -1,
      "groupName": "sector_3",
      "capzone__capTime": 20.0,
      "capzone__capTeam": 1,
      "capzone__progress": 1.0,
      "active": false,
      "capzone__decapTime": 20.0,
      "capzone__autoDecap": false,
      "capzone__autoCap": false,
      "ui_order": 2,
      "capzone__capReward": 250.0,
      "capzone__title": "D",
      "capzone__caption": "capzone/administration_building",
      "capzone__checkAllZonesInGroup": true,
      "decal__thickness": 0.15,
      "decal__height": 0.7,
      "capzone__deactivateAfterTimeout": 25.0,
      "capzone__spawnAtZoneTimeout": 25.0,
      "capzone__createRespawnBaseForTeam": 1,
      "capzone__createRespawnBase": "respawnBaseGroupActivator",
      "capzone__createdRespawnBaseGroup": 7
    }
  },
  {
    "entity": {
      "_template": "defend_zone_chained_box+defend_zone_respawnbase",
      "transform": [
        [5.38025,0.0,16.9355],
        [0.0,12.7114,-0.0],
        [-21.5348,0.0,6.84139],
        [-114.323,14.2716,-898.285]
      ],
      "capzone__capRewardPartCap": 1.8,
      "capzone__mustBeCapturedByTeam": 2,
      "capzone__curTeamCapturingZone": -1,
      "groupName": "sector_3",
      "capzone__capTime": 20.0,
      "capzone__capTeam": 1,
      "capzone__progress": 1.0,
      "active": false,
      "capzone__decapTime": 20.0,
      "capzone__autoDecap": false,
      "capzone__autoCap": false,
      "ui_order": 2,
      "capzone__capReward": 250.0,
      "capzone__title": "E",
      "capzone__caption": "capzone/apartments",
      "capzone__checkAllZonesInGroup": true,
      "decal__height": 1.5,
      "capzone__deactivateAfterTimeout": 25.0,
      "capzone__spawnAtZoneTimeout": 25.0,
      "capzone__iconOffsetY": 3.0,
      "capzone__createRespawnBaseForTeam": 1,
      "capzone__createRespawnBase": "respawnBaseGroupActivator",
      "capzone__createdRespawnBaseGroup": 6
    }
  },
  {
    "entity": {
      "_template": "respawnChooser+respVehicle",
      "transform": [
        [0.368445,0.0,-0.92965],
        [0.0,1.0,0.0],
        [0.92965,0.0,0.368445],
        [-389.677,3.68134,-488.785]
      ],
      "respTime": 150,
      "team": 2,
      "groupName": "sector_1",
      "maxVehicleOnSpawn": 2,
      "active": false
    }
  },
  {
    "entity": {
      "_template": "respawnChooser+respVehicle",
      "transform": [
        [-0.962086,0.0,0.272749],
        [0.0,1.0,0.0],
        [-0.272749,0.0,-0.962086],
        [90.6399,22.0961,-1007.3]
      ],
      "respTime": 150,
      "team": 1,
      "groupName": "sector_3",
      "maxVehicleOnSpawn": 2,
      "active": false,
      "respawnBaseGroup": 1
    }
  },
  {
    "entity": {
      "_template": "resupply_in_air_zone",
      "transform": [
        [-0.998928,0.0,-0.0462803],
        [0.0,1.0,0.0],
        [0.0462803,0.0,-0.998928],
        [200.585,650.661,2127.42]
      ],
      "resupply_zone__team": 1
    }
  },
  {
    "entity": {
      "_template": "respAircraftInAir",
      "respawnbaseType": "aircraft_fighter",
      "transform": [
        [-0.230768,0.0,0.97301],
        [0.0,1.0,0.0],
        [-0.973009,0.0,-0.230767],
        [1196.2,1023.92,-4117.65]
      ],
      "team": 2,
      "maxVehicleOnSpawn": 1,
      "respTime": 120
    }
  },
  {
    "entity": {
      "_template": "respAircraftInAir",
      "respawnbaseType": "aircraft_assault",
      "transform": [
        [-0.324594,0.0,0.945854],
        [0.0,1.0,0.0],
        [-0.945854,0.0,-0.324594],
        [1025.1,823.92,-4163.82]
      ],
      "team": 2,
      "maxVehicleOnSpawn": 1,
      "respTime": 120
    }
  },
  {
    "entity": {
      "_template": "respAircraftInAir",
      "respawnbaseType": "aircraft_fighter",
      "transform": [
        [-0.272709,0.0,0.962097],
        [0.0,1.0,0.0],
        [-0.962097,0.0,-0.272709],
        [1043.19,1023.92,-4151.13]
      ],
      "team": 2,
      "maxVehicleOnSpawn": 1,
      "respTime": 120
    }
  },
  {
    "entity": {
      "_template": "respAircraftInAir",
      "respawnbaseType": "aircraft_assault",
      "transform": [
        [-0.263097,0.0,0.96477],
        [0.0,1.0,0.0],
        [-0.964769,0.0,-0.263097],
        [1196.2,823.92,-4117.65]
      ],
      "team": 2,
      "maxVehicleOnSpawn": 1,
      "respTime": 120
    }
  },
  {
    "entity": {
      "_template": "resupply_in_air_zone",
      "transform": [
        [0.327869,0.0,-0.944724],
        [0.0,1.0,0.0],
        [0.944724,0.0,0.327869],
        [-1831.16,721.332,-3128.91]
      ],
      "resupply_zone__team": 2
    }
  },
  {
    "entity": {
      "_template": "respAircraftInAir",
      "respawnbaseType": "aircraft_fighter",
      "transform": [
        [0.436283,0.0,-0.899809],
        [0.0,1.0,0.0],
        [0.899809,0.0,0.436283],
        [-1815.76,1000.0,2407.42]
      ],
      "team": 1,
      "maxVehicleOnSpawn": 1,
      "respTime": 120
    }
  },
  {
    "entity": {
      "_template": "respAircraftInAir",
      "respawnbaseType": "aircraft_assault",
      "transform": [
        [0.423885,0.0,-0.905716],
        [0.0,1.0,0.0],
        [0.905716,0.0,0.423885],
        [-1665.43,800.0,2465.25]
      ],
      "team": 1,
      "maxVehicleOnSpawn": 1,
      "respTime": 120
    }
  },
  {
    "entity": {
      "_template": "respAircraftInAir",
      "respawnbaseType": "aircraft_fighter",
      "transform": [
        [0.419012,0.0,-0.90798],
        [0.0,1.0,0.0],
        [0.90798,0.0,0.419012],
        [-1668.14,1000.0,2437.13]
      ],
      "team": 1,
      "maxVehicleOnSpawn": 1,
      "respTime": 120
    }
  },
  {
    "entity": {
      "_template": "respAircraftInAir",
      "respawnbaseType": "aircraft_assault",
      "transform": [
        [0.340086,0.0,-0.940394],
        [0.0,1.0,0.0],
        [0.940394,0.0,0.340086],
        [-1799.39,800.0,2406.3]
      ],
      "team": 1,
      "maxVehicleOnSpawn": 1,
      "respTime": 120
    }
  },
  {
    "entity": {
      "_template": "respawnChooser+respTeam2",
      "transform": [
        [0.65566,0.0,-0.755058],
        [0.0,1.0,0.0],
        [0.755058,-0.0,0.65566],
        [-250.444,6.04805,-525.736]
      ],
      "groupName": "sector_1",
      "respawnBaseGroup": 1,
      "active": false
    }
  },
  {
    "entity": {
      "_template": "respawnChooser+respTeam1",
      "transform": [
        [-0.888167,0.0,0.459522],
        [0.0,1.0,0.0],
        [-0.459522,0.0,-0.888167],
        [-59.1925,13.8398,-588.606]
      ],
      "groupName": "sector_1",
      "respawnBaseGroup": 2,
      "active": false
    }
  },
  {
    "entity": {
      "_template": "respawnChooser+respTeam2",
      "transform": [
        [0.721734,0.0,-0.69217],
        [0.0,1.0,0.0],
        [0.69217,-0.0,0.721734],
        [-130.363,9.08317,-610.366]
      ],
      "groupName": "sector_2",
      "respawnBaseGroup": 1,
      "active": false
    }
  },
  {
    "entity": {
      "_template": "respawnChooser+respTeam2",
      "transform": [
        [-0.779166,0.0,-0.626817],
        [0.0,1.0,0.0],
        [0.626817,0.0,-0.779166],
        [-96.8712,10.0178,-615.554]
      ],
      "groupName": "sector_2",
      "respawnBaseGroup": 1,
      "active": false
    }
  },
  {
    "entity": {
      "_template": "respawnChooser+respTeam1",
      "transform": [
        [-0.366998,0.0,0.930223],
        [0.0,1.0,0.0],
        [-0.930223,0.0,-0.366998],
        [-115.316,9.2585,-901.265]
      ],
      "groupName": "sector_2",
      "respawnBaseGroup": 1,
      "active": false
    }
  },
  {
    "entity": {
      "_template": "respawnChooser+respTeam1",
      "transform": [
        [0.329041,0.0,0.944317],
        [0.0,1.0,-0.0],
        [-0.944317,0.0,0.329041],
        [-108.902,9.21883,-906.586]
      ],
      "groupName": "sector_2",
      "respawnBaseGroup": 1,
      "active": false
    }
  },
  {
    "entity": {
      "_template": "respawnChooser+respVehicle",
      "transform": [
        [0.766789,0.0,-0.6419],
        [0.0,1.0,0.0],
        [0.6419,0.0,0.766789],
        [-231.861,8.25523,-543.693]
      ],
      "respTime": 150,
      "team": 2,
      "groupName": "sector_2",
      "maxVehicleOnSpawn": 2,
      "active": false
    }
  },
  {
    "entity": {
      "_template": "respawnBaseWithGroupOnCapturePoint",
      "transform": [
        [-0.967567,0.00666629,0.252526],
        [0.00659809,0.999978,-0.0011169],
        [-0.252528,0.000585511,-0.967589],
        [-85.4085,11.561,-778.919]
      ],
      "groupName": "sector_2",
      "respawnBaseGroup": 5,
      "team": 1,
      "active": false
    }
  },
  {
    "entity": {
      "_template": "respawnBaseWithGroupOnCapturePoint",
      "transform": [
        [-0.452775,0.00666629,0.8916],
        [0.00354046,0.999978,-0.00567868],
        [-0.891617,0.00058551,-0.452788],
        [-92.9475,11.8388,-772.896]
      ],
      "groupName": "sector_2",
      "respawnBaseGroup": 5,
      "team": 1,
      "active": false
    }
  },
  {
    "entity": {
      "_template": "respawnBaseWithGroupOnCapturePoint",
      "transform": [
        [-0.0193185,0.00666629,0.999791],
        [0.000714195,0.999978,-0.00665374],
        [-0.999813,0.000585505,-0.0193229],
        [-116.678,11.2077,-777.165]
      ],
      "groupName": "sector_2",
      "respawnBaseGroup": 4,
      "team": 1,
      "active": false
    }
  },
  {
    "entity": {
      "_template": "respawnBaseWithGroupOnCapturePoint",
      "transform": [
        [-0.634309,0.00666629,0.773051],
        [0.00468122,0.999978,-0.00478209],
        [-0.773065,0.000585502,-0.634325],
        [-112.206,11.3554,-776.841]
      ],
      "groupName": "sector_2",
      "respawnBaseGroup": 4,
      "team": 1,
      "active": false
    }
  },
  {
    "entity": {
      "_template": "respawnBaseWithGroupOnCapturePoint",
      "transform": [
        [-0.915969,0.00666629,0.401193],
        [0.00634117,0.999978,-0.0021382],
        [-0.401199,0.000585516,-0.915991],
        [-130.005,9.30197,-593.976]
      ],
      "groupName": "sector_1",
      "respawnBaseGroup": 3,
      "team": 1,
      "active": false
    }
  },
  {
    "entity": {
      "_template": "respawnBaseWithGroupOnCapturePoint",
      "transform": [
        [-0.988124,0.00666629,-0.15351],
        [0.00649739,0.999978,0.00160194],
        [0.153516,0.000585516,-0.988146],
        [-127.56,9.21478,-630.056]
      ],
      "groupName": "sector_1",
      "respawnBaseGroup": 3,
      "team": 1,
      "active": false
    }
  },
  {
    "entity": {
      "_template": "resupply_for_ground_vehicle_zone",
      "transform": [
        [0.368445,0.0,-0.92965],
        [0.0,1.0,0.0],
        [0.92965,0.0,0.368445],
        [-389.677,3.68134,-488.785]
      ],
      "resupply_zone__team": 2,
      "groupName": "sector_1",
      "active": false
    }
  },
  {
    "entity": {
      "_template": "resupply_for_ground_vehicle_zone",
      "transform": [
        [0.766789,0.0,-0.6419],
        [0.0,1.0,0.0],
        [0.6419,0.0,0.766789],
        [-231.861,8.25523,-543.693]
      ],
      "resupply_zone__team": 2,
      "groupName": "sector_2",
      "active": false
    }
  },
  {
    "entity": {
      "_template": "distant_haze"
    }
  },
  {
    "entity": {
      "_template": "respawnChooser+respMotorcycle",
      "transform": [
        [0.834369,0.0,-0.551207],
        [0.0,1.0,0.0],
        [0.551207,-0.0,0.834369],
        [-283.216,6.74744,-463.008]
      ],
      "groupName": "sector_1",
      "team": 2
    }
  },
  {
    "entity": {
      "_template": "respawnChooser+respVehicle",
      "transform": [
        [-0.790427,0.0,0.612556],
        [0.0,1.0,0.0],
        [-0.612556,0.0,-0.790427],
        [29.1886,29.0868,-699.611]
      ],
      "groupName": "sector_1",
      "team": 1,
      "respTime": 120,
      "maxVehicleOnSpawn": 2
    }
  },
  {
    "entity": {
      "_template": "resupply_for_ground_vehicle_zone",
      "transform": [
        [1.0,0.0,0.0],
        [0.0,1.0,0.0],
        [0.0,0.0,1.0],
        [30.2935,29.641,-700.305]
      ],
      "groupName": "sector_1",
      "resupply_zone__team": 1
    }
  },
  {
    "entity": {
      "_template": "respawnChooser+respMotorcycle",
      "transform": [
        [-0.953665,0.0,0.300869],
        [0.0,1.0,0.0],
        [-0.300869,0.0,-0.953665],
        [58.5219,25.093,-643.344]
      ],
      "groupName": "sector_1",
      "team": 1
    }
  },
  {
    "entity": {
      "_template": "respawnChooser+respMotorcycle",
      "transform": [
        [0.692272,0.0,-0.721637],
        [0.0,1.0,0.0],
        [0.721637,-0.0,0.692272],
        [-258.962,4.37389,-581.293]
      ],
      "groupName": "sector_2",
      "team": 2
    }
  },
  {
    "entity": {
      "_template": "respawnChooser+respTeam1",
      "transform": [
        [0.0639202,0.0,-0.997956],
        [-0.0,1.0,0.0],
        [0.997956,0.0,0.0639202],
        [-94.4811,10.8395,-529.123]
      ],
      "groupName": "sector_1",
      "respawnBaseGroup": 2,
      "active": false
    }
  },
  {
    "entity": {
      "_template": "respawnChooser+respTeam2",
      "transform": [
        [-0.211365,0.0,-0.977407],
        [0.0,1.0,0.0],
        [0.977407,0.0,-0.211365],
        [-67.2022,15.3343,-637.435]
      ],
      "groupName": "sector_2",
      "respawnBaseGroup": 1,
      "active": false
    }
  },
  {
    "entity": {
      "_template": "resupply_for_ground_vehicle_zone",
      "transform": [
        [-0.868991,0.0,0.494828],
        [0.0,1.0,0.0],
        [-0.494828,0.0,-0.868991],
        [30.3582,19.334,-944.952]
      ],
      "resupply_zone__team": 1,
      "groupName": "sector_2",
      "active": false
    }
  },
  {
    "entity": {
      "_template": "respawnChooser+respVehicle",
      "transform": [
        [-0.734087,0.0,0.679055],
        [0.0,1.0,0.0],
        [-0.679055,0.0,-0.734087],
        [29.3818,18.6232,-944.443]
      ],
      "respTime": 150,
      "team": 1,
      "groupName": "sector_2",
      "maxVehicleOnSpawn": 2,
      "active": false,
      "respawnBaseGroup": 1
    }
  },
  {
    "entity": {
      "_template": "respawnChooser+respMotorcycle",
      "transform": [
        [-0.278378,0.0,0.960472],
        [0.0,1.0,0.0],
        [-0.960472,0.0,-0.278378],
        [-75.6485,14.7534,-983.569]
      ],
      "groupName": "sector_2",
      "team": 1,
      "active": false,
      "respawnBaseGroup": 1
    }
  },
  {
    "entity": {
      "_template": "respawnChooser+respTeam1",
      "transform": [
        [-0.120822,0.0,0.992675],
        [0.0,1.0,0.0],
        [-0.992675,0.0,-0.120822],
        [-0.35956,19.2529,-962.412]
      ],
      "groupName": "sector_3",
      "respawnBaseGroup": 1,
      "active": false
    }
  },
  {
    "entity": {
      "_template": "respawnChooser+respTeam1",
      "transform": [
        [-0.0435932,0.0,0.999051],
        [0.0,1.0,0.0],
        [-0.999051,0.0,-0.0435932],
        [-18.5998,19.2244,-964.806]
      ],
      "groupName": "sector_3",
      "respawnBaseGroup": 1,
      "active": false
    }
  },
  {
    "entity": {
      "_template": "respawnChooser+respTeam2",
      "transform": [
        [0.141319,0.0,-0.989964],
        [0.0,1.0,0.0],
        [0.989964,0.0,0.141319],
        [-116.019,11.6616,-774.379]
      ],
      "groupName": "sector_3",
      "respawnBaseGroup": 1,
      "active": false
    }
  },
  {
    "entity": {
      "_template": "respawnChooser+respTeam2",
      "transform": [
        [0.0445534,0.0,-0.999007],
        [0.0,1.0,0.0],
        [0.999007,0.0,0.0445534],
        [-87.4021,11.8679,-766.234]
      ],
      "groupName": "sector_3",
      "respawnBaseGroup": 1,
      "active": false
    }
  },
  {
    "entity": {
      "_template": "respawnChooser+respTeam2",
      "transform": [
        [0.160842,0.0,-0.98698],
        [0.0,1.0,0.0],
        [0.98698,0.0,0.160842],
        [-94.7927,11.8679,-766.857]
      ],
      "groupName": "sector_3",
      "respawnBaseGroup": 1,
      "active": false
    }
  },
  {
    "entity": {
      "_template": "respawnChooser+respTeam1",
      "transform": [
        [-0.818657,0.0,0.574284],
        [0.0,1.0,0.0],
        [-0.574284,0.0,-0.818657],
        [-45.1104,19.0753,-990.784]
      ],
      "groupName": "sector_3",
      "respawnBaseGroup": 1,
      "active": false
    }
  },
  {
    "entity": {
      "_template": "respawnChooser+respVehicle",
      "transform": [
        [0.0684631,0.0,-0.997655],
        [0.0,1.0,0.0],
        [0.997654,-0.0,0.0684631],
        [-112.611,9.04842,-593.328]
      ],
      "respTime": 150,
      "team": 2,
      "groupName": "sector_3",
      "maxVehicleOnSpawn": 2,
      "active": false
    }
  },
  {
    "entity": {
      "_template": "respawnBaseWithGroupOnCapturePoint",
      "transform": [
        [-0.52863,0.00666629,0.848826],
        [0.0040211,0.999978,-0.00534912],
        [-0.848842,0.000585509,-0.528645],
        [-116.133,9.24534,-900.57]
      ],
      "groupName": "sector_3",
      "respawnBaseGroup": 6,
      "team": 1,
      "active": false
    }
  },
  {
    "entity": {
      "_template": "respawnBaseWithGroupOnCapturePoint",
      "transform": [
        [0.344809,0.00666629,0.938649],
        [-0.00174904,0.999978,-0.00645935],
        [-0.938671,0.000585507,0.344813],
        [-107.913,9.32493,-903.495]
      ],
      "groupName": "sector_3",
      "respawnBaseGroup": 6,
      "team": 1,
      "active": false
    }
  },
  {
    "entity": {
      "_template": "respawnBaseWithGroupOnCapturePoint",
      "transform": [
        [-0.0457485,0.00666629,0.998931],
        [0.00088989,0.999978,-0.00663252],
        [-0.998952,0.000585516,-0.0457527],
        [-28.2945,19.4346,-857.194]
      ],
      "groupName": "sector_3",
      "respawnBaseGroup": 7,
      "active": false
    }
  },
  {
    "entity": {
      "_template": "respawnBaseWithGroupOnCapturePoint",
      "transform": [
        [-0.0927017,0.00666629,0.995672],
        [0.00120099,0.999978,-0.0065833],
        [-0.995693,0.000585516,-0.0927068],
        [-11.4523,19.4346,-855.239]
      ],
      "groupName": "sector_3",
      "respawnBaseGroup": 7,
      "active": false
    }
  },
  {
    "entity": {
      "_template": "resupply_for_ground_vehicle_zone",
      "transform": [
        [-0.999991,0.0,-0.00446922],
