[
  {
    "import": {
      "scene": "content/enlisted/gamedata/scenes/_tunisia_sounds.blk"
    }
  },
  {
    "import": {
      "scene": "content/enlisted/gamedata/scenes/_tunisia_level.blk"
    }
  },
  {
    "entity": {
      "_template": "briefing_destruction",
      "mission_name": "tunisia_city_bomb",
      "loading_images:list<t>": [
        {
          "item": "ui/tunisia_city_inv_01.avif"
        },
        {
          "item": "ui/tunisia_city_inv_02.avif"
        },
        {
          "item": "ui/tunisia_city_inv_03.avif"
        }
      ]
    }
  },
  {
    "entity": {
      "_template": "enemy_attack_marker"
    }
  },
  {
    "entity": {
      "_template": "static_cam",
      "camera__active": true,
      "transform": [
        [0.43712,0.0,-0.899403],
        [0.0,1.0,0.0],
        [0.899403,0.0,0.43712],
        [-341.514,36.8667,-150.53]
      ]
    }
  },
  {
    "entity": {
      "_template": "minimap_tunisia_tataouine"
    }
  },
  {
    "entity": {
      "_template": "postfx_color_grading_tonemap_death_alive_enlisted"
    }
  },
  {
    "entity": {
      "_template": "postfx_roundctrl"
    }
  },
  {
    "entity": {
      "_template": "session_finalizer",
      "session_finalizer__timer": 10.0
    }
  },
  {
    "entity": {
      "_template": "team_tunisia_allies+team_narrator_destruction_attack+respawn_creators_team",
      "team__memberCount": 0.0,
      "team__scoreCap": 4000.0,
      "team__score": 4000.0,
      "team__squadSpawnCost": 250,
      "team__firstSpawnCostMul": 0.0,
      "team__zeroScoreFailTimer": 60.0,
      "team__id": 1,
      "team__briefing": "destruction/attackers_goals",
      "team__winSubtitle": "debriefing/won_invasion_destruction",
      "team__loseSubtitle": "debriefing/lost_invasion_destruction",
      "team__winTitle": "debriefing/britain_won_destruction_attack_title",
      "team__spawnBotArmy": "tunisia_allies"
    }
  },
  {
    "entity": {
      "_template": "team_tunisia_axis+team_narrator_destruction_defence+respawn_creators_team",
      "team__countAdd": 0.5,
      "team__memberCount": 0.5,
      "team__scoreCap": 3000.0,
      "team__capturePenalty": 1001.0,
      "team__score": 3000.0,
      "team__id": 2,
      "team__briefing": "destruction/defenders_goals",
      "team__winSubtitle": "debriefing/won_defence_destruction",
      "team__loseSubtitle": "debriefing/lost_defence_destruction",
      "team__winTitle": "debriefing/axis_won_destruction_defence_title",
      "team__spawnBotArmy": "tunisia_axis"
    }
  },
  {
    "entity": {
      "_template": "door_mult_ent_generator",
      "ri_extra_gen__blk": "content/enlisted/gamedata/tunisia_doors.blk"
    }
  },
  {
    "entity": {
      "_template": "group_activator",
      "activator__activateChoice:object": {
        "sector_1": 1.0
      }
    }
  },
  {
    "entity": {
      "_template": "bomb_site_zone_chained_box+defend_zone_respawnbase",
      "transform": [
        [19.7203,0.0,2.90671],
        [0.0,6.59607,0.0],
        [-2.06856,0.0,17.2727],
        [-248.228,23.1417,-133.675]
      ],
      "capzone__capRewardPartCap": 1.8,
      "capzone__mustBeCapturedByTeam": 1,
      "groupName": "sector_1",
      "active": false,
      "ui_order": 0,
      "capzone__capReward": 500.0,
      "capzone__caption": "capzone/street",
      "capzone__checkAllZonesInGroup": true,
      "capzone__deactivateAfterTimeout": 0.0,
      "capzone__spawnAtZoneTimeout": 35.0,
      "capzone__createRespawnBaseForTeam": 2,
      "capzone__createdRespawnBaseGroup": 3,
      "capzone__createRespawnBase": "respawnBaseGroupActivator",
      "capzone__plantingTeam": 1,
      "capzone__timeToPlant": 15.0,
      "capzone__timeToDefuse": 15.0,
      "capzone__timeToExplosion": 35.0,
      "capzone__bombTemplate": "bomb_site+bomb_site_radar_hardware_animchar_05_without_antenna",
      "capzone__bombTransformLocalPos": [
        [0.988427,0.0,0.151691],
        [0.0,1.0,0.0],
        [-0.151691,0.0,0.988427],
        [0.120728,-2.1551,0.194946]
      ],
      "capzone__activateChoice:object": {
        "sector_2": 1.0
      }
    }
  },
  {
    "entity": {
      "_template": "bomb_site_zone_chained_box+defend_zone_respawnbase",
      "transform": [
        [33.8404,0.0,4.96141],
        [0.0,5.69568,0.0],
        [-4.79417,0.0,32.3539],
        [-249.941,22.1061,-56.5248]
      ],
      "capzone__capRewardPartCap": 1.8,
      "capzone__mustBeCapturedByTeam": 1,
      "groupName": "sector_1",
      "active": false,
      "ui_order": 1,
      "capzone__capReward": 500.0,
      "capzone__caption": "capzone/palace",
      "capzone__checkAllZonesInGroup": true,
      "capzone__deactivateAfterTimeout": 0.0,
      "capzone__spawnAtZoneTimeout": 35.0,
      "capzone__createRespawnBaseForTeam": 2,
      "capzone__createdRespawnBaseGroup": 3,
      "capzone__createRespawnBase": "respawnBaseGroupActivator",
      "capzone__plantingTeam": 1,
      "capzone__timeToPlant": 15.0,
      "capzone__timeToDefuse": 15.0,
      "capzone__timeToExplosion": 35.0,
      "capzone__bombTemplate": "bomb_site+bomb_site_radar_hardware_animchar_05_without_antenna",
      "capzone__bombTransformLocalPos": [
        [0.75577,0.0,0.654838],
        [0.0,1.0,0.0],
        [-0.654838,0.0,0.75577],
        [-0.12941,-2.11428,0.336369]
      ],
      "capzone__activateChoice:object": {
        "sector_2": 1.0
      }
    }
  },
  {
    "entity": {
      "_template": "bomb_site_zone_chained_box+defend_zone_respawnbase",
      "transform": [
        [16.8939,0.0,0.809565],
        [0.0,5.6447,0.0],
        [-0.4629,0.0,18.7122],
        [-47.0322,23.7741,-34.1249]
      ],
      "capzone__capRewardPartCap": 1.8,
      "capzone__mustBeCapturedByTeam": 1,
      "groupName": "sector_2",
      "active": false,
      "ui_order": 2,
      "capzone__capReward": 500.0,
      "capzone__caption": "capzone/yard",
      "capzone__checkAllZonesInGroup": true,
      "capzone__deactivateAfterTimeout": 0.0,
      "capzone__spawnAtZoneTimeout": 20.0,
      "capzone__createRespawnBaseForTeam": 2,
      "capzone__createdRespawnBaseGroup": 4,
      "capzone__createRespawnBase": "respawnBaseGroupActivator",
      "capzone__plantingTeam": 1,
      "capzone__timeToPlant": 15.0,
      "capzone__timeToDefuse": 15.0,
      "capzone__timeToExplosion": 40.0,
      "capzone__bombTemplate": "bomb_site+bomb_site_radar_hardware_animchar_03_without_antenna",
      "capzone__bombTransformLocalPos": [
        [-0.0672191,0.0,0.997738],
        [0.0,1.0,0.0],
        [-0.997738,0.0,-0.0672191],
        [0.161133,-1.7655,0.166248]
      ],
      "capzone__activateChoice:object": {
        "sector_3": 1.0
      }
    }
  },
  {
    "entity": {
      "_template": "bomb_site_zone_chained_sphere+defend_zone_respawnbase",
      "transform": [
        [1.06816,0.0,0.300465],
        [0.0,0.657268,0.0],
        [-0.224331,0.0,0.885191],
        [-52.7995,23.8201,-91.4525]
      ],
      "groupName": "sector_2",
      "capzone__capRewardPartCap": 1.8,
      "capzone__mustBeCapturedByTeam": 1,
      "capzone__caption": "capzone/guest_house",
      "active": false,
      "ui_order": 2,
      "capzone__owningTeam": 2,
      "capzone__capReward": 500.0,
      "capzone__checkAllZonesInGroup": true,
      "capzone__deactivateAfterTimeout": 0.0,
      "capzone__spawnAtZoneTimeout": 20.0,
      "capzone__createRespawnBaseForTeam": 2,
      "sphere_zone__radius": 12.0,
      "capzone__createdRespawnBaseGroup": 4,
      "capzone__createRespawnBase": "respawnBaseGroupActivator",
      "capzone__plantingTeam": 1,
      "capzone__timeToPlant": 15.0,
      "capzone__timeToDefuse": 15.0,
      "capzone__timeToExplosion": 40.0,
      "capzone__bombTemplate": "bomb_site+bomb_site_radar_hardware_animchar_04_without_antenna",
      "capzone__bombTransformLocalPos": [
        [-0.94738,0.0,-0.320113],
        [0.0,1.0,0.0],
        [0.320113,0.0,-0.94738],
        [0.0252914,-2.05474,-0.293343]
      ],
      "capzone__activateChoice:object": {
        "sector_3": 1.0
      }
    }
  },
  {
    "entity": {
      "_template": "bomb_site_zone_chained_box+defend_zone_respawnbase",
      "transform": [
        [-68.7222,0.0,-38.0862],
        [0.0,6.66948,0.0],
        [10.1138,0.0,-19.2295],
        [104.458,26.2726,52.8555]
      ],
      "capzone__capRewardPartCap": 1.8,
      "capzone__mustBeCapturedByTeam": 1,
      "groupName": "sector_3",
      "active": false,
      "ui_order": 3,
      "capzone__capReward": 500.0,
      "capzone__caption": "capzone/market",
      "capzone__checkAllZonesInGroup": true,
      "capzone__deactivateAfterTimeout": 0.0,
      "capzone__spawnAtZoneTimeout": 20.0,
      "capzone__createRespawnBaseForTeam": 2,
      "capzone__createdRespawnBaseGroup": 5,
      "capzone__createRespawnBase": "respawnBaseGroupActivator",
      "capzone__plantingTeam": 1,
      "capzone__timeToPlant": 15.0,
      "capzone__timeToDefuse": 15.0,
      "capzone__timeToExplosion": 40.0,
      "capzone__bombTemplate": "bomb_site+bomb_site_radar_hardware_animchar_01",
      "capzone__bombTransformLocalPos": [
        [-0.808844,0.0,-0.588022],
        [0.0,1.0,0.0],
        [0.588022,0.0,-0.808844],
        [0.481308,-2.36297,0.515343]
      ]
    }
  },
  {
    "entity": {
      "_template": "bomb_site_zone_chained_box+defend_zone_respawnbase",
      "transform": [
        [21.3241,0.0,15.1954],
        [0.0,9.28446,0.0],
        [-14.7597,0.0,21.6979],
        [146.743,24.5604,-32.8853]
      ],
      "capzone__capRewardPartCap": 1.8,
      "capzone__mustBeCapturedByTeam": 1,
      "groupName": "sector_3",
      "active": false,
      "ui_order": 3,
      "capzone__capReward": 500.0,
      "capzone__caption": "capzone/house",
      "capzone__checkAllZonesInGroup": true,
      "capzone__deactivateAfterTimeout": 0.0,
      "capzone__spawnAtZoneTimeout": 20.0,
      "capzone__createRespawnBaseForTeam": 2,
      "capzone__createdRespawnBaseGroup": 5,
      "capzone__createRespawnBase": "respawnBaseGroupActivator",
      "capzone__plantingTeam": 1,
      "capzone__timeToPlant": 15.0,
      "capzone__timeToDefuse": 15.0,
      "capzone__timeToExplosion": 40.0,
      "capzone__bombTemplate": "bomb_site+bomb_site_radar_hardware_animchar_05",
      "capzone__bombTransformLocalPos": [
        [-0.808381,0.0,-0.588659],
        [0.0,1.0,0.0],
        [0.588659,0.0,-0.808381],
        [0.0709686,-1.95539,0.310207]
      ]
    }
  },
  {
    "entity": {
      "_template": "aircraft_box_battle_area",
      "transform": [
        [29925.2,0.0,-8137.66],
        [0.0,8000.03,0.0],
        [8136.23,0.0,29925.5],
        [-429.426,240.916,194.643]
      ],
      "battle_area__team": -1
    }
  },
  {
    "entity": {
      "_template": "resupply_in_air_zone",
      "transform": [
        [-0.130834,0.0,-0.991403],
        [0.0,1.0,0.0],
        [0.991403,0.0,-0.130834],
        [-1874.93,784.228,1745.73]
      ],
      "resupply_zone__team": 1
    }
  },
  {
    "entity": {
      "_template": "respAircraftInAir",
      "respawnbaseType": "aircraft_fighter",
      "transform": [
        [-0.840092,0.0,-0.542445],
        [0.0,1.0,0.0],
        [0.542445,0.0,-0.840092],
        [2074.65,751.203,1408.12]
      ],
      "team": 2,
      "maxVehicleOnSpawn": 1,
      "respTime": 120
    }
  },
  {
    "entity": {
      "_template": "respAircraftInAir",
      "respawnbaseType": "aircraft_assault",
      "transform": [
        [-0.914112,0.0,-0.405463],
        [0.0,1.0,0.0],
        [0.405463,0.0,-0.914112],
        [2040.45,598.667,1274.3]
      ],
      "team": 2,
      "maxVehicleOnSpawn": 1,
      "respTime": 120
    }
  },
  {
    "entity": {
      "_template": "respAircraftInAir",
      "respawnbaseType": "aircraft_fighter",
      "transform": [
        [-0.781258,0.0,-0.624209],
        [0.0,1.0,0.0],
        [0.624209,0.0,-0.781258],
        [2103.11,751.203,1254.1]
      ],
      "team": 2,
      "maxVehicleOnSpawn": 1,
      "respTime": 120
    }
  },
  {
    "entity": {
      "_template": "respAircraftInAir",
      "respawnbaseType": "aircraft_assault",
      "transform": [
        [-0.812723,0.0,-0.582651],
        [0.0,1.0,0.0],
        [0.582651,0.0,-0.812723],
        [1999.91,598.667,1446.82]
      ],
      "team": 2,
      "maxVehicleOnSpawn": 1,
      "respTime": 120
    }
  },
  {
    "entity": {
      "_template": "resupply_in_air_zone",
      "transform": [
        [0.883982,0.0,0.467523],
        [0.0,1.0,0.0],
        [-0.467523,0.0,0.883982],
        [1970.33,882.623,-537.041]
      ],
      "resupply_zone__team": 2
    }
  },
  {
    "entity": {
      "_template": "respAircraftInAir",
      "respawnbaseType": "aircraft_fighter",
      "transform": [
        [0.977489,0.0,-0.210985],
        [0.0,1.0,0.0],
        [0.210985,0.0,0.977489],
        [-2242.27,739.75,-193.485]
      ],
      "team": 1,
      "maxVehicleOnSpawn": 1,
      "respTime": 120
    }
  },
  {
    "entity": {
      "_template": "respAircraftInAir",
      "respawnbaseType": "aircraft_assault",
      "transform": [
        [0.999932,0.0,0.0116743],
        [0.0,1.0,0.0],
        [-0.0116743,0.0,0.999932],
        [-2208.45,612.849,-202.611]
      ],
      "team": 1,
      "maxVehicleOnSpawn": 1,
      "respTime": 120
    }
  },
  {
    "entity": {
      "_template": "respAircraftInAir",
      "respawnbaseType": "aircraft_fighter",
      "transform": [
        [0.997322,0.0,-0.073138],
        [0.0,1.0,0.0],
        [0.073138,0.0,0.997322],
        [-2239.29,739.75,-42.9269]
      ],
      "team": 1,
      "maxVehicleOnSpawn": 1,
      "respTime": 120
    }
  },
  {
    "entity": {
      "_template": "respAircraftInAir",
      "respawnbaseType": "aircraft_assault",
      "transform": [
        [0.992178,0.0,-0.124827],
        [0.0,1.0,0.0],
        [0.124827,0.0,0.992178],
        [-2167.56,612.849,-28.4107]
      ],
      "team": 1,
      "maxVehicleOnSpawn": 1,
      "respTime": 120
    }
  },
  {
    "entity": {
      "_template": "respawnChooser+respTeam1",
      "transform": [
        [0.694512,0.0,0.71948],
        [0.0,1.0,0.0],
        [-0.71948,0.0,0.694512],
        [-370.61,16.2146,-201.739]
      ],
      "groupName": "sector_1",
      "active": false
    }
  },
  {
    "entity": {
      "_template": "respawnChooser+respTeam1",
      "transform": [
        [0.466477,0.0,0.884532],
        [0.0,1.0,0.0],
        [-0.884532,0.0,0.466477],
        [-374.417,15.9802,-199.08]
      ],
      "groupName": "sector_1",
      "active": false
    }
  },
  {
    "entity": {
      "_template": "respawnChooser+respTeam1",
      "transform": [
        [0.892785,0.0,-0.450486],
        [0.0,1.0,0.0],
        [0.450486,0.0,0.892785],
        [-381.341,18.6465,-92.1125]
      ],
      "groupName": "sector_1",
      "respawnBaseGroup": 2,
      "active": false
    }
  },
  {
    "entity": {
      "_template": "respawnChooser+respTeam1",
      "transform": [
        [0.903485,0.0,-0.428618],
        [0.0,1.0,0.0],
        [0.428618,0.0,0.903485],
        [-377.845,16.4543,-65.2595]
      ],
      "groupName": "sector_1",
      "respawnBaseGroup": 2,
      "active": false
    }
  },
  {
    "entity": {
      "_template": "respawnChooser+respVehicle",
      "transform": [
        [0.66447,0.0,0.747315],
        [0.0,1.0,0.0],
        [-0.747315,0.0,0.66447],
        [-539.927,4.37054,-237.371]
      ],
      "team": 1,
      "groupName": "sector_1",
      "respTime": 150,
      "maxVehicleOnSpawn": 2,
      "active": false
    }
  },
  {
    "entity": {
      "_template": "respawnChooser+respMotorcycle",
      "transform": [
        [0.679337,0.0,0.733827],
        [0.0,1.0,0.0],
        [-0.733827,0.0,0.679337],
        [-549.97,4.71431,-233.583]
      ],
      "groupName": "sector_1",
      "team": 1,
      "active": false
    }
  },
  {
    "entity": {
      "_template": "respawnChooser+respTeam2",
      "transform": [
        [-0.85152,0.0,-0.524322],
        [0.0,1.0,0.0],
        [0.524322,0.0,-0.85152],
        [-144.607,18.6142,-12.0291]
      ],
      "groupName": "sector_1",
      "active": false
    }
  },
  {
    "entity": {
      "_template": "respawnChooser+respTeam2",
      "transform": [
        [-0.946318,0.0,0.323238],
        [0.0,1.0,0.0],
        [-0.323238,0.0,-0.946318],
        [-107.228,22.4553,-67.7285]
      ],
      "groupName": "sector_1",
      "active": false
    }
  },
  {
    "entity": {
      "_template": "respawnChooser+respTeam2",
      "transform": [
        [-0.30218,0.0,0.953251],
        [0.0,1.0,0.0],
        [-0.953251,0.0,-0.30218],
        [-109.516,22.1424,-134.987]
      ],
      "groupName": "sector_1",
      "respawnBaseGroup": 2,
      "active": false
    }
  },
  {
    "entity": {
      "_template": "respawnChooser+respTeam2",
      "transform": [
        [-0.890489,0.0,0.455005],
        [0.0,1.0,0.0],
        [-0.455005,0.0,-0.890489],
        [-118.882,21.7337,-105.778]
      ],
      "groupName": "sector_1",
      "respawnBaseGroup": 2,
      "active": false
    }
  },
  {
    "entity": {
      "_template": "respawnChooser+respTeam2",
      "transform": [
        [-0.313038,0.0,-0.949741],
        [0.0,1.0,0.0],
        [0.949741,0.0,-0.313038],
        [-116.566,21.7274,-109.179]
      ],
      "groupName": "sector_1",
      "respawnBaseGroup": 2,
      "active": false
    }
  },
  {
    "entity": {
      "_template": "respawnChooser+respVehicle",
      "transform": [
        [-0.192004,0.0,-0.981394],
        [0.0,1.0,0.0],
        [0.981394,0.0,-0.192004],
        [-14.164,22.3418,-33.9263]
      ],
      "active": false,
      "groupName": "sector_1",
      "respTime": 150,
      "maxVehicleOnSpawn": 2,
      "team": 2
    }
  },
  {
    "entity": {
      "_template": "respawnChooser+respMotorcycle",
      "transform": [
        [-0.795307,0.0,0.606207],
        [0.0,1.0,0.0],
        [-0.606207,0.0,-0.795307],
        [-19.0264,21.264,-107.299]
      ],
      "groupName": "sector_1",
      "team": 2,
      "active": false
    }
  },
  {
    "entity": {
      "_template": "respawnChooser+respTeam1",
      "transform": [
        [0.775932,0.0,0.630817],
        [0.0,1.0,0.0],
        [-0.630817,0.0,0.775932],
        [-212.544,19.9539,-62.9347]
      ],
      "groupName": "sector_2",
      "active": false
    }
  },
  {
    "entity": {
      "_template": "respawnChooser+respTeam1",
      "transform": [
        [0.954027,0.0,-0.299718],
        [0.0,1.0,0.0],
        [0.299718,0.0,0.954027],
        [-215.089,20.1416,-43.8305]
      ],
      "groupName": "sector_2",
      "active": false
    }
  },
  {
    "entity": {
      "_template": "respawnChooser+respTeam1",
      "transform": [
        [0.999613,0.0,-0.0278128],
        [0.0,1.0,0.0],
        [0.0278128,0.0,0.999613],
        [-218.901,20.486,-84.6156]
      ],
      "groupName": "sector_2",
      "active": false
    }
  },
  {
    "entity": {
      "_template": "respawnChooser+respTeam1",
      "transform": [
        [0.944227,0.0,0.329295],
        [0.0,1.0,0.0],
        [-0.329295,0.0,0.944227],
        [-214.192,21.43,-154.434]
      ],
      "groupName": "sector_2",
      "respawnBaseGroup": 2,
      "active": false
    }
  },
  {
    "entity": {
      "_template": "respawnChooser+respTeam1",
      "transform": [
        [0.992851,0.0,0.119364],
        [0.0,1.0,0.0],
        [-0.119364,0.0,0.992851],
        [-214.296,21.1211,-136.475]
      ],
      "groupName": "sector_2",
      "respawnBaseGroup": 2,
      "active": false
    }
  },
  {
    "entity": {
      "_template": "respawnChooser+respTeam1",
      "transform": [
        [0.977339,0.0,0.21168],
        [0.0,1.0,0.0],
        [-0.21168,0.0,0.977339],
        [-216.008,20.8643,-129.201]
      ],
      "groupName": "sector_2",
      "respawnBaseGroup": 2,
      "active": false
    }
  },
  {
    "entity": {
      "_template": "respawnChooser+respVehicle",
      "transform": [
        [0.298749,0.0,0.954331],
        [0.0,1.0,0.0],
        [-0.954331,0.0,0.298749],
        [-316.359,20.1231,-152.87]
      ],
      "groupName": "sector_2",
      "team": 1,
      "respTime": 150,
      "maxVehicleOnSpawn": 2,
      "active": false
    }
  },
  {
    "entity": {
      "_template": "respawnChooser+respMotorcycle",
      "transform": [
        [0.18301,0.0,0.983112],
        [0.0,1.0,0.0],
        [-0.983112,0.0,0.18301],
        [-266.257,21.1215,-156.003]
      ],
      "groupName": "sector_2",
      "team": 1,
      "active": false
    }
  },
  {
    "entity": {
      "_template": "respawnChooser+respTeam2",
      "transform": [
        [-0.509733,0.0,-0.860333],
        [0.0,1.0,0.0],
        [0.860333,0.0,-0.509733],
        [66.6447,22.7681,14.6031]
      ],
      "groupName": "sector_2",
      "respawnBaseGroup": 1,
      "active": false
    }
  },
  {
    "entity": {
      "_template": "respawnChooser+respTeam2",
      "transform": [
        [-0.78028,0.0,-0.625431],
        [0.0,1.0,0.0],
        [0.625431,0.0,-0.78028],
        [70.6084,22.8253,-3.89137]
      ],
      "groupName": "sector_2",
      "active": false
    }
  },
  {
    "entity": {
      "_template": "respawnChooser+respTeam2",
      "transform": [
        [-0.831708,0.0,-0.555213],
        [0.0,1.0,0.0],
        [0.555213,0.0,-0.831708],
        [66.8327,23.1141,0.835282]
      ],
      "groupName": "sector_2",
      "active": false
    }
  },
  {
    "entity": {
      "_template": "respawnChooser+respTeam2",
      "transform": [
        [-0.982549,0.0,0.186005],
        [0.0,1.0,0.0],
        [-0.186005,0.0,-0.982549],
        [73.7696,22.6997,-103.189]
      ],
      "groupName": "sector_2",
      "respawnBaseGroup": 2,
      "active": false
    }
  },
  {
    "entity": {
      "_template": "respawnChooser+respTeam2",
      "transform": [
        [-0.89897,0.0,0.43801],
        [0.0,1.0,0.0],
        [-0.43801,0.0,-0.89897],
        [79.1733,22.7731,-78.3854]
      ],
      "groupName": "sector_2",
      "respawnBaseGroup": 2,
      "active": false
    }
  },
  {
    "entity": {
      "_template": "respawnChooser+respTeam2",
      "transform": [
        [-0.941576,0.0,0.336801],
        [0.0,1.0,0.0],
        [-0.336801,0.0,-0.941576],
        [74.3873,22.6997,-97.7261]
      ],
      "groupName": "sector_2",
      "respawnBaseGroup": 2,
      "active": false
    }
  },
  {
    "entity": {
      "_template": "respawnChooser+respVehicle",
      "transform": [
        [-0.573701,0.0,0.819064],
        [0.0,1.0,0.0],
        [-0.819064,0.0,-0.573701],
        [162.46,23.1741,25.1958]
      ],
      "active": false,
      "groupName": "sector_2",
      "respTime": 150,
      "maxVehicleOnSpawn": 2,
      "team": 2
    }
  },
  {
    "entity": {
      "_template": "respawnChooser+respMotorcycle",
      "transform": [
        [-0.942061,0.0,-0.335441],
        [0.0,1.0,0.0],
        [0.335441,0.0,-0.942061],
        [158.24,23.7889,-107.67]
      ],
      "groupName": "sector_2",
      "team": 2,
      "active": false
    }
  },
  {
    "entity": {
      "_template": "respawnChooser+respTeam1",
      "transform": [
        [0.608409,0.0,-0.793624],
        [0.0,1.0,0.0],
        [0.793624,0.0,0.608409],
        [-53.2726,22.401,-11.8286]
      ],
      "groupName": "sector_3",
      "active": false
    }
  },
  {
    "entity": {
      "_template": "respawnChooser+respTeam1",
      "transform": [
        [1.0,0.0,0.0],
        [0.0,1.0,0.0],
        [0.0,0.0,1.0],
        [-42.9614,22.3892,-34.8825]
      ],
      "groupName": "sector_3",
      "active": false
    }
  },
  {
    "entity": {
      "_template": "respawnChooser+respTeam1",
      "transform": [
        [1.0,0.0,0.0],
        [0.0,1.0,0.0],
        [0.0,0.0,1.0],
        [-40.6056,22.1046,-47.1616]
      ],
      "groupName": "sector_3",
      "active": false
    }
  },
  {
    "entity": {
      "_template": "respawnChooser+respTeam1",
      "transform": [
        [0.812407,0.0,-0.583091],
        [0.0,1.0,0.0],
        [0.583091,0.0,0.812407],
        [2.13299,20.7789,-114.643]
      ],
      "groupName": "sector_3",
      "respawnBaseGroup": 2,
      "active": false
    }
  },
  {
    "entity": {
      "_template": "respawnChooser+respTeam1",
      "transform": [
        [0.608246,0.0,-0.793747],
        [0.0,1.0,0.0],
        [0.793747,0.0,0.608246],
        [-18.5073,21.8468,-88.4298]
      ],
      "groupName": "sector_3",
      "active": false,
      "respawnBaseGroup": 2
    }
  },
  {
    "entity": {
      "_template": "respawnChooser+respVehicle",
      "transform": [
        [0.992702,0.0,0.120588],
        [0.0,1.0,0.0],
        [-0.120588,0.0,0.992702],
        [-100.71,21.8348,-119.829]
      ],
      "groupName": "sector_3",
      "team": 1,
      "active": false,
      "respTime": 150,
      "maxVehicleOnSpawn": 2
    }
  },
  {
    "entity": {
      "_template": "respawnChooser+respMotorcycle",
      "transform": [
        [0.907982,0.0,0.41901],
        [0.0,1.0,0.0],
        [-0.41901,0.0,0.907982],
        [-97.189,22.2008,-54.2595]
      ],
      "active": false,
      "groupName": "sector_3",
      "team": 1
    }
  },
  {
    "entity": {
      "_template": "respawnChooser+respTeam2",
      "transform": [
        [-0.856406,0.0,-0.516304],
        [0.0,1.0,0.0],
        [0.516304,0.0,-0.856406],
        [220.794,23.2743,119.802]
      ],
      "groupName": "sector_3",
      "active": false
    }
  },
  {
    "entity": {
      "_template": "respawnChooser+respTeam2",
      "transform": [
        [-0.772751,0.0,-0.634709],
        [0.0,1.0,0.0],
        [0.634709,0.0,-0.772751],
        [216.468,22.9253,122.868]
      ],
      "groupName": "sector_3",
      "active": false
    }
  },
  {
    "entity": {
      "_template": "respawnChooser+respTeam2",
      "transform": [
        [-0.861784,0.0,-0.507276],
        [0.0,1.0,0.0],
        [0.507276,0.0,-0.861784],
        [254.539,18.7008,65.6]
      ],
      "groupName": "sector_3",
      "respawnBaseGroup": 2,
      "active": false
    }
  },
  {
    "entity": {
      "_template": "respawnChooser+respTeam2",
      "transform": [
        [-0.827371,0.0,-0.561656],
        [0.0,1.0,0.0],
        [0.561656,0.0,-0.827371],
        [281.117,19.0271,49.8337]
      ],
      "groupName": "sector_3",
      "respawnBaseGroup": 2,
      "active": false
    }
  },
  {
    "entity": {
      "_template": "respawnChooser+respTeam2",
      "transform": [
        [-0.882624,0.0,-0.470079],
        [0.0,1.0,0.0],
        [0.470079,0.0,-0.882624],
        [260.308,18.7253,54.784]
      ],
      "groupName": "sector_3",
      "respawnBaseGroup": 2,
      "active": false
    }
  },
  {
    "entity": {
      "_template": "respawnChooser+respVehicle",
      "transform": [
        [0.287353,0.0,-0.957825],
        [0.0,1.0,0.0],
        [0.957825,0.0,0.287353],
        [310.841,14.406,150.053]
      ],
      "active": false,
      "groupName": "sector_3",
      "team": 2,
      "respTime": 150,
      "maxVehicleOnSpawn": 2
    }
  },
  {
    "entity": {
      "_template": "respawnChooser+respMotorcycle",
      "transform": [
        [-0.99921,0.0,-0.0397274],
        [0.0,1.0,0.0],
        [0.0397274,0.0,-0.99921],
        [323.831,20.0511,73.4943]
      ],
      "groupName": "sector_3",
      "team": 2,
      "active": false
    }
  },
  {
    "entity": {
      "_template": "poly_battle_area",
      "transform": [
        [1.0,0.0,0.0],
        [0.0,1.0,0.0],
        [0.0,0.0,1.0],
        [-248.816,20.0978,-91.4889]
      ],
      "battleAreaId": "1_area1",
      "battle_area__team": 1,
      "groupName": "sector_1",
      "active": false
    }
  },
  {
    "entity": {
      "_template": "battle_area_polygon_point",
      "transform": [
        [1.0,0.0,0.0],
        [0.0,1.0,0.0],
        [0.0,0.0,1.0],
        [-460.521,19.5437,33.2648]
      ],
      "battle_area_polygon_point__forBattleAreaId": "1_area1",
      "battle_area_polygon_point__id": "point1",
      "battle_area_polygon_point__nextId": "point2"
    }
  },
  {
    "entity": {
      "_template": "battle_area_polygon_point",
      "transform": [
        [0.998875,0.0,0.0474279],
        [0.0,1.0,0.0],
        [-0.0474279,0.0,0.998875],
        [-605.115,13.9502,-253.184]
      ],
      "battle_area_polygon_point__forBattleAreaId": "1_area1",
      "battle_area_polygon_point__id": "point2",
      "battle_area_polygon_point__nextId": "point3"
    }
  },
  {
    "entity": {
      "_template": "battle_area_polygon_point",
      "transform": [
        [0.99628,0.0,0.0861773],
        [0.0,1.0,0.0],
        [-0.0861773,0.0,0.99628],
        [-161.808,14.7254,-227.803]
      ],
      "battle_area_polygon_point__forBattleAreaId": "1_area1",
      "battle_area_polygon_point__id": "point3",
      "battle_area_polygon_point__nextId": "point4"
    }
  },
  {
    "entity": {
      "_template": "battle_area_polygon_point",
      "transform": [
        [0.988497,0.0,0.151243],
        [0.0,1.0,0.0],
        [-0.151243,0.0,0.988497],
        [-193.876,21.2929,59.2793]
      ],
      "battle_area_polygon_point__forBattleAreaId": "1_area1",
      "battle_area_polygon_point__id": "point4",
      "battle_area_polygon_point__nextId": "point1"
    }
  },
  {
    "entity": {
      "_template": "poly_battle_area",
      "transform": [
        [1.0,0.0,0.0],
        [0.0,1.0,0.0],
        [0.0,0.0,1.0],
        [-246.71,20.6052,-103.661]
      ],
      "battleAreaId": "1_area2",
      "battle_area__team": 2,
      "groupName": "sector_1",
      "active": false
    }
  },
  {
    "entity": {
      "_template": "battle_area_polygon_point",
      "transform": [
        [1.0,0.0,0.0],
        [0.0,1.0,0.0],
        [0.0,0.0,1.0],
        [-340.469,15.0829,44.1131]
      ],
      "battle_area_polygon_point__forBattleAreaId": "1_area2",
      "battle_area_polygon_point__id": "point1",
      "battle_area_polygon_point__nextId": "point2"
    }
  },
  {
    "entity": {
      "_template": "battle_area_polygon_point",
      "transform": [
        [0.992963,0.0,0.118422],
        [0.0,1.0,0.0],
        [-0.118422,0.0,0.992963],
        [-299.119,17.7582,-235.506]
      ],
      "battle_area_polygon_point__forBattleAreaId": "1_area2",
      "battle_area_polygon_point__id": "point2",
      "battle_area_polygon_point__nextId": "point3"
    }
  },
  {
    "entity": {
      "_template": "battle_area_polygon_point",
      "transform": [
        [1.0,0.0,0.0],
        [0.0,1.0,0.0],
        [0.0,0.0,1.0],
        [-153.862,18.6522,-227.712]
      ],
      "battle_area_polygon_point__forBattleAreaId": "1_area2",
      "battle_area_polygon_point__id": "point3",
      "battle_area_polygon_point__nextId": "point4"
    }
  },
  {
    "entity": {
      "_template": "battle_area_polygon_point",
      "transform": [
        [0.962594,0.0,0.270948],
        [0.0,1.0,0.0],
        [-0.270948,0.0,0.962594],
        [52.2796,21.506,-188.106]
      ],
      "battle_area_polygon_point__forBattleAreaId": "1_area2",
      "battle_area_polygon_point__id": "point4",
      "battle_area_polygon_point__nextId": "point5"
    }
  },
  {
    "entity": {
      "_template": "battle_area_polygon_point",
      "transform": [
        [1.0,0.0,0.0],
        [0.0,1.0,0.0],
        [0.0,0.0,1.0],
        [-5.9182,18.3627,80.0578]
      ],
      "battle_area_polygon_point__forBattleAreaId": "1_area2",
      "battle_area_polygon_point__id": "point5",
      "battle_area_polygon_point__nextId": "point1"
    }
  },
  {
    "entity": {
      "_template": "poly_battle_area",
      "transform": [
        [1.0,0.0,0.0],
        [0.0,1.0,0.0],
        [0.0,0.0,1.0],
        [-145.587,20.2067,-55.8183]
      ],
      "battleAreaId": "2_area1",
      "battle_area__team": 1,
      "groupName": "sector_2",
      "active": false
    }
  },
  {
    "entity": {
      "_template": "battle_area_polygon_point",
      "transform": [
        [1.0,0.0,0.0],
        [0.0,1.0,0.0],
        [0.0,0.0,1.0],
        [-11.7176,18.2934,78.8744]
      ],
      "battle_area_polygon_point__forBattleAreaId": "2_area1",
      "battle_area_polygon_point__id": "point1",
      "battle_area_polygon_point__nextId": "point2"
    }
  },
  {
    "entity": {
      "_template": "battle_area_polygon_point",
      "transform": [
        [1.0,0.0,0.0],
        [0.0,1.0,0.0],
        [0.0,0.0,1.0],
        [-393.862,15.0892,39.1153]
      ],
      "battle_area_polygon_point__forBattleAreaId": "2_area1",
      "battle_area_polygon_point__id": "point2",
      "battle_area_polygon_point__nextId": "point3"
    }
  },
  {
    "entity": {
      "_template": "battle_area_polygon_point",
      "transform": [
        [1.0,0.0,0.0],
        [0.0,1.0,0.0],
        [0.0,0.0,1.0],
        [-388.64,19.6465,-242.083]
      ],
      "battle_area_polygon_point__forBattleAreaId": "2_area1",
      "battle_area_polygon_point__id": "point3",
      "battle_area_polygon_point__nextId": "point4"
    }
  },
  {
    "entity": {
      "_template": "battle_area_polygon_point",
      "transform": [
        [1.0,0.0,0.0],
        [0.0,1.0,0.0],
        [0.0,0.0,1.0],
        [-154.002,16.6618,-227.434]
      ],
      "battle_area_polygon_point__forBattleAreaId": "2_area1",
      "battle_area_polygon_point__id": "point4",
      "battle_area_polygon_point__nextId": "point5"
    }
  },
  {
    "entity": {
      "_template": "battle_area_polygon_point",
      "transform": [
        [0.990404,0.0,0.138199],
        [0.0,1.0,0.0],
        [-0.138199,0.0,0.990404],
        [40.9554,19.0749,-190.772]
      ],
      "battle_area_polygon_point__forBattleAreaId": "2_area1",
      "battle_area_polygon_point__id": "point5",
      "battle_area_polygon_point__nextId": "point1"
    }
  },
  {
    "entity": {
      "_template": "poly_battle_area",
      "transform": [
        [1.0,0.0,0.0],
        [0.0,1.0,0.0],
        [0.0,0.0,1.0],
        [-95.8769,18.824,-27.4757]
      ],
      "battleAreaId": "2_area2",
      "groupName": "sector_2",
      "battle_area__team": 2,
      "active": false
    }
  },
  {
    "entity": {
      "_template": "battle_area_polygon_point",
      "transform": [
        [1.0,0.0,0.0],
        [0.0,1.0,0.0],
        [0.0,0.0,1.0],
        [-6.30343,16.6585,79.487]
      ],
      "battle_area_polygon_point__forBattleAreaId": "2_area2",
      "battle_area_polygon_point__id": "point1",
      "battle_area_polygon_point__nextId": "point2"
    }
  },
  {
    "entity": {
      "_template": "battle_area_polygon_point",
      "transform": [
        [0.99993,0.0,0.0118447],
        [0.0,1.0,0.0],
        [-0.0118447,0.0,0.99993],
        [-146.825,14.9444,64.6876]
      ],
      "battle_area_polygon_point__forBattleAreaId": "2_area2",
      "battle_area_polygon_point__id": "point2",
      "battle_area_polygon_point__nextId": "point3"
    }
  },
  {
    "entity": {
      "_template": "battle_area_polygon_point",
      "transform": [
        [0.99993,0.0,0.0118447],
        [0.0,1.0,0.0],
        [-0.0118447,0.0,0.99993],
        [-110.246,16.3799,-219.682]
      ],
      "battle_area_polygon_point__forBattleAreaId": "2_area2",
      "battle_area_polygon_point__id": "point3",
      "battle_area_polygon_point__nextId": "point4"
    }
  },
  {
    "entity": {
      "_template": "battle_area_polygon_point",
      "transform": [
        [1.0,0.0,0.0],
        [0.0,1.0,0.0],
        [0.0,0.0,1.0],
        [151.588,23.107,-169.905]
      ],
      "battle_area_polygon_point__forBattleAreaId": "2_area2",
      "battle_area_polygon_point__id": "point4",
      "battle_area_polygon_point__nextId": "point5"
    }
  },
  {
    "entity": {
      "_template": "battle_area_polygon_point",
      "transform": [
        [1.0,0.0,0.0],
        [0.0,1.0,0.0],
        [0.0,0.0,1.0],
        [311.337,22.1278,-60.0233]
      ],
      "battle_area_polygon_point__forBattleAreaId": "2_area2",
      "battle_area_polygon_point__id": "point5",
      "battle_area_polygon_point__nextId": "point6"
    }
  },
  {
    "entity": {
      "_template": "battle_area_polygon_point",
      "transform": [
        [1.0,0.0,0.0],
        [0.0,1.0,0.0],
        [0.0,0.0,1.0],
        [159.969,16.6585,170.789]
      ],
      "battle_area_polygon_point__forBattleAreaId": "2_area2",
      "battle_area_polygon_point__id": "point6",
      "battle_area_polygon_point__nextId": "point1"
    }
  },
  {
    "entity": {
      "_template": "poly_battle_area",
      "transform": [
        [1.0,0.0,0.0],
        [0.0,1.0,0.0],
        [0.0,0.0,1.0],
        [38.472,22.0383,-6.66846]
      ],
      "battleAreaId": "3_area1",
      "battle_area__team": 1,
      "groupName": "sector_3",
      "active": false
    }
  },
  {
    "entity": {
      "_template": "battle_area_polygon_point",
      "transform": [
        [1.0,0.0,0.0],
        [0.0,1.0,0.0],
        [0.0,0.0,1.0],
        [159.241,18.549,170.308]
      ],
      "battle_area_polygon_point__forBattleAreaId": "3_area1",
      "battle_area_polygon_point__id": "point1",
      "battle_area_polygon_point__nextId": "point2"
    }
  },
  {
    "entity": {
      "_template": "battle_area_polygon_point",
      "transform": [
        [1.0,0.0,0.0],
        [0.0,1.0,0.0],
        [0.0,0.0,1.0],
        [-6.53186,17.6242,79.559]
      ],
      "battle_area_polygon_point__forBattleAreaId": "3_area1",
      "battle_area_polygon_point__id": "point2",
      "battle_area_polygon_point__nextId": "point3"
    }
  },
  {
    "entity": {
      "_template": "battle_area_polygon_point",
      "transform": [
        [1.0,0.0,0.0],
        [0.0,1.0,0.0],
        [0.0,0.0,1.0],
        [-194.097,15.3294,59.8076]
      ],
      "battle_area_polygon_point__forBattleAreaId": "3_area1",
      "battle_area_polygon_point__id": "point3",
      "battle_area_polygon_point__nextId": "point4"
    }
  },
  {
    "entity": {
      "_template": "battle_area_polygon_point",
      "transform": [
        [1.0,0.0,0.0],
        [0.0,1.0,0.0],
        [0.0,0.0,1.0],
        [-164.374,21.2982,-227.866]
      ],
      "battle_area_polygon_point__forBattleAreaId": "3_area1",
      "battle_area_polygon_point__id": "point4",
      "battle_area_polygon_point__nextId": "point5"
    }
  },
  {
    "entity": {
      "_template": "battle_area_polygon_point",
      "transform": [
        [0.996516,0.0,-0.0834042],
        [0.0,1.0,0.0],
        [0.0834042,0.0,0.996516],
        [151.765,22.5069,-170.248]
      ],
      "battle_area_polygon_point__forBattleAreaId": "3_area1",
      "battle_area_polygon_point__id": "point5",
      "battle_area_polygon_point__nextId": "point6"
    }
  },
  {
    "entity": {
      "_template": "battle_area_polygon_point",
      "transform": [
        [0.996516,0.0,-0.0834042],
        [0.0,1.0,0.0],
        [0.0834042,0.0,0.996516],
        [310.355,22.4411,-60.1785]
      ],
      "battle_area_polygon_point__forBattleAreaId": "3_area1",
      "battle_area_polygon_point__id": "point6",
      "battle_area_polygon_point__nextId": "point1"
    }
  },
  {
    "entity": {
      "_template": "poly_battle_area",
      "transform": [
        [1.0,0.0,0.0],
        [0.0,1.0,0.0],
        [0.0,0.0,1.0],
        [45.4137,22.3987,-2.9229]
      ],
      "battleAreaId": "3_area2",
      "battle_area__team": 2,
      "groupName": "sector_3",
      "active": false
    }
  },
  {
    "entity": {
      "_template": "battle_area_polygon_point",
      "transform": [
        [1.0,0.0,0.0],
        [0.0,1.0,0.0],
        [0.0,0.0,1.0],
        [0.453737,17.4178,81.7507]
      ],
      "battle_area_polygon_point__forBattleAreaId": "3_area2",
      "battle_area_polygon_point__id": "point1",
      "battle_area_polygon_point__nextId": "point2"
    }
  },
  {
    "entity": {
      "_template": "battle_area_polygon_point",
      "transform": [
        [1.0,0.0,0.0],
        [0.0,1.0,0.0],
        [0.0,0.0,1.0],
        [66.9918,21.9802,-24.7914]
      ],
      "battle_area_polygon_point__forBattleAreaId": "3_area2",
      "battle_area_polygon_point__id": "point2",
      "battle_area_polygon_point__nextId": "point3"
    }
  },
  {
    "entity": {
