[
  {
    "import": [
      {
        "scene": "content/enlisted/gamedata/scenes/_volokolamsk_sounds.blk"
      },
      {
        "scene": "content/enlisted/gamedata/scenes/_volokolamsk_autumn_gpu_objects.blk"
      },
      {
        "scene": "content/enlisted/gamedata/scenes/_volokolamsk_autumn_biome_fx.blk"
      }
    ]
  },
  {
    "import": {
      "scene": "content/enlisted/gamedata/scenes/_volokolamsk_autumn_common.blk"
    }
  },
  {
    "entity": {
      "_template": "session_finalizer",
      "session_finalizer__timer": 10.0
    }
  },
  {
    "entity": {
      "_template": "briefing_invasion",
      "mission_name": "volokolamsk_forestry_inv_counter",
      "mission_outfit": "moscow",
      "loading_images:list<t>": [
        {
          "item": "ui/volokolamsk_forestery_01.avif"
        },
        {
          "item": "ui/volokolamsk_forestery_02.avif"
        },
        {
          "item": "ui/volokolamsk_forestery_03.avif"
        }
      ]
    }
  },
  {
    "entity": {
      "_template": "team_ussr+team_narrator_invasion_defence+respawn_creators_team",
      "team__countAdd": 0.5,
      "team__memberCount": 0.5,
      "team__scoreCap": 5000.0,
      "team__capturePenalty": 1001.0,
      "team__score": 5000.0,
      "team__id": 1,
      "team__briefing": "invasion/defenders_goals",
      "team__winSubtitle": "debriefing/won_defence_subtitle",
      "team__loseSubtitle": "debriefing/lost_defence_subtitle",
      "team__winTitle": "debriefing/ussr_won_defence",
      "team__spawnBotArmy": "moscow_allies"
    }
  },
  {
    "entity": {
      "_template": "team_germany_winter+team_narrator_invasion_attack+respawn_creators_team",
      "team__memberCount": 0.0,
      "team__scoreCap": 4000.0,
      "team__score": 4000.0,
      "team__squadSpawnCost": 250,
      "team__firstSpawnCostMul": 0.0,
      "team__zeroScoreFailTimer": 60.0,
      "team__id": 2,
      "team__briefing": "invasion/attackers_goals",
      "team__winSubtitle": "debriefing/won_invasion_subtitle",
      "team__loseSubtitle": "debriefing/lost_invasion_subtitle",
      "team__winTitle": "debriefing/axis_won_invasion",
      "team__spawnBotArmy": "moscow_axis"
    }
  },
  {
    "entity": {
      "_template": "group_activator",
      "activator__activateChoice:object": {
        "sector_1": 1.0
      }
    }
  },
  {
    "entity": {
      "_template": "enemy_attack_marker"
    }
  },
  {
    "entity": {
      "_template": "static_cam",
      "camera__active": true,
      "transform": [
        [-0.422637,0.000995152,0.906298],
        [-0.13177,0.989306,-0.0625352],
        [-0.896669,-0.145853,-0.417986],
        [-661.91,19.3149,-47.5247]
      ]
    }
  },
  {
    "entity": {
      "_template": "respawn_camera",
      "respawnCameraForTeam": 2,
      "transform": [
        [1.0,0.0,0.0],
        [0.0,1.0,0.0],
        [0.0,0.0,1.0],
        [-763.86,303.107,-166.95]
      ]
    }
  },
  {
    "entity": {
      "_template": "respawn_camera",
      "respawnCameraForTeam": 1,
      "transform": [
        [1.0,0.0,0.0],
        [0.0,1.0,0.0],
        [0.0,0.0,1.0],
        [-1452.4,309.043,404.297]
      ]
    }
  },
  {
    "entity": {
      "_template": "defend_zone_chained_sphere+defend_zone_respawnbase",
      "capzone__capRewardPartCap": 1.125,
      "capzone__onlyTeamCanCapture": 2,
      "capzone__curTeamCapturingZone": -1,
      "groupName": "sector_1",
      "capzone__capTime": 35.0,
      "capzone__capTeam": -1,
      "transform": [
        [1.02362,0.00908744,-0.106018],
        [0.0,0.996346,0.0854029],
        [0.0569502,-0.0455195,0.53105],
        [-698.756,13.1341,-65.8774]
      ],
      "active": false,
      "capzone__decapTime": 6000.0,
      "ui_order": 1,
      "capzone__capReward": 250.0,
      "capzone__icon": "AAA",
      "capzone__caption": "capzone/station",
      "sphere_zone__radius": 22.0,
      "capzone__deactivateAfterTimeout": 25.0,
      "capzone__spawnAtZoneTimeout": 25.0,
      "capzone__createRespawnBaseForTeam": 1,
      "decal__height": 1.0,
      "decal__thickness": 0.15,
      "capzone__createRespawnBase": "respawnBaseGroupActivator",
      "capzone__createdRespawnBaseGroup": 7,
      "capzone__iconOffsetY": 3.0,
      "capzone__activateChoice:object": {
        "sector_2": 1.0,
        "sector_2_b": 1.0
      }
    }
  },
  {
    "entity": {
      "_template": "defend_zone_chained_sphere+defend_zone_respawnbase",
      "capzone__capRewardPartCap": 1.25,
      "capzone__onlyTeamCanCapture": 2,
      "capzone__curTeamCapturingZone": -1,
      "groupName": "sector_2",
      "capzone__capTime": 30.0,
      "capzone__capTeam": -1,
      "transform": [
        [1.0,0.0,0.0],
        [0.0,1.0,0.0],
        [0.0,0.0,1.0],
        [-791.826,10.3451,-29.3891]
      ],
      "active": false,
      "capzone__decapTime": 6000.0,
      "ui_order": 1,
      "capzone__capReward": 250.0,
      "capzone__icon": "AAA",
      "capzone__caption": "capzone/pumping_station",
      "sphere_zone__radius": 15.0,
      "capzone__deactivateAfterTimeout": 25.0,
      "capzone__spawnAtZoneTimeout": 25.0,
      "capzone__createRespawnBaseForTeam": 1,
      "decal__height": 3.0,
      "decal__thickness": 0.15,
      "capzone__createRespawnBase": "respawnBaseGroupActivator",
      "capzone__createdRespawnBaseGroup": 6,
      "capzone__iconOffsetY": 3.0,
      "capzone__activateChoice:object": {
        "sector_3": 1.0,
        "sector_3_b": 1.0
      }
    }
  },
  {
    "entity": {
      "_template": "defend_zone_chained_sphere+defend_zone_respawnbase",
      "capzone__capRewardPartCap": 1.25,
      "capzone__onlyTeamCanCapture": 2,
      "capzone__curTeamCapturingZone": -1,
      "groupName": "sector_2_b",
      "capzone__capTime": 30.0,
      "capzone__capTeam": -1,
      "transform": [
        [0.983627,0.0,-0.156584],
        [0.0,1.0,0.0],
        [0.166732,0.0,1.04737],
        [-775.766,11.3923,-65.8849]
      ],
      "sphere_zone__radius": 14.5,
      "active": false,
      "capzone__decapTime": 6000.0,
      "ui_order": 1,
      "capzone__capReward": 250.0,
      "capzone__icon": "AAA",
      "capzone__caption": "capzone/warehouse",
      "capzone__deactivateAfterTimeout": 25.0,
      "capzone__spawnAtZoneTimeout": 25.0,
      "capzone__createRespawnBaseForTeam": 1,
      "decal__height": 0.9,
      "decal__thickness": 0.15,
      "capzone__createRespawnBase": "respawnBaseGroupActivator",
      "capzone__createdRespawnBaseGroup": 9,
      "capzone__activateChoice:object": {
        "sector_3": 1.0,
        "sector_3_b": 1.0
      }
    }
  },
  {
    "entity": {
      "_template": "defend_zone_chained_sphere+defend_zone_respawnbase",
      "capzone__capRewardPartCap": 1.25,
      "capzone__onlyTeamCanCapture": 2,
      "capzone__curTeamCapturingZone": -1,
      "groupName": "sector_2_c",
      "capzone__capTime": 30.0,
      "capzone__capTeam": -1,
      "transform": [
        [1.0,0.0,0.0],
        [0.0,1.0,0.0],
        [0.0,0.0,1.0],
        [-791.826,10.3451,-29.3891]
      ],
      "active": false,
      "capzone__decapTime": 6000.0,
      "ui_order": 1,
      "capzone__capReward": 250.0,
      "capzone__icon": "AAA",
      "capzone__caption": "capzone/pumping_station",
      "sphere_zone__radius": 15.0,
      "capzone__deactivateAfterTimeout": 25.0,
      "capzone__spawnAtZoneTimeout": 25.0,
      "capzone__createRespawnBaseForTeam": 1,
      "decal__height": 3.0,
      "decal__thickness": 0.15,
      "capzone__createRespawnBase": "respawnBaseGroupActivator",
      "capzone__createdRespawnBaseGroup": 6,
      "capzone__iconOffsetY": 3.0,
      "capzone__activateChoice:object": {
        "sector_3": 1.0,
        "sector_3_b": 1.0
      }
    }
  },
  {
    "entity": {
      "_template": "defend_zone_chained_sphere+defend_zone_respawnbase",
      "capzone__capRewardPartCap": 1.375,
      "capzone__onlyTeamCanCapture": 2,
      "capzone__curTeamCapturingZone": -1,
      "groupName": "sector_3",
      "capzone__capTime": 35.0,
      "capzone__capTeam": -1,
      "transform": [
        [1.0,0.0,0.0],
        [0.0,1.0,0.0],
        [0.0,0.0,1.0],
        [-929.59,2.23869,39.0777]
      ],
      "active": false,
      "capzone__decapTime": 6000.0,
      "ui_order": 1,
      "capzone__capReward": 250.0,
      "capzone__icon": "AAA",
      "capzone__caption": "capzone/sawmill",
      "sphere_zone__radius": 20.0,
      "capzone__deactivateAfterTimeout": 25.0,
      "capzone__spawnAtZoneTimeout": 25.0,
      "capzone__createRespawnBaseForTeam": 1,
      "decal__height": 2.0,
      "decal__thickness": 0.15,
      "capzone__createRespawnBase": "respawnBaseGroupActivator",
      "capzone__createdRespawnBaseGroup": 5,
      "capzone__iconOffsetY": 2.0,
      "capzone__activateChoice:object": {
        "sector_4": 1.0,
        "sector_4_b": 1.0
      }
    }
  },
  {
    "entity": {
      "_template": "defend_zone_chained_sphere+defend_zone_respawnbase",
      "capzone__capRewardPartCap": 1.375,
      "capzone__onlyTeamCanCapture": 2,
      "capzone__curTeamCapturingZone": -1,
      "groupName": "sector_3_b",
      "capzone__capTime": 35.0,
      "capzone__capTeam": -1,
      "transform": [
        [0.918704,0.0,0.394947],
        [0.0,1.0,0.0],
        [-0.3509,0.0,0.816245],
        [-1001.87,1.93644,-47.8768]
      ],
      "active": false,
      "capzone__decapTime": 6000.0,
      "ui_order": 1,
      "capzone__capReward": 250.0,
      "capzone__icon": "AAA",
      "capzone__caption": "capzone/barn",
      "sphere_zone__radius": 19.0,
      "capzone__deactivateAfterTimeout": 25.0,
      "capzone__spawnAtZoneTimeout": 25.0,
      "capzone__createRespawnBaseForTeam": 1,
      "decal__height": 0.7,
      "decal__thickness": 0.15,
      "capzone__createRespawnBase": "respawnBaseGroupActivator",
      "capzone__createdRespawnBaseGroup": 8,
      "capzone__iconOffsetY": 2.5,
      "capzone__activateChoice:object": {
        "sector_4": 1.0,
        "sector_4_b": 1.0
      }
    }
  },
  {
    "entity": {
      "_template": "defend_zone_chained_box+defend_zone_respawnbase",
      "capzone__capRewardPartCap": 1.5,
      "capzone__onlyTeamCanCapture": 2,
      "capzone__curTeamCapturingZone": -1,
      "groupName": "sector_4",
      "capzone__capTime": 35.0,
      "capzone__capTeam": -1,
      "transform": [
        [20.0968,0.0,-30.8061],
        [0.0,3.93475,0.0],
        [13.2608,0.0,8.65085],
        [-1063.38,4.43999,51.3251]
      ],
      "active": false,
      "capzone__decapTime": 6000.0,
      "ui_order": 1,
      "capzone__capReward": 250.0,
      "capzone__icon": "AAA",
      "capzone__caption": "capzone/lumber_plant",
      "capzone__deactivateAfterTimeout": 25.0,
      "capzone__spawnAtZoneTimeout": 25.0,
      "capzone__createRespawnBaseForTeam": 1,
      "decal__height": 0.5,
      "decal__thickness": 0.15,
      "capzone__createRespawnBase": "respawnBaseGroupActivator",
      "capzone__createdRespawnBaseGroup": 4,
      "capzone__activateChoice:object": {
        "sector_5": 3.0
      }
    }
  },
  {
    "entity": {
      "_template": "defend_zone_chained_box+defend_zone_respawnbase",
      "capzone__capRewardPartCap": 1.5,
      "capzone__onlyTeamCanCapture": 2,
      "capzone__curTeamCapturingZone": -1,
      "groupName": "sector_4_b",
      "capzone__capTime": 35.0,
      "capzone__capTeam": -1,
      "transform": [
        [20.0968,0.0,-30.8061],
        [0.0,3.93475,0.0],
        [13.2608,0.0,8.65085],
        [-1063.38,8.70295,51.3251]
      ],
      "active": false,
      "capzone__decapTime": 6000.0,
      "ui_order": 1,
      "capzone__capReward": 250.0,
      "capzone__icon": "AAA",
      "capzone__caption": "capzone/lumber_plant",
      "capzone__deactivateAfterTimeout": 25.0,
      "capzone__spawnAtZoneTimeout": 25.0,
      "capzone__createRespawnBaseForTeam": 1,
      "decal__height": 0.5,
      "decal__thickness": 0.15,
      "capzone__createRespawnBase": "respawnBaseGroupActivator",
      "capzone__createdRespawnBaseGroup": 10,
      "capzone__iconOffsetY": 3.0,
      "capzone__activateChoice:object": {
        "sector_5": 1.0
      }
    }
  },
  {
    "entity": {
      "_template": "defend_zone_chained_sphere+defend_zone_respawnbase",
      "capzone__capRewardPartCap": 1.0,
      "capzone__onlyTeamCanCapture": 2,
      "capzone__curTeamCapturingZone": -1,
      "groupName": "sector_5",
      "capzone__capTime": 30.0,
      "capzone__capTeam": -1,
      "transform": [
        [1.07272,0.0,-0.396382],
        [0.0,1.0,0.0],
        [0.346607,-0.0,0.93801],
        [-1227.28,4.60296,160.059]
      ],
      "active": false,
      "capzone__decapTime": 6000.0,
      "ui_order": 1,
      "capzone__capReward": 250.0,
      "capzone__icon": "AAA",
      "capzone__caption": "capzone/artillery_emplacement",
      "sphere_zone__radius": 25.0,
      "capzone__deactivateAfterTimeout": 25.0,
      "capzone__spawnAtZoneTimeout": 25.0,
      "capzone__createRespawnBaseForTeam": 1,
      "decal__height": 1.0,
      "decal__thickness": 0.15,
      "capzone__createRespawnBase": "respawnBaseGroupActivator",
      "capzone__createdRespawnBaseGroup": 3,
      "capzone__iconOffsetY": 2.5
    }
  },
  {
    "entity": {
      "_template": "respawnChooser+respTeam1",
      "transform": [
        [0.898665,0.0,0.438636],
        [0.0,1.0,0.0],
        [-0.438636,0.0,0.898665],
        [-1100.49,4.24472,14.0592]
      ],
      "groupName": "sector_3_b",
      "respawnBaseGroup": 2,
      "active": false
    }
  },
  {
    "entity": {
      "_template": "respawnChooser+respTeam1",
      "transform": [
        [0.66583,0.0,-0.746103],
        [0.0,1.0,0.0],
        [0.746103,0.0,0.66583],
        [-1069.98,3.61035,51.7061]
      ],
      "groupName": "sector_3_b",
      "respawnBaseGroup": 1,
      "active": false
    }
  },
  {
    "entity": {
      "_template": "respawnChooser+respTeam1",
      "transform": [
        [0.599325,0.0,-0.800505],
        [0.0,1.0,0.0],
        [0.800505,0.0,0.599325],
        [-1075.01,3.65713,47.7597]
      ],
      "groupName": "sector_3_b",
      "respawnBaseGroup": 1,
      "active": false
    }
  },
  {
    "entity": {
      "_template": "respawnChooser+respTeam2",
      "transform": [
        [-0.9213,0.0,0.388854],
        [0.0,1.0,0.0],
        [-0.388854,0.0,-0.9213],
        [-866.689,10.0459,-85.631]
      ],
      "groupName": "sector_3_b",
      "respawnBaseGroup": 1,
      "active": false
    }
  },
  {
    "entity": {
      "_template": "respawnChooser+respTeam2",
      "transform": [
        [-0.992947,0.0,0.118557],
        [0.0,1.0,0.0],
        [-0.118557,0.0,-0.992947],
        [-867.945,10.2739,-88.6509]
      ],
      "groupName": "sector_3_b",
      "respawnBaseGroup": 1,
      "active": false
    }
  },
  {
    "entity": {
      "_template": "respawnChooser+respTeam2",
      "transform": [
        [-0.933945,0.0,-0.357417],
        [0.0,1.0,0.0],
        [0.357417,0.0,-0.933945],
        [-891.671,4.23513,38.0754]
      ],
      "groupName": "sector_3_b",
      "respawnBaseGroup": 2,
      "active": false
    }
  },
  {
    "entity": {
      "_template": "respawnChooser+respTeam2",
      "transform": [
        [0.124524,0.0,-0.992216],
        [0.0,1.0,0.0],
        [0.992216,0.0,0.124524],
        [-887.813,3.52019,41.3608]
      ],
      "groupName": "sector_3_b",
      "respawnBaseGroup": 2,
      "active": false
    }
  },
  {
    "entity": {
      "_template": "respawnChooser+respVehicle",
      "transform": [
        [0.706063,0.0,-0.70815],
        [0.0,1.0,0.0],
        [0.70815,0.0,0.706063],
        [-1195.31,2.03584,48.7416]
      ],
      "respTime": 150,
      "groupName": "sector_3_b",
      "team": 1,
      "maxVehicleOnSpawn": 2,
      "active": false
    }
  },
  {
    "entity": {
      "_template": "respawnChooser+respVehicle",
      "transform": [
        [-0.633739,0.0,0.773547],
        [0.0,1.0,0.0],
        [-0.773547,0.0,-0.633739],
        [-799.044,12.956,-100.908]
      ],
      "respTime": 150,
      "groupName": "sector_3_b",
      "team": 2,
      "maxVehicleOnSpawn": 2,
      "active": false
    }
  },
  {
    "entity": {
      "_template": "respawnChooser+respTeam1",
      "transform": [
        [0.999993,0.0,-0.00399423],
        [0.0,1.0,0.0],
        [0.00399423,0.0,0.999993],
        [-899.776,5.57877,-27.521]
      ],
      "groupName": "sector_2_b",
      "respawnBaseGroup": 1,
      "active": false
    }
  },
  {
    "entity": {
      "_template": "respawnChooser+respTeam1",
      "transform": [
        [0.997363,0.0,-0.0725868],
        [0.0,1.0,0.0],
        [0.0725868,0.0,0.997363],
        [-900.911,4.73621,-18.9888]
      ],
      "groupName": "sector_2_b",
      "respawnBaseGroup": 1,
      "active": false
    }
  },
  {
    "entity": {
      "_template": "respawnChooser+respTeam1",
      "transform": [
        [0.981527,0.0,0.191327],
        [0.0,1.0,0.0],
        [-0.191327,0.0,0.981527],
        [-911.316,8.48488,-80.4252]
      ],
      "groupName": "sector_2_b",
      "respawnBaseGroup": 2,
      "active": false
    }
  },
  {
    "entity": {
      "_template": "respawnChooser+respTeam2",
      "transform": [
        [-0.998683,0.0,0.0513016],
        [0.0,1.0,0.0],
        [-0.0513016,0.0,-0.998683],
        [-635.055,14.313,-122.428]
      ],
      "groupName": "sector_2_b",
      "respawnBaseGroup": 1,
      "active": false
    }
  },
  {
    "entity": {
      "_template": "respawnChooser+respTeam2",
      "transform": [
        [-0.785157,0.0,0.619296],
        [0.0,1.0,0.0],
        [-0.619296,0.0,-0.785157],
        [-678.675,17.8013,-161.189]
      ],
      "groupName": "sector_2_b",
      "respawnBaseGroup": 1,
      "active": false
    }
  },
  {
    "entity": {
      "_template": "respawnChooser+respTeam2",
      "transform": [
        [-0.698353,0.0,0.715754],
        [0.0,1.0,0.0],
        [-0.715754,0.0,-0.698353],
        [-637.572,11.7774,-42.2913]
      ],
      "groupName": "sector_2_b",
      "respawnBaseGroup": 1,
      "active": false
    }
  },
  {
    "entity": {
      "_template": "respawnChooser+respVehicle",
      "transform": [
        [0.976938,0.0,0.213529],
        [0.0,1.0,0.0],
        [-0.213529,0.0,0.976938],
        [-971.608,2.97274,49.4292]
      ],
      "respTime": 150,
      "groupName": "sector_2_b",
      "team": 1,
      "maxVehicleOnSpawn": 2,
      "active": false
    }
  },
  {
    "entity": {
      "_template": "respawnChooser+respVehicle",
      "transform": [
        [0.363224,0.0,0.931703],
        [0.0,1.0,0.0],
        [-0.931703,0.0,0.363224],
        [-676.67,14.318,-201.85]
      ],
      "respTime": 150,
      "groupName": "sector_2_b",
      "team": 2,
      "maxVehicleOnSpawn": 2,
      "active": false
    }
  },
  {
    "entity": {
      "_template": "respawnChooser+respTeam2",
      "transform": [
        [-0.663353,0.0,0.748306],
        [0.0,1.0,0.0],
        [-0.748306,0.0,-0.663353],
        [-906.101,3.72108,18.6684]
      ],
      "groupName": "sector_4_b",
      "respawnBaseGroup": 2,
      "active": false
    }
  },
  {
    "entity": {
      "_template": "respawnChooser+respTeam2",
      "transform": [
        [-0.436832,0.0,0.899543],
        [0.0,1.0,0.0],
        [-0.899543,0.0,-0.436832],
        [-898.52,3.59213,35.1637]
      ],
      "groupName": "sector_4_b",
      "respawnBaseGroup": 2,
      "active": false
    }
  },
  {
    "entity": {
      "_template": "respawnChooser+respTeam2",
      "transform": [
        [-0.48531,0.0,0.874342],
        [0.0,1.0,0.0],
        [-0.874342,0.0,-0.48531],
        [-961.457,4.12554,-72.6119]
      ],
      "groupName": "sector_4_b",
      "respawnBaseGroup": 1,
      "active": false
    }
  },
  {
    "entity": {
      "_template": "respawnChooser+respTeam2",
      "transform": [
        [-0.504229,0.0,0.863571],
        [0.0,1.0,0.0],
        [-0.863571,0.0,-0.504229],
        [-940.206,7.77126,-61.9007]
      ],
      "groupName": "sector_4_b",
      "respawnBaseGroup": 1,
      "active": false
    }
  },
  {
    "entity": {
      "_template": "respawnChooser+respTeam1",
      "transform": [
        [0.889168,0.0,-0.457581],
        [0.0,1.0,0.0],
        [0.457581,0.0,0.889168],
        [-1182.07,3.63976,140.407]
      ],
      "groupName": "sector_4_b",
      "respawnBaseGroup": 1,
      "active": false
    }
  },
  {
    "entity": {
      "_template": "respawnChooser+respTeam1",
      "transform": [
        [0.80849,0.0,-0.588509],
        [0.0,1.0,0.0],
        [0.588509,0.0,0.80849],
        [-1205.01,3.35193,130.116]
      ],
      "groupName": "sector_4_b",
      "respawnBaseGroup": 1,
      "active": false
    }
  },
  {
    "entity": {
      "_template": "respawnChooser+respTeam1",
      "transform": [
        [0.588325,0.0,-0.808624],
        [0.0,1.0,0.0],
        [0.808624,0.0,0.588325],
        [-1159.2,1.80867,175.521]
      ],
      "groupName": "sector_4_b",
      "respawnBaseGroup": 2,
      "active": false
    }
  },
  {
    "entity": {
      "_template": "respawnChooser+respTeam1",
      "transform": [
        [0.397701,0.0,-0.917515],
        [0.0,1.0,0.0],
        [0.917515,0.0,0.397701],
        [-1133.05,3.15286,194.228]
      ],
      "groupName": "sector_4_b",
      "respawnBaseGroup": 2,
      "active": false
    }
  },
  {
    "entity": {
      "_template": "respawnChooser+respVehicle",
      "transform": [
        [-0.546797,0.0,0.837266],
        [0.0,1.0,0.0],
        [-0.837266,0.0,-0.546797],
        [-840.008,6.08136,22.6867]
      ],
      "respTime": 150,
      "groupName": "sector_4_b",
      "team": 2,
      "maxVehicleOnSpawn": 2,
      "active": false
    }
  },
  {
    "entity": {
      "_template": "respawnChooser+respVehicle",
      "transform": [
        [-0.0258055,0.0,-0.999668],
        [0.0,1.0,0.0],
        [0.999668,0.0,-0.0258055],
        [-1259.74,5.11663,157.759]
      ],
      "respTime": 150,
      "groupName": "sector_4_b",
      "team": 1,
      "maxVehicleOnSpawn": 2,
      "active": false
    }
  },
  {
    "entity": {
      "_template": "respawnChooser+respTeam2",
      "transform": [
        [-0.975376,0.0,0.220549],
        [0.0,1.0,0.0],
        [-0.220549,0.0,-0.975376],
        [-1073.83,3.77245,63.5701]
      ],
      "groupName": "sector_5",
      "respawnBaseGroup": 1,
      "active": false
    }
  },
  {
    "entity": {
      "_template": "respawnChooser+respTeam2",
      "transform": [
        [-0.846109,0.0,0.533009],
        [0.0,1.0,0.0],
        [-0.533009,0.0,-0.846109],
        [-1087.78,3.73437,55.5215]
      ],
      "groupName": "sector_5",
      "respawnBaseGroup": 1,
      "active": false
    }
  },
  {
    "entity": {
      "_template": "respawnChooser+respTeam2",
      "transform": [
        [-0.999924,0.0,-0.012358],
        [0.0,1.0,0.0],
        [0.012358,0.0,-0.999924],
        [-1071.03,3.17788,99.7057]
      ],
      "groupName": "sector_5",
      "respawnBaseGroup": 2,
      "active": false
    }
  },
  {
    "entity": {
      "_template": "respawnChooser+respTeam2",
      "transform": [
        [-0.663353,0.0,0.748306],
        [0.0,1.0,0.0],
        [-0.748306,0.0,-0.663353],
        [-906.101,3.72108,18.6684]
      ],
      "groupName": "sector_4",
      "respawnBaseGroup": 2,
      "active": false
    }
  },
  {
    "entity": {
      "_template": "respawnChooser+respTeam2",
      "transform": [
        [-0.436832,0.0,0.899543],
        [0.0,1.0,0.0],
        [-0.899543,0.0,-0.436832],
        [-898.52,3.59213,35.1637]
      ],
      "groupName": "sector_4",
      "respawnBaseGroup": 2,
      "active": false
    }
  },
  {
    "entity": {
      "_template": "respawnChooser+respTeam2",
      "transform": [
        [-0.48531,0.0,0.874342],
        [0.0,1.0,0.0],
        [-0.874342,0.0,-0.48531],
        [-961.457,4.12554,-72.6119]
      ],
      "groupName": "sector_4",
      "respawnBaseGroup": 1,
      "active": false
    }
  },
  {
    "entity": {
      "_template": "respawnChooser+respTeam2",
      "transform": [
        [-0.498051,0.0,0.867148],
        [0.0,1.0,0.0],
        [-0.867148,0.0,-0.498051],
        [-940.213,7.77126,-61.8549]
      ],
      "groupName": "sector_4",
      "respawnBaseGroup": 1,
      "active": false
    }
  },
  {
    "entity": {
      "_template": "respawnChooser+respTeam2",
      "transform": [
        [-0.0651328,0.0,0.997877],
        [0.0,1.0,0.0],
        [-0.997877,0.0,-0.0651328],
        [-784.275,8.49845,21.7382]
      ],
      "groupName": "sector_3",
      "respawnBaseGroup": 1,
      "active": false
    }
  },
  {
    "entity": {
      "_template": "respawnChooser+respTeam2",
      "transform": [
        [-0.93403,0.0,0.357196],
        [0.0,1.0,0.0],
        [-0.357196,0.0,-0.93403],
        [-778.786,8.48363,11.494]
      ],
      "groupName": "sector_3",
      "respawnBaseGroup": 1,
      "active": false
    }
  },
  {
    "entity": {
      "_template": "respawnChooser+respTeam2",
      "transform": [
        [-0.0580047,0.0,0.998317],
        [0.0,1.0,0.0],
        [-0.998317,0.0,-0.0580047],
        [-792.2,12.3761,-21.9498]
      ],
      "groupName": "sector_3",
      "respawnBaseGroup": 1,
      "active": false
    }
  },
  {
    "entity": {
      "_template": "respawnChooser+respTeam2",
      "transform": [
        [-0.98957,0.0,0.144057],
        [0.0,1.0,0.0],
        [-0.144057,0.0,-0.98957],
        [-655.569,15.4026,-74.2897]
      ],
      "groupName": "sector_2",
      "respawnBaseGroup": 1,
      "active": false
    }
  },
  {
    "entity": {
      "_template": "respawnChooser+respTeam2",
      "transform": [
        [-0.968665,0.0,0.248373],
        [0.0,1.0,0.0],
        [-0.248373,0.0,-0.968665],
        [-656.91,15.4026,-78.2298]
      ],
      "groupName": "sector_2",
      "respawnBaseGroup": 1,
      "active": false
    }
  },
  {
    "entity": {
      "_template": "respawnChooser+respTeam2",
      "transform": [
        [-0.991363,0.0,0.131146],
        [0.0,1.0,0.0],
        [-0.131146,0.0,-0.991363],
        [-658.623,16.511,-108.049]
      ],
      "groupName": "sector_2",
      "respawnBaseGroup": 1,
      "active": false,
      "team": 2
    }
  },
  {
    "entity": {
      "_template": "respawnChooser+respTeam2",
      "transform": [
        [-0.757752,0.0,0.652544],
        [0.0,1.0,0.0],
        [-0.652544,0.0,-0.757752],
        [-637.537,11.8991,-42.4715]
      ],
      "groupName": "sector_2",
      "respawnBaseGroup": 1,
      "active": false,
      "team": 2
    }
  },
  {
    "entity": {
      "_template": "respawnChooser+respTeam2",
      "transform": [
        [-0.98957,0.0,0.144057],
        [0.0,1.0,0.0],
        [-0.144057,0.0,-0.98957],
        [-655.473,15.4026,-73.9917]
      ],
      "groupName": "sector_2_c",
      "respawnBaseGroup": 1,
      "active": false
    }
  },
  {
    "entity": {
      "_template": "respawnChooser+respTeam2",
      "transform": [
        [-0.968665,0.0,0.248373],
        [0.0,1.0,0.0],
        [-0.248373,0.0,-0.968665],
        [-656.96,15.4026,-78.1217]
      ],
      "groupName": "sector_2_c",
      "respawnBaseGroup": 1,
      "active": false
    }
  },
  {
    "entity": {
      "_template": "respawnChooser+respTeam2",
      "transform": [
        [-0.970519,0.0,0.241026],
        [0.0,1.0,0.0],
        [-0.241026,0.0,-0.970519],
        [-658.582,16.6153,-107.945]
      ],
      "groupName": "sector_2_c",
      "respawnBaseGroup": 1,
      "active": false
    }
  },
  {
    "entity": {
      "_template": "respawnChooser+respTeam2",
      "transform": [
        [-0.664105,0.0,0.74764],
        [0.0,1.0,0.0],
        [-0.74764,0.0,-0.664105],
        [-637.52,11.8756,-42.4128]
      ],
      "groupName": "sector_2_c",
      "respawnBaseGroup": 1,
      "active": false
    }
  },
  {
    "entity": {
      "_template": "respawnChooser+respTeam2",
      "transform": [
        [-0.125236,0.0,0.992127],
        [0.0,1.0,0.0],
        [-0.992127,0.0,-0.125236],
        [-693.921,15.1651,-206.806]
      ],
      "groupName": "sector_1",
      "respawnBaseGroup": 1,
      "active": false
    }
  },
  {
    "entity": {
      "_template": "respawnChooser+respTeam2",
      "transform": [
        [0.0815101,0.0,0.996672],
        [0.0,1.0,0.0],
        [-0.996672,0.0,0.0815101],
        [-690.663,14.8873,-205.564]
      ],
      "groupName": "sector_1",
      "respawnBaseGroup": 1,
      "active": false
    }
  },
  {
    "entity": {
      "_template": "respawnChooser+respTeam2",
      "transform": [
        [-0.874043,0.0,0.48585],
        [0.0,1.0,0.0],
        [-0.48585,0.0,-0.874043],
        [-577.387,11.9789,-135.265]
      ],
      "groupName": "sector_1",
      "respawnBaseGroup": 2,
      "active": false
    }
  },
  {
    "entity": {
      "_template": "respawnChooser+respTeam2",
      "transform": [
        [-0.87658,0.0,0.481254],
        [0.0,1.0,0.0],
        [-0.481254,0.0,-0.87658],
        [-576.11,12.1295,-130.89]
      ],
      "groupName": "sector_1",
      "respawnBaseGroup": 2,
      "active": false
    }
  },
  {
    "entity": {
      "_template": "respawnChooser+respTeam1",
      "transform": [
        [0.605971,0.0,-0.795487],
        [0.0,1.0,0.0],
        [0.795487,0.0,0.605971],
        [-1271.47,4.63579,289.57]
      ],
      "groupName": "sector_5",
      "respawnBaseGroup": 2,
      "active": false
    }
  },
  {
    "entity": {
      "_template": "respawnChooser+respTeam1",
      "transform": [
        [0.495768,0.0,-0.868455],
        [0.0,1.0,0.0],
        [0.868455,0.0,0.495768],
        [-1281.8,5.56724,283.429]
      ],
      "groupName": "sector_5",
      "respawnBaseGroup": 2,
      "active": false
    }
  },
  {
    "entity": {
      "_template": "respawnChooser+respTeam1",
      "transform": [
        [0.791708,0.0,-0.6109],
        [0.0,1.0,0.0],
        [0.6109,0.0,0.791708],
        [-1349.49,6.09016,224.045]
      ],
      "groupName": "sector_5",
      "respawnBaseGroup": 1,
      "active": false
    }
  },
  {
    "entity": {
      "_template": "respawnChooser+respTeam1",
      "transform": [
        [0.838961,0.0419486,-0.542572],
        [-0.00429704,0.997504,0.070477],
        [0.544175,-0.056796,0.837047],
        [-1342.66,6.85213,232.864]
      ],
      "groupName": "sector_5",
      "respawnBaseGroup": 1,
      "active": false
    }
  },
  {
    "entity": {
      "_template": "respawnChooser+respTeam1",
      "transform": [
        [0.889168,0.0,-0.457581],
        [0.0,1.0,0.0],
        [0.457581,0.0,0.889168],
        [-1182.07,3.63976,140.407]
      ],
      "groupName": "sector_4",
      "respawnBaseGroup": 1,
      "active": false
    }
  },
  {
    "entity": {
      "_template": "respawnChooser+respTeam1",
      "transform": [
        [0.80849,0.0,-0.588509],
        [0.0,1.0,0.0],
        [0.588509,0.0,0.80849],
        [-1205.01,3.35193,130.116]
      ],
      "groupName": "sector_4",
      "respawnBaseGroup": 1,
      "active": false
    }
  },
  {
    "entity": {
      "_template": "respawnChooser+respTeam1",
      "transform": [
        [0.588325,0.0,-0.808624],
        [0.0,1.0,0.0],
        [0.808624,0.0,0.588325],
        [-1159.2,1.80867,175.521]
      ],
      "groupName": "sector_4",
      "respawnBaseGroup": 2,
      "active": false
    }
  },
  {
    "entity": {
      "_template": "respawnChooser+respTeam1",
      "transform": [
        [0.397701,0.0,-0.917515],
        [0.0,1.0,0.0],
        [0.917515,0.0,0.397701],
        [-1133.05,3.15286,194.228]
      ],
      "groupName": "sector_4",
      "respawnBaseGroup": 2,
      "active": false
    }
  },
  {
    "entity": {
      "_template": "respawnChooser+respTeam1",
      "transform": [
        [0.489192,0.0,-0.872176],
        [0.0,1.0,0.0],
        [0.872176,0.0,0.489192],
        [-1032.25,3.7549,88.4633]
      ],
      "groupName": "sector_3",
      "respawnBaseGroup": 2,
      "active": false
    }
  },
  {
    "entity": {
      "_template": "respawnChooser+respTeam1",
      "transform": [
        [0.887842,0.0,0.460149],
        [0.0,1.0,0.0],
        [-0.460149,0.0,0.887842],
        [-1029.22,3.7549,90.2246]
      ],
      "groupName": "sector_3",
      "respawnBaseGroup": 2,
      "active": false
    }
  },
  {
    "entity": {
      "_template": "respawnChooser+respTeam1",
      "transform": [
        [0.553456,0.0,-0.832878],
        [0.0,1.0,0.0],
        [0.832878,0.0,0.553456],
        [-1060.2,3.62707,54.1323]
      ],
      "groupName": "sector_3",
      "respawnBaseGroup": 1,
      "active": false
    }
  },
  {
    "entity": {
      "_template": "respawnChooser+respTeam1",
      "transform": [
        [0.612014,0.0,-0.790847],
        [0.0,1.0,0.0],
        [0.790847,0.0,0.612014],
        [-1066.59,3.75059,37.5269]
      ],
      "groupName": "sector_3",
      "respawnBaseGroup": 1,
      "active": false
    }
  },
  {
    "entity": {
      "_template": "respawnChooser+respTeam1",
      "transform": [
        [0.851458,0.0,0.524423],
        [0.0,1.0,0.0],
        [-0.524423,0.0,0.851458],
        [-1048.58,5.4476,-32.2332]
      ],
      "groupName": "sector_3",
      "respawnBaseGroup": 1,
      "active": false
    }
  },
  {
    "entity": {
      "_template": "respawnChooser+respTeam1",
      "transform": [
        [0.987069,0.0,0.160298],
        [0.0,1.0,0.0],
        [-0.160298,0.0,0.987069],
        [-900.466,4.67112,-18.9014]
      ],
      "groupName": "sector_2",
      "respawnBaseGroup": 1,
      "active": false
    }
  },
  {
    "entity": {
      "_template": "respawnChooser+respTeam1",
      "transform": [
        [0.999125,0.0,-0.0418438],
        [0.0,1.0,0.0],
        [0.0418438,0.0,0.999125],
        [-898.874,5.43707,-27.3826]
      ],
      "groupName": "sector_2",
      "respawnBaseGroup": 2,
      "active": false
    }
  },
  {
    "entity": {
      "_template": "respawnChooser+respTeam1",
      "transform": [
        [0.696932,0.0,-0.717138],
        [0.0,1.0,0.0],
        [0.717138,0.0,0.696932],
        [-904.749,3.16599,36.414]
      ],
      "groupName": "sector_2",
      "respawnBaseGroup": 1,
      "active": false
    }
  },
  {
    "entity": {
      "_template": "respawnChooser+respTeam1",
      "transform": [
        [0.996432,0.0,0.0843953],
        [0.0,1.0,0.0],
        [-0.0843953,0.0,0.996432],
        [-900.502,4.72985,-19.0226]
      ],
      "groupName": "sector_2_c",
      "respawnBaseGroup": 1,
      "active": false
    }
  },
  {
    "entity": {
      "_template": "respawnChooser+respTeam1",
      "transform": [
        [0.999919,0.0,-0.0127765],
        [0.0,1.0,0.0],
        [0.0127765,0.0,0.999919],
        [-899.364,5.4774,-27.4052]
      ],
      "groupName": "sector_2_c",
      "respawnBaseGroup": 2,
      "active": false
    }
  },
  {
    "entity": {
      "_template": "respawnChooser+respTeam1",
      "transform": [
        [0.759546,0.0,-0.650455],
        [0.0,1.0,0.0],
        [0.650455,0.0,0.759546],
        [-904.837,3.16613,35.6732]
      ],
      "groupName": "sector_2_c",
      "respawnBaseGroup": 1,
      "active": false
    }
  },
  {
    "entity": {
      "_template": "respawnChooser+respTeam1",
      "transform": [
        [0.382947,0.0,-0.923771],
        [0.0,1.0,0.0],
        [0.923771,0.0,0.382947],
        [-787.083,7.8033,16.2167]
      ],
      "groupName": "sector_1",
      "respawnBaseGroup": 1,
      "active": false
    }
  },
  {
    "entity": {
      "_template": "respawnChooser+respTeam1",
      "transform": [
        [0.99013,0.0,-0.140152],
        [0.0,1.0,0.0],
        [0.140152,0.0,0.99013],
        [-795.113,12.5077,-24.683]
      ],
      "groupName": "sector_1",
      "respawnBaseGroup": 1,
      "active": false
    }
  },
  {
    "entity": {
      "_template": "respAircraftInAir",
      "respawnbaseType": "aircraft_fighter",
      "transform": [
        [-0.0626711,0.0,-0.998034],
        [0.0,1.0,0.0],
        [0.998034,0.0,-0.0626711],
        [-708.816,1000.0,3592.31]
      ],
      "team": 1,
      "maxVehicleOnSpawn": 1,
      "respTime": 120
    }
  },
  {
    "entity": {
      "_template": "respAircraftInAir",
      "respawnbaseType": "aircraft_assault",
      "transform": [
        [0.0200113,0.0,-0.9998],
        [0.0,1.0,0.0],
        [0.9998,-0.0,0.0200113],
        [-872.914,800.0,3561.7]
      ],
      "team": 1,
      "maxVehicleOnSpawn": 1,
      "respTime": 120
    }
  },
  {
    "entity": {
      "_template": "respAircraftInAir",
      "respawnbaseType": "aircraft_fighter",
      "transform": [
        [-0.00760742,0.0,-0.999971],
        [0.0,1.0,0.0],
        [0.999971,0.0,-0.00760742],
        [-872.914,1000.0,3561.7]
      ],
      "team": 1,
      "maxVehicleOnSpawn": 1,
      "respTime": 120
    }
  },
  {
    "entity": {
      "_template": "respAircraftInAir",
      "respawnbaseType": "aircraft_assault",
      "transform": [
        [-0.0711963,0.0,-0.997462],
        [0.0,1.0,0.0],
        [0.997462,0.0,-0.0711963],
        [-682.349,800.0,3598.77]
      ],
      "team": 1,
      "maxVehicleOnSpawn": 1,
      "respTime": 120
    }
  },
  {
    "entity": {
      "_template": "resupply_in_air_zone",
      "transform": [
        [-0.157002,0.0,-0.987599],
        [0.0,1.0,0.0],
        [0.987599,0.0,-0.157002],
        [-2051.0,707.089,2674.81]
      ],
      "resupply_zone__team": 1
    }
  },
  {
    "entity": {
      "_template": "respAircraftInAir",
      "respawnbaseType": "aircraft_fighter",
      "transform": [
        [-0.524493,0.0,0.851414],
        [0.0,1.0,0.0],
        [-0.851414,0.0,-0.524493],
        [915.46,1000.0,-2992.41]
      ],
      "team": 2,
      "maxVehicleOnSpawn": 1,
      "respTime": 120
    }
  },
  {
    "entity": {
      "_template": "respAircraftInAir",
      "respawnbaseType": "aircraft_assault",
      "transform": [
        [-0.523379,0.0,0.852099],
        [0.0,1.0,0.0],
        [-0.852099,0.0,-0.523379],
        [915.46,800.0,-2992.41]
      ],
      "team": 2,
      "maxVehicleOnSpawn": 1,
      "respTime": 120
    }
  },
  {
    "entity": {
      "_template": "respAircraftInAir",
      "respawnbaseType": "aircraft_fighter",
      "transform": [
        [-0.497487,0.0,0.86747],
        [0.0,1.0,0.0],
        [-0.86747,0.0,-0.497487],
        [787.675,1000.0,-3011.52]
      ],
      "team": 2,
      "maxVehicleOnSpawn": 1,
      "respTime": 120
    }
  },
  {
    "entity": {
      "_template": "respAircraftInAir",
      "respawnbaseType": "aircraft_assault",
      "transform": [
        [-0.487383,0.0,0.873187],
        [0.0,1.0,0.0],
        [-0.873187,0.0,-0.487383],
        [757.955,800.0,-3018.66]
      ],
      "team": 2,
      "maxVehicleOnSpawn": 1,
      "respTime": 120
    }
  },
  {
    "entity": {
      "_template": "resupply_in_air_zone",
      "transform": [
        [0.119539,0.0,0.992829],
        [0.0,1.0,0.0],
        [-0.992829,0.0,0.119539],
        [1563.57,731.983,-1439.35]
      ],
      "resupply_zone__team": 2
    }
  },
  {
    "entity": {
      "_template": "poly_battle_area",
      "transform": [
        [1.0,0.0,0.0],
        [0.0,1.0,0.0],
        [0.0,0.0,1.0],
        [0.0,0.0,0.0]
      ],
      "groupName": "sector_5",
      "active": false,
      "battle_area__team": 1,
      "battleAreaId": "area1_1"
    }
  },
  {
    "entity": {
      "_template": "battle_area_polygon_point",
      "transform": [
        [0.859014,0.0,0.511952],
        [0.0,1.0,0.0],
        [-0.511952,0.0,0.859014],
        [-1288.21,-2.922,38.8608]
      ],
      "battle_area_polygon_point__id": "point1",
      "battle_area_polygon_point__nextId": "point2",
      "battle_area_polygon_point__forBattleAreaId": "area1_1"
    }
  },
  {
    "entity": {
      "_template": "battle_area_polygon_point",
      "transform": [
        [0.859014,0.0,0.511952],
        [0.0,1.0,0.0],
        [-0.511952,0.0,0.859014],
        [-1068.87,-2.922,162.466]
      ],
      "battle_area_polygon_point__id": "point2",
      "battle_area_polygon_point__nextId": "point3",
      "battle_area_polygon_point__forBattleAreaId": "area1_1"
    }
  },
  {
