[
  {
    "import": {
      "scene": "content/enlisted/gamedata/scenes/_volokolamsk_zombie_sounds.blk"
    }
  },
  {
    "import": {
      "scene": "content/enlisted/gamedata/scenes/_volokolamsk_winter_biome_fx.blk"
    }
  },
  {
    "entity": {
      "_template": "poly_battle_area",
      "transform": [
        [1.0,0.0,0.0],
        [0.0,1.0,0.0],
        [0.0,0.0,1.0],
        [0.0,0.0,0.0]
      ],
      "battle_area__team": 1,
      "battleAreaId": "area1_1",
      "poly_area__points:list<p3>": [
        {
          "item": [-334.509,7.06069,1328.48]
        },
        {
          "item": [-340.175,8.56703,1337.79]
        },
        {
          "item": [-351.769,8.67865,1347.96]
        },
        {
          "item": [-364.263,9.08594,1349.0]
        },
        {
          "item": [-381.334,6.32257,1332.69]
        },
        {
          "item": [-386.879,5.4963,1329.02]
        },
        {
          "item": [-391.678,5.46195,1328.91]
        },
        {
          "item": [-393.976,5.37755,1327.18]
        },
        {
          "item": [-401.652,5.23263,1325.43]
        },
        {
          "item": [-407.869,5.35736,1321.48]
        },
        {
          "item": [-410.812,5.42917,1315.41]
        },
        {
          "item": [-413.255,4.98055,1303.59]
        },
        {
          "item": [-414.008,5.03341,1299.95]
        },
        {
          "item": [-415.455,5.13898,1296.31]
        },
        {
          "item": [-420.572,5.25236,1293.12]
        },
        {
          "item": [-426.82,5.90901,1288.37]
        },
        {
          "item": [-429.61,5.45465,1282.56]
        },
        {
          "item": [-430.62,5.15608,1272.72]
        },
        {
          "item": [-426.309,5.34978,1267.15]
        },
        {
          "item": [-412.73,5.63621,1260.27]
        },
        {
          "item": [-400.673,5.24422,1256.64]
        },
        {
          "item": [-387.995,5.53555,1256.16]
        },
        {
          "item": [-379.107,5.91248,1262.54]
        },
        {
          "item": [-363.044,5.39358,1275.12]
        },
        {
          "item": [-352.787,5.35266,1282.06]
        },
        {
          "item": [-344.096,6.19589,1293.78]
        },
        {
          "item": [-330.217,7.7739,1312.7]
        }
      ]
    }
  },
  {
    "entity": {
      "_template": "box_battle_area",
      "transform": [
        [345.986,0.0,-264.996],
        [0.0,96.5445,0.0],
        [218.344,-0.0,285.076],
        [-425.591,18.9766,1339.9]
      ],
      "battle_area__team": 3
    }
  },
  {
    "entity": {
      "_template": "zombie_level_night",
      "level__blk": "content/enlisted/levels/battle_of_moscow_volokolamsk_countryside_winter_night.blk",
      "level__patchNavMeshPath": "content/base/levels/volokolamsk_zombie_nav_mesh_patch.bin",
      "level__loadExtraNavMeshes": "tank",
      "level__latitude": -84.0,
      "level__timeOfDay": 1.32,
      "level__renderFeaturesOverrides:object": {
        "microdetails": true,
        "clusteredLights": true,
        "fullDeferred": true,
        "downsampledShadows": true
      }
    }
  },
  {
    "entity": {
      "_template": "minimap_battle_of_moscow_volokolamsk_countryside_winter"
    }
  },
  {
    "entity": {
      "_template": "water",
      "water__strength": 0.1,
      "waterTrail__fadeInTime": 1.0
    }
  },
  {
    "entity": {
      "_template": "wind"
    }
  },
  {
    "entity": {
      "_template": "postfx_color_grading_tonemap_zombie_night_enlisted"
    }
  },
  {
    "entity": {
      "_template": "camera_snow_heavy_template"
    }
  },
  {
    "entity": {
      "_template": "blizzard_sound"
    }
  },
  {
    "entity": {
      "_template": "shaderVars",
      "shader_vars__vars:object": {
        "envi_cover_specular_color": [1.0,1.0,1.0,0.0],
        "hmap_displacement_up": 0.05,
        "ocean1": "#8e894700",
        "ocean0": "#4c3f0500",
        "ocean_density": 0.1,
        "layered_fog_density": 0.001,
        "envi_cover_intensity_map_top_left_bottom_right": [-2048.0,-2048.0,2048.0,2048.0],
        "river1": "#8e894700",
        "river0": "#4c3f0500",
        "hmap_displacement_down": -0.01,
        "envi_cover_normal_mask_threshold": 0.5,
        "envi_cover_intensity_map": "volokolamsk_countryside_winter_det_snow_cover_tex_m*",
        "puddle_flat_hmap_reduce": 0.03,
        "envi_cover_translucency": 1.0,
        "paint_details_tex": "volokolamsk_building_colors_tex_palette*",
        "envi_cover_normal_infl": 0.3,
        "envi_cover_normal": [0.0,1.0,0.1,0.0],
        "envi_cover_noise_high_frequency": 8.0,
        "water_color_noise_size": 71.0,
        "envi_cover_smoothness": 0.1,
        "envi_cover": 1,
        "river_density": 0.3,
        "envi_cover_albedo": [0.729,0.961,1.0,0.0]
      }
    }
  },
  {
    "entity": {
      "_template": "postfx_roundctrl"
    }
  },
  {
    "entity": {
      "_template": "door_mult_ent_generator",
      "ri_extra_gen__blk": "content/enlisted/gamedata/volokolamsk_doors.blk"
    }
  },
  {
    "entity": {
      "_template": "session_finalizer",
      "session_finalizer__timer": 10.0
    }
  },
  {
    "entity": {
      "_template": "noBotsMode"
    }
  },
  {
    "entity": {
      "_template": "briefing_zombie_mode"
    }
  },
  {
    "entity": {
      "_template": "custom_profile",
      "customProfile": "%enlSqGlob/data/zombie_profile_2.json"
    }
  },
  {
    "entity": {
      "_template": "team_germany+team_narrator_invasion_defence+respawn_creators_team",
      "team__countAdd": 0.5,
      "team__memberCount": 0.5,
      "team__scoreCap": 5000.0,
      "team__capturePenalty": 1001.0,
      "team__score": 5000.0,
      "team__id": 2,
      "team__spawnBotArmy": "normandy_axis"
    }
  },
  {
    "entity": {
      "_template": "team_usa+team_narrator_invasion_attack+respawn_creators_team",
      "team__memberCount": 0.0,
      "team__scoreCap": 50.0,
      "team__score": 50.0,
      "team__squadSpawnCost": 0,
      "team__firstSpawnCostMul": 0.0,
      "team__zeroScoreFailTimer": 0.0,
      "team__deathPenalty": 1.0,
      "team__id": 1,
      "team__spawnBotArmy": "normandy_allies"
    }
  },
  {
    "entity": {
      "_template": "zombie_spawn_mode"
    }
  },
  {
    "entity": {
      "_template": "base_fortification_build+tutorial_ammunition_box_a+paid_ammo_box_ressuply+undestroyable_ri_extra",
      "transform": [
        [-0.803144,0.0,-0.595785],
        [0.03454,0.998318,-0.0465614],
        [0.594783,-0.057974,-0.801793],
        [-359.81,5.04669,1304.67]
      ],
      "team": 1,
      "useful_box__maxUseCount": 99999
    }
  },
  {
    "entity": {
      "_template": "tutorial_placed_medic_box_item+placeable_item_in_world+base_ri_building+paid_medkit_box_use+undestroyable_ri_extra",
      "transform": [
        [0.719144,-0.066328,-0.691689],
        [0.0259412,0.997303,-0.0686634],
        [0.694377,0.0314356,0.718924],
        [-357.608,5.18664,1306.51]
      ],
      "ri_extra__name": "dummy_wooden_box_a",
      "team": 1,
      "medic_box__isOpen": true,
      "useful_box__maxUseCount": 99999,
      "builder_info__team": 1,
      "placeable_item__ownerTeam": 1,
      "paid_box__ressuplyCost": 5,
      "useful_box__uiPrice": 5
    }
  },
  {
    "entity": {
      "_template": "base_fortification_build+tutorial_ammunition_box_a+paid_ammo_box_ressuply+undestroyable_ri_extra",
      "transform": [
        [0.338325,-0.014111,-0.940923],
        [-0.0206826,0.999534,-0.0224268],
        [0.940802,0.0270483,0.337876],
        [-395.173,5.50356,1271.31]
      ],
      "team": 1,
      "useful_box__maxUseCount": 99999
    }
  },
  {
    "entity": {
      "_template": "tutorial_placed_medic_box_item+placeable_item_in_world+base_ri_building+paid_medkit_box_use+undestroyable_ri_extra",
      "transform": [
        [0.372326,0.0548139,-0.926482],
        [0.00915915,0.997989,0.0627253],
        [0.928057,-0.03184,0.371075],
        [-392.908,5.69713,1271.8]
      ],
      "ri_extra__name": "dummy_wooden_box_a",
      "team": 1,
      "medic_box__isOpen": true,
      "useful_box__maxUseCount": 99999,
      "builder_info__team": 1,
      "placeable_item__ownerTeam": 1,
      "paid_box__ressuplyCost": 5,
      "useful_box__uiPrice": 5
    }
  },
  {
    "entity": {
      "_template": "tutorial_placed_medic_box_item+placeable_item_in_world+base_ri_building+paid_medkit_box_use+undestroyable_ri_extra",
      "transform": [
        [0.528428,0.0,-0.848978],
        [0.0,1.0,0.0],
        [0.848978,-0.0,0.528428],
        [-367.16,5.69145,1278.72]
      ],
      "ri_extra__name": "dummy_wooden_box_a",
      "team": 1,
      "medic_box__isOpen": true,
      "useful_box__maxUseCount": 99999,
      "builder_info__team": 1,
      "placeable_item__ownerTeam": 1,
      "paid_box__ressuplyCost": 5,
      "useful_box__uiPrice": 5
    }
  },
  {
    "entity": {
      "_template": "random_weapon_box",
      "transform": [
        [-0.752048,0.0,0.659109],
        [0.0,1.0,0.0],
        [-0.659109,0.0,-0.752048],
        [-364.992,6.14261,1280.96]
      ],
      "paid_loot__cost": 0
    }
  },
  {
    "entity": {
      "_template": "base_fortification_build+tutorial_ammunition_box_a+paid_ammo_box_ressuply+undestroyable_ri_extra",
      "transform": [
        [-0.930212,0.0,0.367022],
        [0.0,1.0,0.0],
        [-0.367022,0.0,-0.930212],
        [-362.871,5.36494,1283.27]
      ],
      "team": 1,
      "useful_box__maxUseCount": 99999
    }
  },
  {
    "entity": {
      "_template": "static_cam",
      "camera__active": true,
      "transform": [
        [0.973412,0.00670657,-0.228967],
        [0.000395219,0.999521,0.0309567],
        [0.229065,-0.0302241,0.972942],
        [-415.354,7.38189,1280.99]
      ]
    }
  },
  {
    "entity": {
      "_template": "respawn_camera",
      "respawnCameraForTeam": 1,
      "moveCameraToHeight": 150.0,
      "transform": [
        [1.0,0.0,0.0],
        [0.0,1.0,0.0],
        [0.0,0.0,1.0],
        [309.761,156.104,908.797]
      ]
    }
  },
  {
    "entity": {
      "_template": "respawn_camera",
      "respawnCameraForTeam": 2,
      "moveCameraToHeight": 150.0,
      "transform": [
        [1.0,0.0,0.0],
        [0.0,1.0,0.0],
        [0.0,0.0,1.0],
        [-260.212,158.541,1756.52]
      ]
    }
  },
  {
    "entity": {
      "_template": "respawnChooser+respTeam1",
      "transform": [
        [0.0991554,0.0,0.995072],
        [0.0,1.0,-0.0],
        [-0.995072,0.0,0.0991554],
        [-401.003,5.09038,1280.57]
      ],
      "active": true
    }
  },
  {
    "entity": {
      "_template": "respawnChooser+respTeam2",
      "transform": [
        [-0.803144,0.0,-0.595785],
        [0.0,1.0,0.0],
        [0.595785,0.0,-0.803144],
        [-494.394,4.55051,1366.09]
      ],
      "active": true
    }
  },
  {
    "entity": {
      "_template": "respawnChooser+respTeam1",
      "transform": [
        [-0.811401,0.0,0.584489],
        [0.0,1.0,0.0],
        [-0.584489,0.0,-0.811401],
        [-383.891,5.39776,1300.48]
      ],
      "active": true
    }
  },
  {
    "entity": {
      "_template": "respawnChooser+respTeam2",
      "transform": [
        [-0.811401,0.0,0.584489],
        [0.0,1.0,0.0],
        [-0.584489,0.0,-0.811401],
        [-467.717,4.55052,1388.45]
      ],
      "active": true
    }
  },
  {
    "entity": {
      "_template": "respawnChooser+respTeam1",
      "transform": [
        [-0.981408,0.0,0.191936],
        [0.0,1.0,0.0],
        [-0.191936,0.0,-0.981408],
        [-366.339,4.79557,1318.79]
      ],
      "active": true
    }
  },
  {
    "entity": {
      "_template": "respawnChooser+respTeam2",
      "transform": [
        [0.436987,0.0,0.899468],
        [0.0,1.0,-0.0],
        [-0.899468,0.0,0.436988],
        [-457.812,4.55048,1409.11]
      ],
      "active": true
    }
  },
  {
    "entity": {
      "_template": "zombie_spawn_zone",
      "transform": [
        [1.0,0.0,0.0],
        [0.0,1.0,0.0],
        [0.0,0.0,1.0],
        [-476.621,5.49486,1332.43]
      ]
    }
  },
  {
    "entity": {
      "_template": "zombie_spawn_zone",
      "transform": [
        [0.900812,0.0,-0.434209],
        [0.0,1.0,0.0],
        [0.434209,-0.0,0.900812],
        [-448.451,5.67562,1367.73]
      ]
    }
  },
  {
    "entity": {
      "_template": "zombie_spawn_zone",
      "transform": [
        [0.809922,0.0,-0.586538],
        [0.0,1.0,0.0],
        [0.586538,-0.0,0.809922],
        [-456.118,5.57363,1364.76]
      ]
    }
  },
  {
    "entity": {
      "_template": "zombie_spawn_zone",
      "transform": [
        [0.993132,0.0,0.117],
        [0.0,1.0,-0.0],
        [-0.117,0.0,0.993132],
        [-468.98,6.02044,1347.83]
      ]
    }
  },
  {
    "entity": {
      "_template": "zombie_spawn_zone",
      "transform": [
        [0.695541,0.0,-0.718486],
        [0.0,1.0,0.0],
        [0.718486,-0.0,0.695541],
        [-425.459,7.01171,1396.44]
      ]
    }
  },
  {
    "entity": {
      "_template": "zombie_spawn_zone",
      "transform": [
        [0.226494,0.0,-0.974013],
        [0.0,1.0,0.0],
        [0.974013,-0.0,0.226494],
        [-413.39,6.96181,1402.11]
      ]
    }
  },
  {
    "entity": {
      "_template": "zombie_spawn_zone",
      "transform": [
        [0.581862,0.0,-0.813287],
        [0.0,1.0,0.0],
        [0.813287,-0.0,0.581862],
        [-437.509,6.95165,1386.46]
      ]
    }
  },
  {
    "entity": {
      "_template": "zombie_spawn_zone",
      "transform": [
        [0.878488,0.0,-0.477764],
        [0.0,1.0,0.0],
        [0.477764,-0.0,0.878488],
        [-441.162,6.33072,1373.76]
      ]
    }
  },
  {
    "entity": {
      "_template": "zombie_spawn_zone",
      "transform": [
        [0.809922,0.0,-0.586538],
        [0.0,1.0,0.0],
        [0.586538,-0.0,0.809922],
        [-467.424,5.73862,1357.17]
      ]
    }
  },
  {
    "entity": {
      "_template": "zombie_spawn_zone",
      "transform": [
        [0.198675,0.0,-0.980065],
        [0.0,1.0,0.0],
        [0.980065,-0.0,0.198675],
        [-396.741,7.96276,1406.08]
      ]
    }
  },
  {
    "entity": {
      "_template": "zombie_tank_spawn_zone",
      "transform": [
        [0.750178,0.0,-0.661236],
        [0.0,1.0,0.0],
        [0.661236,-0.0,0.750178],
        [-499.753,5.87311,1314.42]
      ]
    }
  },
  {
    "entity": {
      "_template": "custom_ai_tank_objective",
      "ai_tank_objective__positionIds:list<i>": {
        "item": 0
      },
      "ai_tank_objective__aimAtPositionIds:list<i>": {
        "item": 1
      },
      "ai_tank_objective__positionCountsPerType:list<i>": {
        "item": 1
      },
      "ai_tank_objective__probabilityPerPositionType:list<r>": {
        "item": 1.0
      }
    }
  },
  {
    "entity": {
      "_template": "custom_ai_tank_objective_position",
      "ai_tank_objective__positionId": 0,
      "transform": [
        [1.0,0.0,0.0],
        [0.0,1.0,0.0],
        [0.0,0.0,1.0],
        [-422.595,6.14745,1301.22]
      ]
    }
  },
  {
    "entity": {
      "_template": "custom_ai_tank_objective_position",
      "ai_tank_objective__positionId": 1,
      "transform": [
        [1.0,0.0,0.0],
        [0.0,1.0,0.0],
        [0.0,0.0,1.0],
        [-400.0,7.89482,1284.0]
      ]
    }
  },
  {
    "entity": {
      "_template": "m1911_colt_zombie_gun_item+item_in_world+ui_visible+disable_update+paid_loot_item",
      "transform": [
        [0.351798,0.0,-0.936076],
        [-0.0,1.0,0.0],
        [0.936076,0.0,0.351798],
        [-387.252,6.57904,1278.25]
      ],
      "animchar__updatable": false,
      "paid_loot__cost": 0
    }
  },
  {
    "entity": {
      "_template": "mosin_m38_zombie_gun_item+item_in_world+ui_visible+disable_update+paid_loot_item",
      "transform": [
        [0.345938,0.0,-0.938257],
        [0.0,1.0,0.0],
        [0.938257,-0.0,0.345938],
        [-383.38,6.69027,1279.73]
      ],
      "animchar__updatable": false,
      "paid_loot__cost": 0
    }
  },
  {
    "entity": {
      "_template": "m1_garand_zombie_gun_item+item_in_world+ui_visible+disable_update+paid_loot_item",
      "transform": [
        [0.327351,0.0,-0.944903],
        [0.0,1.0,0.0],
        [0.944903,-0.0,0.327351],
        [-384.661,6.66118,1279.21]
      ],
      "animchar__updatable": false,
      "paid_loot__cost": 0
    }
  },
  {
    "entity": {
      "_template": "stl_mp_40_zombie_gun_item+item_in_world+ui_visible+disable_update+paid_loot_item",
      "transform": [
        [0.34869,0.0,-0.937238],
        [0.0,1.0,0.0],
        [0.937238,-0.0,0.34869],
        [-390.158,6.67925,1277.12]
      ],
      "animchar__updatable": false,
      "paid_loot__cost": 0
    }
  },
  {
    "entity": {
      "_template": "winchester_model_1912_zombie_gun_item+item_in_world+ui_visible+disable_update+paid_loot_item",
      "transform": [
        [0.332893,0.0,-0.942965],
        [0.0,1.0,0.0],
        [0.942965,-0.0,0.332893],
        [-383.978,6.97056,1279.45]
      ],
      "animchar__updatable": false,
      "paid_loot__cost": 0
    }
  },
  {
    "entity": {
      "_template": "stg_44_zombie_gun_item+item_in_world+ui_visible+disable_update+paid_loot_item",
      "transform": [
        [0.36858,0.0,-0.929596],
        [0.0,1.0,0.0],
        [0.929596,-0.0,0.36858],
        [-388.913,6.69972,1277.57]
      ],
      "animchar__updatable": false,
      "paid_loot__cost": 0
    }
  },
  {
    "entity": {
      "_template": "dp_27_zombie_gun_item+item_in_world+ui_visible+disable_update+paid_loot_item",
      "transform": [
        [0.358309,0.0,-0.933603],
        [0.0,1.0,0.0],
        [0.933603,-0.0,0.358309],
        [-389.535,7.05633,1277.5]
      ],
      "animchar__updatable": false,
      "paid_loot__cost": 0
    }
  },
  {
    "entity": {
      "_template": "f1_grenade_item+item_in_world+paid_loot_item",
      "transform": [
        [0.689157,0.0,-0.724612],
        [0.0,1.0,0.0],
        [0.724612,-0.0,0.689157],
        [-386.889,6.53272,1278.37]
      ],
      "paid_loot__cost": 0
    }
  },
  {
    "entity": {
      "_template": "explosion_pack_item+item_in_world+paid_loot_item",
      "transform": [
        [0.689157,0.0,-0.724612],
        [0.0,1.0,0.0],
        [0.724612,-0.0,0.689157],
        [-386.505,6.60208,1278.58]
      ],
      "paid_loot__cost": 0
    }
  },
  {
    "entity": {
      "_template": "game_rendinst_decor+undestroyable_ri_extra",
      "transform": [
        [1.0,0.0,0.0],
        [0.0,1.0,0.0],
        [0.0,0.0,1.0],
        [-410.023,4.81586,1276.42]
      ],
      "ri_extra__name": "is_lantern_hanging_a_on"
    }
  },
  {
    "entity": {
      "_template": "light_kerosene_lamp_flicker_light",
      "transform": [
        [1.0,0.0,0.0],
        [0.0,1.0,0.0],
        [0.0,0.0,1.0],
        [-410.154,5.81586,1276.42]
      ]
    }
  },
  {
    "entity": {
      "_template": "game_rendinst_decor+undestroyable_ri_extra",
      "transform": [
        [1.0,0.0,0.0],
        [0.0,1.0,0.0],
        [0.0,0.0,1.0],
        [-401.403,4.42304,1278.97]
      ],
      "ri_extra__name": "is_lantern_hanging_a_on"
    }
  },
  {
    "entity": {
      "_template": "light_kerosene_lamp_flicker_light",
      "transform": [
        [1.0,0.0,0.0],
        [0.0,1.0,0.0],
        [0.0,0.0,1.0],
        [-401.403,5.42304,1278.97]
      ]
    }
  },
  {
    "entity": {
      "_template": "game_rendinst_decor+undestroyable_ri_extra",
      "transform": [
        [1.0,0.0,0.0],
        [0.0,0.982754,-0.184919],
        [-0.0,0.184919,0.982754],
        [-401.434,5.32761,1287.89]
      ],
      "ri_extra__name": "is_lantern_hanging_a_on"
    }
  },
  {
    "entity": {
      "_template": "light_kerosene_lamp_flicker_light",
      "transform": [
        [1.0,0.0,0.0],
        [0.0,1.0,0.0],
        [0.0,0.0,1.0],
        [-339.906,15.3954,1381.87]
      ]
    }
  },
  {
    "entity": {
      "_template": "game_rendinst_decor+undestroyable_ri_extra",
      "transform": [
        [1.0,0.0,0.0],
        [0.0,1.0,0.0],
        [0.0,0.0,1.0],
        [-393.499,4.9713,1294.65]
      ],
      "ri_extra__name": "is_lantern_hanging_a_on"
    }
  },
  {
    "entity": {
      "_template": "light_kerosene_lamp_flicker_light",
      "transform": [
        [1.0,0.0,0.0],
        [0.0,1.0,0.0],
        [0.0,0.0,1.0],
        [-393.499,5.88979,1294.65]
      ]
    }
  },
  {
    "entity": {
      "_template": "game_rendinst_decor+undestroyable_ri_extra",
      "transform": [
        [1.0,0.0,0.0],
        [0.0,1.0,0.0],
        [0.0,0.0,1.0],
        [-390.854,5.24524,1300.85]
      ],
      "ri_extra__name": "is_lantern_hanging_a_on"
    }
  },
  {
    "entity": {
      "_template": "light_kerosene_lamp_flicker_light",
      "transform": [
        [1.0,0.0,0.0],
        [0.0,1.0,0.0],
        [0.0,0.0,1.0],
        [-390.854,6.24524,1300.85]
      ]
    }
  },
  {
    "entity": {
      "_template": "game_rendinst_decor+undestroyable_ri_extra",
      "transform": [
        [1.0,0.0,0.0],
        [0.0,1.0,0.0],
        [0.0,0.0,1.0],
        [-385.137,4.90419,1303.49]
      ],
      "ri_extra__name": "is_lantern_hanging_a_on"
    }
  },
  {
    "entity": {
      "_template": "light_kerosene_lamp_flicker_light",
      "transform": [
        [1.0,0.0,0.0],
        [0.0,1.0,0.0],
        [0.0,0.0,1.0],
        [-385.137,5.90419,1303.49]
      ]
    }
  },
  {
    "entity": {
      "_template": "game_rendinst_decor+undestroyable_ri_extra",
      "transform": [
        [1.0,0.0,0.0],
        [0.0,1.0,0.0],
        [0.0,0.0,1.0],
        [-381.31,4.39686,1308.13]
      ],
      "ri_extra__name": "is_lantern_hanging_a_on"
    }
  },
  {
    "entity": {
      "_template": "light_kerosene_lamp_flicker_light",
      "transform": [
        [1.0,0.0,0.0],
        [0.0,1.0,0.0],
        [0.0,0.0,1.0],
        [-381.31,5.39686,1308.13]
      ]
    }
  },
  {
    "entity": {
      "_template": "game_rendinst_decor+undestroyable_ri_extra",
      "transform": [
        [1.0,0.0,0.0],
        [0.0,1.0,0.0],
        [0.0,0.0,1.0],
        [-371.231,3.90401,1318.7]
      ],
      "ri_extra__name": "is_lantern_hanging_a_on"
    }
  },
  {
    "entity": {
      "_template": "game_rendinst_decor+undestroyable_ri_extra",
      "transform": [
        [1.0,0.0,0.0],
        [0.0,1.0,0.0],
        [0.0,0.0,1.0],
        [-355.818,6.16037,1325.88]
      ],
      "ri_extra__name": "is_lantern_hanging_a_on"
    }
  },
  {
    "entity": {
      "_template": "light_kerosene_lamp_flicker_light",
      "transform": [
        [1.0,0.0,0.0],
        [0.0,1.0,0.0],
        [0.0,0.0,1.0],
        [-371.145,4.71508,1318.45]
      ]
    }
  },
  {
    "entity": {
      "_template": "game_rendinst_decor+undestroyable_ri_extra",
      "transform": [
        [0.258762,-0.0217525,-0.965696],
        [-0.158663,0.985211,-0.0647064],
        [0.952821,0.169964,0.251483],
        [-394.265,5.73626,1358.94]
      ],
      "ri_extra__name": "c54_skymaster_crashed_a"
    }
  },
  {
    "entity": {
      "_template": "rendinsts_removes",
      "rirmv:array": [
        {
          "rirmv:object": {
            "name": "russia_bunker_pillbox_f_walls",
            "tm": [
              [0.763675,0.0,0.645601],
              [0.0,1.0,0.0],
              [-0.645601,0.0,0.763675],
              [-397.8,6.2,1310.35]
            ]
          }
        },
        {
          "rirmv:object": {
            "name": "bunker_shelf_armory_b",
            "tm": [
              [0.377635,0.00748861,0.925925],
              [-0.00110209,0.99997,-0.00763798],
              [-0.925954,0.0018639,0.377632],
              [-398.55,6.50575,1307.93]
            ]
          }
        },
        {
          "rirmv:object": {
            "name": "bunker_shelf_armory_b",
            "tm": [
              [-0.0925784,0.00748861,0.995677],
              [0.00254923,0.99997,-0.00728387],
              [-0.995703,0.0018639,-0.0925939],
              [-397.352,6.48106,1307.86]
            ]
          }
        },
        {
          "rirmv:object": {
            "name": "russia_decor_stairs_500_a",
            "tm": [
              [0.481188,-0.666692,-0.569192],
              [-0.430417,-0.745333,0.509136],
              [-0.763675,0.0,-0.645601],
              [-397.07,5.38362,1309.46]
            ]
          }
        },
        {
          "rirmv:object": {
            "name": "russia_trench_zigzag_emplacement_base",
            "tm": [
              [0.7336,0.123649,0.668253],
              [-0.0915261,0.993601,-0.0833732],
              [-0.673421,0.0,0.739273],
              [-335.242,9.1395,1349.77]
            ]
          }
        },
        {
          "rirmv:object": {
            "name": "russia_trench_decor_revetment_3000_b",
            "tm": [
              [-0.949999,-0.0618246,0.306102],
              [-0.0915261,0.993601,-0.0833732],
              [-0.32548,-0.116721,-1.03371],
              [-335.958,8.16898,1348.52]
            ]
          }
        },
        {
          "rirmv:object": {
            "name": "russia_trench_decor_revetment_3000_a",
            "tm": [
              [-0.216399,0.0618246,0.974355],
              [-0.0915261,0.993601,-0.0833732],
              [-1.05951,-0.116721,-0.227906],
              [-333.772,8.4119,1350.51]
            ]
          }
        },
        {
          "rirmv:object": {
            "name": "russia_trench_decor_revetment_2000_a",
            "tm": [
              [0.2164,-0.0618246,-0.974356],
              [0.0915262,-0.993601,0.0833732],
              [-0.972027,-0.107084,-0.209088],
              [-333.784,9.26147,1353.53]
            ]
          }
        },
        {
          "rirmv:object": {
            "name": "russia_trench_decor_revetment_2000_a",
            "tm": [
              [-0.7336,-0.123649,-0.668253],
              [0.0915262,-0.993601,0.0833731],
              [-0.67342,-5.96046e-08,0.739273],
              [-337.374,8.94022,1353.65]
            ]
          }
        },
        {
          "rirmv:object": {
            "name": "russia_trench_decor_revetment_2000_a",
            "tm": [
              [0.2164,-0.0618246,-0.974356],
              [-0.0915261,0.993601,-0.0833732],
              [0.972027,0.107083,0.209088],
              [-335.728,9.0473,1353.11]
            ]
          }
        },
        {
          "rirmv:object": {
            "name": "russia_trench_decor_firestep_1500_a",
            "tm": [
              [0.673421,0.0,-0.739273],
              [-0.0915261,0.993601,-0.0833732],
              [0.7336,0.123649,0.668253],
              [-338.001,8.78931,1352.86]
            ]
          }
        },
        {
          "rirmv:object": {
            "name": "russia_trench_decor_revetment_2000_a",
            "tm": [
              [0.7336,0.123649,0.668253],
              [-0.0915261,0.993601,-0.0833732],
              [-0.67342,0.0,0.739273],
              [-338.841,8.69292,1352.31]
            ]
          }
        },
        {
          "rirmv:object": {
            "name": "russia_trench_decor_revetment_2000_b",
            "tm": [
              [-0.67342,0.0,0.739273],
              [-0.0915261,0.993601,-0.0833732],
              [-0.7336,-0.123649,-0.668253],
              [-338.702,8.32552,1353.72]
            ]
          }
        },
        {
          "rirmv:object": {
            "name": "russia_trench_decor_step_a",
            "tm": [
              [0.673421,0.0,-0.739273],
              [-0.0915261,0.993601,-0.0833732],
              [0.7336,0.123649,0.668253],
              [-337.914,7.84539,1352.94]
            ]
          }
        },
        {
          "rirmv:object": {
            "name": "russia_trench_decor_plank_2000_b",
            "tm": [
              [0.835313,0.160947,0.52571],
              [-0.114745,0.987445,-0.119796],
              [-0.537704,0.0397398,0.842209],
              [-337.668,7.7961,1352.72]
            ]
          }
        },
        {
          "rirmv:object": {
            "name": "russia_trench_decor_log_3000_c",
            "tm": [
              [0.673421,0.0,-0.739273],
              [-0.0915261,0.993601,-0.0833732],
              [0.7336,0.123649,0.668253],
              [-336.725,8.85973,1352.8]
            ]
          }
        },
        {
          "rirmv:object": {
            "name": "russia_trench_decor_plank_3000_b",
            "tm": [
              [0.843026,-0.00269288,-0.537887],
              [-0.0621428,0.994112,-0.102207],
              [0.534309,0.119436,0.836821],
              [-337.041,7.7306,1351.02]
            ]
          }
        },
        {
          "rirmv:object": {
            "name": "russia_trench_decor_plank_3000_b",
            "tm": [
              [-0.294147,-0.00849897,0.955738],
              [-0.109688,0.994938,-0.0250736],
              [-0.949467,-0.112064,-0.293213],
              [-334.574,8.08929,1352.51]
            ]
          }
        },
        {
          "rirmv:object": {
            "name": "russia_trench_decor_plank_4000_b",
            "tm": [
              [0.216399,-0.0618246,-0.974355],
              [-0.0915261,0.993601,-0.0833732],
              [0.972026,0.107083,0.209087],
              [-334.355,7.99159,1351.41]
            ]
          }
        },
        {
          "rirmv:object": {
            "name": "russia_trench_decor_plank_3000_b",
            "tm": [
              [0.953755,0.0027889,-0.300619],
              [-0.035024,0.995519,-0.10138],
              [0.298606,0.107083,0.948361],
              [-336.912,7.56307,1348.72]
            ]
          }
        },
        {
          "rirmv:object": {
            "name": "russia_trench_decor_log_3000_a",
            "tm": [
              [0.673421,0.0,-0.739273],
              [-0.0915261,0.993601,-0.0833732],
              [0.7336,0.123649,0.668253],
              [-335.44,8.18534,1350.13]
            ]
          }
        },
        {
          "rirmv:object": {
            "name": "russia_trench_decor_revetment_2000_a",
            "tm": [
              [0.949999,0.0618246,-0.306102],
              [0.0915261,-0.993601,0.0833734],
              [-0.298605,-0.107083,-0.94836],
              [-338.466,8.58584,1350.62]
            ]
          }
        },
        {
          "rirmv:object": {
            "name": "russia_trench_decor_revetment_2000_b",
            "tm": [
              [0.949999,0.0618246,-0.306102],
              [-0.0915261,0.993601,-0.0833732],
              [0.298605,0.107083,0.94836],
              [-339.063,8.37167,1348.72]
            ]
          }
        },
        {
          "rirmv:object": {
            "name": "russia_trench_zigzag_a_base",
            "tm": [
              [0.549078,0.0172864,0.835376],
              [-0.00946057,0.996081,-0.0143935],
              [-0.835501,0.0,0.54916],
              [-340.378,8.57559,1343.75]
            ]
          }
        },
        {
          "rirmv:object": {
            "name": "russia_trench_decor_revetment_2000_a",
            "tm": [
              [0.998104,0.00864315,-0.0578996],
              [-0.00946063,0.996081,-0.0143938],
              [0.057766,0.0149707,0.998037],
              [-339.617,8.34957,1346.36]
            ]
          }
        },
        {
          "rirmv:object": {
            "name": "russia_trench_decor_log_3000_b",
            "tm": [
              [0.673421,0.0,-0.739273],
              [-0.0915261,0.993601,-0.0833732],
              [0.7336,0.123649,0.668253],
              [-338.036,8.63697,1351.59]
            ]
          }
        },
        {
          "rirmv:object": {
            "name": "russia_trench_decor_revetment_3000_b",
            "tm": [
              [-0.998104,-0.00864315,0.0578982],
              [-0.00946057,0.996081,-0.0143935],
              [-0.0548765,-0.0142219,-0.948135],
              [-336.642,7.81903,1345.76]
            ]
          }
        },
        {
          "rirmv:object": {
            "name": "russia_trench_decor_plank_3000_b",
            "tm": [
              [-0.957668,-0.0132421,-0.286941],
              [-0.00946057,0.996081,-0.0143935],
              [0.28709,-0.0111114,-0.95765],
              [-338.417,7.36751,1344.48]
            ]
          }
        },
        {
          "rirmv:object": {
            "name": "russia_trench_decor_plank_2000_a",
            "tm": [
              [0.925096,0.06358,-0.373854],
              [-0.0654695,0.994055,0.00820768],
              [0.373562,0.016947,0.927254],
              [-338.576,7.32053,1346.2]
            ]
          }
        },
        {
          "rirmv:object": {
            "name": "russia_trench_decor_firestep_1500_a",
            "tm": [
              [-0.998104,-0.00864315,0.0578988],
              [-0.00946057,0.996081,-0.0143935],
              [-0.0577652,-0.0149704,-0.998037],
              [-337.827,8.18957,1345.01]
            ]
          }
        },
        {
          "rirmv:object": {
            "name": "russia_trench_decor_plank_4000_a",
            "tm": [
              [0.998104,0.00864315,-0.0578988],
              [-0.00946057,0.996081,-0.0143935],
              [0.0577652,0.0149704,0.998037],
              [-337.555,7.2786,1345.22]
            ]
          }
        },
        {
          "rirmv:object": {
            "name": "russia_trench_decor_revetment_2000_b",
            "tm": [
              [0.998104,0.00864315,-0.0578996],
              [0.00946063,-0.996081,0.0143937],
              [-0.057766,-0.0149706,-0.998037],
              [-339.732,8.31963,1344.37]
            ]
          }
        },
        {
          "rirmv:object": {
            "name": "russia_trench_decor_revetment_3000_a",
            "tm": [
              [-0.998104,-0.00864315,0.0578982],
              [0.00946057,-0.996081,0.0143934],
              [0.0548765,0.0142217,0.948135],
              [-336.786,7.78666,1342.91]
            ]
          }
        },
        {
          "rirmv:object": {
            "name": "russia_trench_decor_plank_2000_a",
            "tm": [
              [-0.475501,-0.0166552,-0.879352],
              [-0.00918967,0.99609,-0.0138924],
              [0.87946,0.00148064,-0.475588],
              [-338.125,7.23071,1342.57]
            ]
          }
        },
        {
          "rirmv:object": {
            "name": "russia_trench_zigzag_emplacement_base",
            "tm": [
              [0.550872,0.0298105,0.833701],
              [-0.0164189,0.998337,-0.0248486],
              [-0.834072,0.0,0.551117],
              [-344.787,8.38683,1337.06]
            ]
          }
        },
        {
          "rirmv:object": {
            "name": "russia_trench_decor_revetment_2000_b",
            "tm": [
              [0.997763,0.0149053,-0.0604309],
              [0.0164189,-0.998337,0.0248488],
              [-0.0600332,-0.0258169,-0.997564],
              [-348.145,8.00674,1337.05]
            ]
          }
        },
        {
          "rirmv:object": {
            "name": "russia_trench_decor_firestep_1500_a",
            "tm": [
              [0.834072,0.0,-0.551117],
              [-0.0164189,0.998337,-0.0248486],
              [0.550872,0.0298105,0.833701],
              [-348.238,8.03497,1339.35]
            ]
          }
        },
        {
          "rirmv:object": {
            "name": "russia_trench_decor_revetment_2000_a",
            "tm": [
              [0.446892,-0.0149053,-0.894132],
              [-0.0164189,0.998337,-0.0248486],
              [0.894105,0.0258167,0.446448],
              [-346.089,8.11799,1340.16]
            ]
          }
        },
        {
          "rirmv:object": {
            "name": "russia_trench_decor_revetment_2000_a",
            "tm": [
              [-0.834071,0.0,0.551117],
              [-0.0164189,0.998337,-0.0248486],
              [-0.550872,-0.0298105,-0.8337],
              [-349.152,7.56897,1339.97]
            ]
          }
        },
        {
          "rirmv:object": {
            "name": "russia_trench_decor_revetment_2000_b",
            "tm": [
              [-0.550872,-0.0298105,-0.8337],
              [0.016419,-0.998337,0.0248485],
              [-0.834071,-1.19209e-07,0.551118],
              [-347.817,8.09217,1340.27]
            ]
          }
        },
        {
          "rirmv:object": {
            "name": "russia_trench_decor_revetment_2000_a",
            "tm": [
              [0.550872,0.0298105,0.8337],
              [-0.0164189,0.998337,-0.0248486],
              [-0.834071,0.0,0.551117],
              [-348.919,8.03255,1338.6]
            ]
          }
        },
        {
          "rirmv:object": {
            "name": "russia_trench_decor_log_3000_a",
            "tm": [
              [0.834071,0.0,-0.551117],
              [-0.0164189,0.998337,-0.0248486],
              [0.550872,0.0298105,0.8337],
              [-347.965,7.96668,1338.1]
            ]
          }
        },
        {
          "rirmv:object": {
            "name": "russia_trench_decor_plank_2000_a",
            "tm": [
              [0.686416,0.0687999,0.723534],
              [-0.0301971,0.996131,-0.0661734],
              [-0.726172,0.0235686,0.686676],
              [-347.932,7.03479,1339.21]
            ]
          }
        },
        {
          "rirmv:object": {
            "name": "russia_trench_decor_step_a",
            "tm": [
              [0.834071,0.0,-0.551117],
              [-0.0164189,0.998337,-0.0248486],
              [0.550872,0.0298105,0.8337],
              [-348.223,7.08655,1339.37]
            ]
          }
        },
        {
          "rirmv:object": {
            "name": "russia_trench_decor_log_3000_c",
            "tm": [
              [0.834071,0.0,-0.551117],
              [-0.0164189,0.998337,-0.0248486],
              [0.550872,0.0298105,0.8337],
              [-346.985,8.02039,1339.61]
            ]
          }
        },
        {
          "rirmv:object": {
            "name": "russia_trench_decor_plank_3000_a",
            "tm": [
              [0.948223,-0.0271306,-0.315501],
              [0.0166837,0.997998,-0.0358813],
              [0.316228,0.0287948,0.947933],
              [-346.909,7.03339,1337.72]
            ]
          }
        },
        {
          "rirmv:object": {
            "name": "russia_trench_decor_log_3000_a",
            "tm": [
              [0.834071,0.0,-0.551117],
              [-0.0164189,0.998337,-0.0248486],
              [0.550872,0.0298105,0.8337],
              [-345.117,7.43011,1337.29]
            ]
          }
        },
        {
          "rirmv:object": {
            "name": "russia_trench_decor_revetment_3000_b",
            "tm": [
              [-0.997763,-0.0149053,0.0604309],
              [-0.0164189,0.998337,-0.0248486],
              [-0.0654367,-0.0281402,-1.08735],
              [-345.221,7.55164,1335.6]
            ]
          }
        },
        {
          "rirmv:object": {
            "name": "russia_trench_decor_revetment_3000_a",
            "tm": [
              [-0.446891,0.0149053,0.894132],
              [-0.0164189,0.998337,-0.0248486],
              [-0.974575,-0.0281402,-0.486628],
              [-343.586,7.51582,1338.07]
            ]
          }
        },
        {
          "rirmv:object": {
            "name": "russia_trench_decor_plank_4000_b",
            "tm": [
              [0.446891,-0.0149053,-0.894132],
              [-0.0164189,0.998337,-0.0248486],
              [0.894105,0.0258167,0.446447],
              [-344.395,7.08192,1338.77]
            ]
          }
        },
        {
          "rirmv:object": {
            "name": "russia_trench_decor_revetment_3000_a",
            "tm": [
              [-0.449026,0.00864315,0.893274],
              [0.00946045,-0.996081,0.0143934],
              [0.848602,0.0142217,0.426433],
              [-340.731,7.69031,1339.54]
            ]
          }
        },
        {
          "rirmv:object": {
            "name": "russia_trench_decor_plank_4000_b",
            "tm": [
              [0.449026,-0.00864315,-0.893274],
              [-0.00946057,0.996081,-0.0143935],
              [0.893266,0.0149704,0.448877],
