[
  {
    "import": {
      "scene": "content/enlisted/gamedata/scenes/_volokolamsk_sounds.blk"
    }
  },
  {
    "import": {
      "scene": "content/enlisted/gamedata/scenes/_volokolamsk_winter_biome_fx.blk"
    }
  },
  {
    "import": {
      "scene": "content/enlisted/gamedata/scenes/_volokolamsk_winter_village_fx.blk"
    }
  },
  {
    "entity": {
      "_template": "battle_area_polygon_point",
      "transform": [
        [0.859014,0.0,0.511952],
        [0.0,1.0,0.0],
        [-0.511952,0.0,0.859014],
        [56.287,-2.922,57.2648]
      ],
      "battle_area_polygon_point__id": "point1",
      "battle_area_polygon_point__nextId": "point2",
      "battle_area_polygon_point__forBattleAreaId": "area1_2"
    }
  },
  {
    "entity": {
      "_template": "battle_area_polygon_point",
      "transform": [
        [0.859014,0.0,0.511952],
        [0.0,1.0,0.0],
        [-0.511952,0.0,0.859014],
        [68.5148,-2.922,97.3862]
      ],
      "battle_area_polygon_point__id": "point2",
      "battle_area_polygon_point__nextId": "point3",
      "battle_area_polygon_point__forBattleAreaId": "area1_2"
    }
  },
  {
    "entity": {
      "_template": "battle_area_polygon_point",
      "transform": [
        [0.859014,0.0,0.511952],
        [0.0,1.0,0.0],
        [-0.511952,0.0,0.859014],
        [71.3313,-2.922,223.062]
      ],
      "battle_area_polygon_point__id": "point3",
      "battle_area_polygon_point__nextId": "point4",
      "battle_area_polygon_point__forBattleAreaId": "area1_2"
    }
  },
  {
    "entity": {
      "_template": "battle_area_polygon_point",
      "transform": [
        [0.859014,0.0,0.511952],
        [0.0,1.0,0.0],
        [-0.511952,0.0,0.859014],
        [97.0034,-2.922,309.249]
      ],
      "battle_area_polygon_point__id": "point4",
      "battle_area_polygon_point__nextId": "point5",
      "battle_area_polygon_point__forBattleAreaId": "area1_2"
    }
  },
  {
    "entity": {
      "_template": "battle_area_polygon_point",
      "transform": [
        [0.859014,0.0,0.511952],
        [0.0,1.0,0.0],
        [-0.511952,0.0,0.859014],
        [-83.2387,-2.922,419.445]
      ],
      "battle_area_polygon_point__id": "point5",
      "battle_area_polygon_point__nextId": "point6",
      "battle_area_polygon_point__forBattleAreaId": "area1_2"
    }
  },
  {
    "entity": {
      "_template": "battle_area_polygon_point",
      "transform": [
        [0.859014,0.0,0.511952],
        [0.0,1.0,0.0],
        [-0.511952,0.0,0.859014],
        [-173.777,-2.922,441.625]
      ],
      "battle_area_polygon_point__id": "point6",
      "battle_area_polygon_point__nextId": "point7",
      "battle_area_polygon_point__forBattleAreaId": "area1_2"
    }
  },
  {
    "entity": {
      "_template": "battle_area_polygon_point",
      "transform": [
        [0.859014,0.0,0.511952],
        [0.0,1.0,0.0],
        [-0.511952,0.0,0.859014],
        [-263.439,-2.922,435.085]
      ],
      "battle_area_polygon_point__id": "point7",
      "battle_area_polygon_point__nextId": "point8",
      "battle_area_polygon_point__forBattleAreaId": "area1_2"
    }
  },
  {
    "entity": {
      "_template": "battle_area_polygon_point",
      "transform": [
        [0.859014,0.0,0.511952],
        [0.0,1.0,0.0],
        [-0.511952,0.0,0.859014],
        [-293.538,-2.922,268.275]
      ],
      "battle_area_polygon_point__id": "point8",
      "battle_area_polygon_point__nextId": "point9",
      "battle_area_polygon_point__forBattleAreaId": "area1_2"
    }
  },
  {
    "entity": {
      "_template": "battle_area_polygon_point",
      "transform": [
        [0.859014,0.0,0.511952],
        [0.0,1.0,0.0],
        [-0.511952,0.0,0.859014],
        [-358.899,-2.922,121.03]
      ],
      "battle_area_polygon_point__id": "point9",
      "battle_area_polygon_point__nextId": "point10",
      "battle_area_polygon_point__forBattleAreaId": "area1_2"
    }
  },
  {
    "entity": {
      "_template": "battle_area_polygon_point",
      "transform": [
        [0.859014,0.0,0.511952],
        [0.0,1.0,0.0],
        [-0.511952,0.0,0.859014],
        [-174.445,-2.922,37.9226]
      ],
      "battle_area_polygon_point__id": "point10",
      "battle_area_polygon_point__nextId": "point11",
      "battle_area_polygon_point__forBattleAreaId": "area1_2"
    }
  },
  {
    "entity": {
      "_template": "battle_area_polygon_point",
      "transform": [
        [0.859014,0.0,0.511952],
        [0.0,1.0,0.0],
        [-0.511952,0.0,0.859014],
        [-95.9621,-2.922,3.10746]
      ],
      "battle_area_polygon_point__id": "point11",
      "battle_area_polygon_point__nextId": "point12",
      "battle_area_polygon_point__forBattleAreaId": "area1_2"
    }
  },
  {
    "entity": {
      "_template": "battle_area_polygon_point",
      "transform": [
        [0.859014,0.0,0.511952],
        [0.0,1.0,0.0],
        [-0.511952,0.0,0.859014],
        [-3.18156,-2.922,-31.4729]
      ],
      "battle_area_polygon_point__id": "point12",
      "battle_area_polygon_point__nextId": "point1",
      "battle_area_polygon_point__forBattleAreaId": "area1_2"
    }
  },
  {
    "entity": {
      "_template": "battle_area_polygon_point",
      "transform": [
        [0.859014,0.0,0.511952],
        [0.0,1.0,0.0],
        [-0.511952,0.0,0.859014],
        [146.966,-2.922,-56.2228]
      ],
      "battle_area_polygon_point__id": "point1",
      "battle_area_polygon_point__nextId": "point2",
      "battle_area_polygon_point__forBattleAreaId": "area1_1"
    }
  },
  {
    "entity": {
      "_template": "battle_area_polygon_point",
      "transform": [
        [0.859014,0.0,0.511952],
        [0.0,1.0,0.0],
        [-0.511952,0.0,0.859014],
        [275.792,-2.922,-65.9447]
      ],
      "battle_area_polygon_point__id": "point2",
      "battle_area_polygon_point__nextId": "point3",
      "battle_area_polygon_point__forBattleAreaId": "area1_1"
    }
  },
  {
    "entity": {
      "_template": "battle_area_polygon_point",
      "transform": [
        [0.859014,0.0,0.511952],
        [0.0,1.0,0.0],
        [-0.511952,0.0,0.859014],
        [307.377,-2.922,21.644]
      ],
      "battle_area_polygon_point__id": "point3",
      "battle_area_polygon_point__nextId": "point4",
      "battle_area_polygon_point__forBattleAreaId": "area1_1"
    }
  },
  {
    "entity": {
      "_template": "battle_area_polygon_point",
      "transform": [
        [0.859014,0.0,0.511952],
        [0.0,1.0,0.0],
        [-0.511952,0.0,0.859014],
        [325.712,-2.922,114.958]
      ],
      "battle_area_polygon_point__id": "point4",
      "battle_area_polygon_point__nextId": "point5",
      "battle_area_polygon_point__forBattleAreaId": "area1_1"
    }
  },
  {
    "entity": {
      "_template": "battle_area_polygon_point",
      "transform": [
        [0.859014,0.0,0.511952],
        [0.0,1.0,0.0],
        [-0.511952,0.0,0.859014],
        [334.112,-2.922,282.941]
      ],
      "battle_area_polygon_point__id": "point5",
      "battle_area_polygon_point__nextId": "point6",
      "battle_area_polygon_point__forBattleAreaId": "area1_1"
    }
  },
  {
    "entity": {
      "_template": "battle_area_polygon_point",
      "transform": [
        [0.859014,0.0,0.511952],
        [0.0,1.0,0.0],
        [-0.511952,0.0,0.859014],
        [243.285,-2.922,281.441]
      ],
      "battle_area_polygon_point__id": "point6",
      "battle_area_polygon_point__nextId": "point7",
      "battle_area_polygon_point__forBattleAreaId": "area1_1"
    }
  },
  {
    "entity": {
      "_template": "battle_area_polygon_point",
      "transform": [
        [0.859014,0.0,0.511952],
        [0.0,1.0,0.0],
        [-0.511952,0.0,0.859014],
        [95.5412,-2.922,308.947]
      ],
      "battle_area_polygon_point__id": "point7",
      "battle_area_polygon_point__nextId": "point8",
      "battle_area_polygon_point__forBattleAreaId": "area1_1"
    }
  },
  {
    "entity": {
      "_template": "battle_area_polygon_point",
      "transform": [
        [0.859014,0.0,0.511952],
        [0.0,1.0,0.0],
        [-0.511952,0.0,0.859014],
        [35.7426,-2.922,264.573]
      ],
      "battle_area_polygon_point__id": "point8",
      "battle_area_polygon_point__nextId": "point9",
      "battle_area_polygon_point__forBattleAreaId": "area1_1"
    }
  },
  {
    "entity": {
      "_template": "battle_area_polygon_point",
      "transform": [
        [0.859014,0.0,0.511952],
        [0.0,1.0,0.0],
        [-0.511952,0.0,0.859014],
        [-6.27706,-2.922,223.48]
      ],
      "battle_area_polygon_point__id": "point9",
      "battle_area_polygon_point__nextId": "point10",
      "battle_area_polygon_point__forBattleAreaId": "area1_1"
    }
  },
  {
    "entity": {
      "_template": "battle_area_polygon_point",
      "transform": [
        [0.859014,0.0,0.511952],
        [0.0,1.0,0.0],
        [-0.511952,0.0,0.859014],
        [-48.5174,-2.922,132.427]
      ],
      "battle_area_polygon_point__id": "point10",
      "battle_area_polygon_point__nextId": "point11",
      "battle_area_polygon_point__forBattleAreaId": "area1_1"
    }
  },
  {
    "entity": {
      "_template": "battle_area_polygon_point",
      "transform": [
        [0.859014,0.0,0.511952],
        [0.0,1.0,0.0],
        [-0.511952,0.0,0.859014],
        [-48.1698,-2.922,51.2019]
      ],
      "battle_area_polygon_point__id": "point11",
      "battle_area_polygon_point__nextId": "point12",
      "battle_area_polygon_point__forBattleAreaId": "area1_1"
    }
  },
  {
    "entity": {
      "_template": "battle_area_polygon_point",
      "transform": [
        [0.859014,0.0,0.511952],
        [0.0,1.0,0.0],
        [-0.511952,0.0,0.859014],
        [-38.6868,-2.922,-16.0172]
      ],
      "battle_area_polygon_point__id": "point12",
      "battle_area_polygon_point__nextId": "point1",
      "battle_area_polygon_point__forBattleAreaId": "area1_1"
    }
  },
  {
    "entity": {
      "_template": "battle_area_polygon_point",
      "transform": [
        [0.859014,0.0,0.511952],
        [0.0,1.0,0.0],
        [-0.511952,0.0,0.859014],
        [184.994,-2.922,93.7249]
      ],
      "battle_area_polygon_point__id": "point1",
      "battle_area_polygon_point__nextId": "point2",
      "battle_area_polygon_point__forBattleAreaId": "area2_2"
    }
  },
  {
    "entity": {
      "_template": "battle_area_polygon_point",
      "transform": [
        [0.859014,0.0,0.511952],
        [0.0,1.0,0.0],
        [-0.511952,0.0,0.859014],
        [201.056,-2.922,146.802]
      ],
      "battle_area_polygon_point__id": "point2",
      "battle_area_polygon_point__nextId": "point3",
      "battle_area_polygon_point__forBattleAreaId": "area2_2"
    }
  },
  {
    "entity": {
      "_template": "battle_area_polygon_point",
      "transform": [
        [0.859014,0.0,0.511952],
        [0.0,1.0,0.0],
        [-0.511952,0.0,0.859014],
        [191.681,-2.922,194.555]
      ],
      "battle_area_polygon_point__id": "point3",
      "battle_area_polygon_point__nextId": "point4",
      "battle_area_polygon_point__forBattleAreaId": "area2_2"
    }
  },
  {
    "entity": {
      "_template": "battle_area_polygon_point",
      "transform": [
        [0.859014,0.0,0.511952],
        [0.0,1.0,0.0],
        [-0.511952,0.0,0.859014],
        [165.727,-2.922,267.317]
      ],
      "battle_area_polygon_point__id": "point4",
      "battle_area_polygon_point__nextId": "point5",
      "battle_area_polygon_point__forBattleAreaId": "area2_2"
    }
  },
  {
    "entity": {
      "_template": "battle_area_polygon_point",
      "transform": [
        [0.859014,0.0,0.511952],
        [0.0,1.0,0.0],
        [-0.511952,0.0,0.859014],
        [-79.2873,-2.922,416.035]
      ],
      "battle_area_polygon_point__id": "point5",
      "battle_area_polygon_point__nextId": "point6",
      "battle_area_polygon_point__forBattleAreaId": "area2_2"
    }
  },
  {
    "entity": {
      "_template": "battle_area_polygon_point",
      "transform": [
        [0.859014,0.0,0.511952],
        [0.0,1.0,0.0],
        [-0.511952,0.0,0.859014],
        [-161.85,-2.92208,265.264]
      ],
      "battle_area_polygon_point__id": "point6",
      "battle_area_polygon_point__nextId": "point7",
      "battle_area_polygon_point__forBattleAreaId": "area2_2"
    }
  },
  {
    "entity": {
      "_template": "battle_area_polygon_point",
      "transform": [
        [0.859014,0.0,0.511952],
        [0.0,1.0,0.0],
        [-0.511952,0.0,0.859014],
        [-256.84,-2.922,74.8192]
      ],
      "battle_area_polygon_point__id": "point7",
      "battle_area_polygon_point__nextId": "point8",
      "battle_area_polygon_point__forBattleAreaId": "area2_2"
    }
  },
  {
    "entity": {
      "_template": "battle_area_polygon_point",
      "transform": [
        [0.859014,0.0,0.511952],
        [0.0,1.0,0.0],
        [-0.511952,0.0,0.859014],
        [-174.639,-2.922,37.683]
      ],
      "battle_area_polygon_point__id": "point8",
      "battle_area_polygon_point__nextId": "point9",
      "battle_area_polygon_point__forBattleAreaId": "area2_2"
    }
  },
  {
    "entity": {
      "_template": "battle_area_polygon_point",
      "transform": [
        [0.859014,0.0,0.511952],
        [0.0,1.0,0.0],
        [-0.511952,0.0,0.859014],
        [-96.3408,-2.922,2.46583]
      ],
      "battle_area_polygon_point__id": "point9",
      "battle_area_polygon_point__nextId": "point10",
      "battle_area_polygon_point__forBattleAreaId": "area2_2"
    }
  },
  {
    "entity": {
      "_template": "battle_area_polygon_point",
      "transform": [
        [0.859014,0.0,0.511952],
        [0.0,1.0,0.0],
        [-0.511952,0.0,0.859014],
        [-3.18158,-2.922,-31.766]
      ],
      "battle_area_polygon_point__id": "point10",
      "battle_area_polygon_point__nextId": "point11",
      "battle_area_polygon_point__forBattleAreaId": "area2_2"
    }
  },
  {
    "entity": {
      "_template": "battle_area_polygon_point",
      "transform": [
        [0.859014,0.0,0.511952],
        [0.0,1.0,0.0],
        [-0.511952,0.0,0.859014],
        [89.5159,-2.92201,-41.9793]
      ],
      "battle_area_polygon_point__id": "point11",
      "battle_area_polygon_point__nextId": "point1",
      "battle_area_polygon_point__forBattleAreaId": "area2_2"
    }
  },
  {
    "entity": {
      "_template": "battle_area_polygon_point",
      "transform": [
        [0.859014,0.0,0.511952],
        [0.0,1.0,0.0],
        [-0.511952,0.0,0.859014],
        [147.132,-2.922,-55.6962]
      ],
      "battle_area_polygon_point__id": "point1",
      "battle_area_polygon_point__nextId": "point2",
      "battle_area_polygon_point__forBattleAreaId": "area2_1"
    }
  },
  {
    "entity": {
      "_template": "battle_area_polygon_point",
      "transform": [
        [0.859014,0.0,0.511952],
        [0.0,1.0,0.0],
        [-0.511952,0.0,0.859014],
        [327.063,-2.922,-68.3259]
      ],
      "battle_area_polygon_point__id": "point2",
      "battle_area_polygon_point__nextId": "point3",
      "battle_area_polygon_point__forBattleAreaId": "area2_1"
    }
  },
  {
    "entity": {
      "_template": "battle_area_polygon_point",
      "transform": [
        [0.859014,0.0,0.511952],
        [0.0,1.0,0.0],
        [-0.511952,0.0,0.859014],
        [351.356,-2.922,8.59945]
      ],
      "battle_area_polygon_point__id": "point3",
      "battle_area_polygon_point__nextId": "point4",
      "battle_area_polygon_point__forBattleAreaId": "area2_1"
    }
  },
  {
    "entity": {
      "_template": "battle_area_polygon_point",
      "transform": [
        [0.859014,0.0,0.511952],
        [0.0,1.0,0.0],
        [-0.511952,0.0,0.859014],
        [372.913,-2.922,147.855]
      ],
      "battle_area_polygon_point__id": "point4",
      "battle_area_polygon_point__nextId": "point5",
      "battle_area_polygon_point__forBattleAreaId": "area2_1"
    }
  },
  {
    "entity": {
      "_template": "battle_area_polygon_point",
      "transform": [
        [0.859014,0.0,0.511952],
        [0.0,1.0,0.0],
        [-0.511952,0.0,0.859014],
        [375.268,-1.65993,283.468]
      ],
      "battle_area_polygon_point__id": "point5",
      "battle_area_polygon_point__nextId": "point6",
      "battle_area_polygon_point__forBattleAreaId": "area2_1"
    }
  },
  {
    "entity": {
      "_template": "battle_area_polygon_point",
      "transform": [
        [0.859014,0.0,0.511952],
        [0.0,1.0,0.0],
        [-0.511952,0.0,0.859014],
        [243.305,-2.922,281.37]
      ],
      "battle_area_polygon_point__id": "point6",
      "battle_area_polygon_point__nextId": "point7",
      "battle_area_polygon_point__forBattleAreaId": "area2_1"
    }
  },
  {
    "entity": {
      "_template": "battle_area_polygon_point",
      "transform": [
        [0.859014,0.0,0.511952],
        [0.0,1.0,0.0],
        [-0.511952,0.0,0.859014],
        [95.7289,-2.922,308.571]
      ],
      "battle_area_polygon_point__id": "point7",
      "battle_area_polygon_point__nextId": "point8",
      "battle_area_polygon_point__forBattleAreaId": "area2_1"
    }
  },
  {
    "entity": {
      "_template": "battle_area_polygon_point",
      "transform": [
        [0.859014,0.0,0.511952],
        [0.0,1.0,0.0],
        [-0.511952,0.0,0.859014],
        [54.0327,-2.922,240.463]
      ],
      "battle_area_polygon_point__id": "point8",
      "battle_area_polygon_point__nextId": "point9",
      "battle_area_polygon_point__forBattleAreaId": "area2_1"
    }
  },
  {
    "entity": {
      "_template": "battle_area_polygon_point",
      "transform": [
        [0.859014,0.0,0.511952],
        [0.0,1.0,0.0],
        [-0.511952,0.0,0.859014],
        [35.8666,-2.922,164.046]
      ],
      "battle_area_polygon_point__id": "point9",
      "battle_area_polygon_point__nextId": "point10",
      "battle_area_polygon_point__forBattleAreaId": "area2_1"
    }
  },
  {
    "entity": {
      "_template": "battle_area_polygon_point",
      "transform": [
        [0.859014,0.0,0.511952],
        [0.0,1.0,0.0],
        [-0.511952,0.0,0.859014],
        [24.0783,-2.922,118.302]
      ],
      "battle_area_polygon_point__id": "point10",
      "battle_area_polygon_point__nextId": "point11",
      "battle_area_polygon_point__forBattleAreaId": "area2_1"
    }
  },
  {
    "entity": {
      "_template": "battle_area_polygon_point",
      "transform": [
        [0.859014,0.0,0.511952],
        [0.0,1.0,0.0],
        [-0.511952,0.0,0.859014],
        [22.061,-2.922,52.2776]
      ],
      "battle_area_polygon_point__id": "point11",
      "battle_area_polygon_point__nextId": "point12",
      "battle_area_polygon_point__forBattleAreaId": "area2_1"
    }
  },
  {
    "entity": {
      "_template": "battle_area_polygon_point",
      "transform": [
        [0.859014,0.0,0.511952],
        [0.0,1.0,0.0],
        [-0.511952,0.0,0.859014],
        [52.5003,-2.922,-35.7733]
      ],
      "battle_area_polygon_point__id": "point12",
      "battle_area_polygon_point__nextId": "point1",
      "battle_area_polygon_point__forBattleAreaId": "area2_1"
    }
  },
  {
    "entity": {
      "_template": "battle_area_polygon_point",
      "transform": [
        [0.859014,0.0,0.511952],
        [0.0,1.0,0.0],
        [-0.511952,0.0,0.859014],
        [314.034,-2.922,126.557]
      ],
      "battle_area_polygon_point__id": "point1",
      "battle_area_polygon_point__nextId": "point2",
      "battle_area_polygon_point__forBattleAreaId": "area3_2"
    }
  },
  {
    "entity": {
      "_template": "battle_area_polygon_point",
      "transform": [
        [0.859014,0.0,0.511952],
        [0.0,1.0,0.0],
        [-0.511952,0.0,0.859014],
        [299.287,-2.922,281.306]
      ],
      "battle_area_polygon_point__id": "point2",
      "battle_area_polygon_point__nextId": "point3",
      "battle_area_polygon_point__forBattleAreaId": "area3_2"
    }
  },
  {
    "entity": {
      "_template": "battle_area_polygon_point",
      "transform": [
        [0.859014,0.0,0.511952],
        [0.0,1.0,0.0],
        [-0.511952,0.0,0.859014],
        [165.166,-2.922,266.916]
      ],
      "battle_area_polygon_point__id": "point3",
      "battle_area_polygon_point__nextId": "point4",
      "battle_area_polygon_point__forBattleAreaId": "area3_2"
    }
  },
  {
    "entity": {
      "_template": "battle_area_polygon_point",
      "transform": [
        [0.859014,0.0,0.511952],
        [0.0,1.0,0.0],
        [-0.511952,0.0,0.859014],
        [4.307,-2.922,308.637]
      ],
      "battle_area_polygon_point__id": "point4",
      "battle_area_polygon_point__nextId": "point5",
      "battle_area_polygon_point__forBattleAreaId": "area3_2"
    }
  },
  {
    "entity": {
      "_template": "battle_area_polygon_point",
      "transform": [
        [0.859014,0.0,0.511952],
        [0.0,1.0,0.0],
        [-0.511952,0.0,0.859014],
        [-12.6126,-2.922,241.373]
      ],
      "battle_area_polygon_point__id": "point5",
      "battle_area_polygon_point__nextId": "point6",
      "battle_area_polygon_point__forBattleAreaId": "area3_2"
    }
  },
  {
    "entity": {
      "_template": "battle_area_polygon_point",
      "transform": [
        [0.859014,0.0,0.511952],
        [0.0,1.0,0.0],
        [-0.511952,0.0,0.859014],
        [-47.882,-2.922,115.222]
      ],
      "battle_area_polygon_point__id": "point6",
      "battle_area_polygon_point__nextId": "point7",
      "battle_area_polygon_point__forBattleAreaId": "area3_2"
    }
  },
  {
    "entity": {
      "_template": "battle_area_polygon_point",
      "transform": [
        [0.859014,0.0,0.511952],
        [0.0,1.0,0.0],
        [-0.511952,0.0,0.859014],
        [-85.5146,-2.922,-0.222799]
      ],
      "battle_area_polygon_point__id": "point7",
      "battle_area_polygon_point__nextId": "point8",
      "battle_area_polygon_point__forBattleAreaId": "area3_2"
    }
  },
  {
    "entity": {
      "_template": "battle_area_polygon_point",
      "transform": [
        [0.859014,0.0,0.511952],
        [0.0,1.0,0.0],
        [-0.511952,0.0,0.859014],
        [-2.82136,-2.922,-31.1953]
      ],
      "battle_area_polygon_point__id": "point8",
      "battle_area_polygon_point__nextId": "point9",
      "battle_area_polygon_point__forBattleAreaId": "area3_2"
    }
  },
  {
    "entity": {
      "_template": "battle_area_polygon_point",
      "transform": [
        [0.859014,0.0,0.511952],
        [0.0,1.0,0.0],
        [-0.511952,0.0,0.859014],
        [283.797,-2.922,-64.4674]
      ],
      "battle_area_polygon_point__id": "point9",
      "battle_area_polygon_point__nextId": "point1",
      "battle_area_polygon_point__forBattleAreaId": "area3_2"
    }
  },
  {
    "entity": {
      "_template": "battle_area_polygon_point",
      "transform": [
        [0.859014,0.0,0.511952],
        [0.0,1.0,0.0],
        [-0.511952,0.0,0.859014],
        [147.051,-2.922,-55.98]
      ],
      "battle_area_polygon_point__id": "point1",
      "battle_area_polygon_point__nextId": "point2",
      "battle_area_polygon_point__forBattleAreaId": "area3_1"
    }
  },
  {
    "entity": {
      "_template": "battle_area_polygon_point",
      "transform": [
        [0.859014,0.0,0.511952],
        [0.0,1.0,0.0],
        [-0.511952,0.0,0.859014],
        [484.698,-2.922,-80.8884]
      ],
      "battle_area_polygon_point__id": "point2",
      "battle_area_polygon_point__nextId": "point3",
      "battle_area_polygon_point__forBattleAreaId": "area3_1"
    }
  },
  {
    "entity": {
      "_template": "battle_area_polygon_point",
      "transform": [
        [0.859014,0.0,0.511952],
        [0.0,1.0,0.0],
        [-0.511952,0.0,0.859014],
        [512.472,-2.922,86.4024]
      ],
      "battle_area_polygon_point__id": "point3",
      "battle_area_polygon_point__nextId": "point4",
      "battle_area_polygon_point__forBattleAreaId": "area3_1"
    }
  },
  {
    "entity": {
      "_template": "battle_area_polygon_point",
      "transform": [
        [0.859014,0.0,0.511952],
        [0.0,1.0,0.0],
        [-0.511952,0.0,0.859014],
        [510.482,-2.922,284.401]
      ],
      "battle_area_polygon_point__id": "point4",
      "battle_area_polygon_point__nextId": "point5",
      "battle_area_polygon_point__forBattleAreaId": "area3_1"
    }
  },
  {
    "entity": {
      "_template": "battle_area_polygon_point",
      "transform": [
        [0.859014,0.0,0.511952],
        [0.0,1.0,0.0],
        [-0.511952,0.0,0.859014],
        [440.9,-2.922,284.994]
      ],
      "battle_area_polygon_point__id": "point5",
      "battle_area_polygon_point__nextId": "point6",
      "battle_area_polygon_point__forBattleAreaId": "area3_1"
    }
  },
  {
    "entity": {
      "_template": "battle_area_polygon_point",
      "transform": [
        [0.859014,0.0,0.511952],
        [0.0,1.0,0.0],
        [-0.511952,0.0,0.859014],
        [243.229,-2.922,281.735]
      ],
      "battle_area_polygon_point__id": "point6",
      "battle_area_polygon_point__nextId": "point7",
      "battle_area_polygon_point__forBattleAreaId": "area3_1"
    }
  },
  {
    "entity": {
      "_template": "battle_area_polygon_point",
      "transform": [
        [0.859014,0.0,0.511952],
        [0.0,1.0,0.0],
        [-0.511952,0.0,0.859014],
        [176.138,-2.922,203.716]
      ],
      "battle_area_polygon_point__id": "point7",
      "battle_area_polygon_point__nextId": "point8",
      "battle_area_polygon_point__forBattleAreaId": "area3_1"
    }
  },
  {
    "entity": {
      "_template": "battle_area_polygon_point",
      "transform": [
        [0.859014,0.0,0.511952],
        [0.0,1.0,0.0],
        [-0.511952,0.0,0.859014],
        [164.143,-2.922,169.898]
      ],
      "battle_area_polygon_point__id": "point8",
      "battle_area_polygon_point__nextId": "point9",
      "battle_area_polygon_point__forBattleAreaId": "area3_1"
    }
  },
  {
    "entity": {
      "_template": "battle_area_polygon_point",
      "transform": [
        [0.859014,0.0,0.511952],
        [0.0,1.0,0.0],
        [-0.511952,0.0,0.859014],
        [157.751,-2.922,113.905]
      ],
      "battle_area_polygon_point__id": "point9",
      "battle_area_polygon_point__nextId": "point10",
      "battle_area_polygon_point__forBattleAreaId": "area3_1"
    }
  },
  {
    "entity": {
      "_template": "battle_area_polygon_point",
      "transform": [
        [0.859014,0.0,0.511952],
        [0.0,1.0,0.0],
        [-0.511952,0.0,0.859014],
        [162.374,-2.922,36.0705]
      ],
      "battle_area_polygon_point__id": "point10",
      "battle_area_polygon_point__nextId": "point1",
      "battle_area_polygon_point__forBattleAreaId": "area3_1"
    }
  },
  {
    "entity": {
      "_template": "poly_battle_area",
      "transform": [
        [1.0,0.0,0.0],
        [0.0,1.0,0.0],
        [0.0,0.0,1.0],
        [0.0,0.0,0.0]
      ],
      "groupName": "sector_1",
      "active": false,
      "battle_area__team": 1,
      "battleAreaId": "area1_2"
    }
  },
  {
    "entity": {
      "_template": "poly_battle_area",
      "transform": [
        [1.0,0.0,0.0],
        [0.0,1.0,0.0],
        [0.0,0.0,1.0],
        [0.0,0.0,0.0]
      ],
      "groupName": "sector_1",
      "active": false,
      "battle_area__team": 2,
      "battleAreaId": "area1_1"
    }
  },
  {
    "entity": {
      "_template": "poly_battle_area",
      "transform": [
        [1.0,0.0,0.0],
        [0.0,1.0,0.0],
        [0.0,0.0,1.0],
        [0.0,0.0,0.0]
      ],
      "groupName": "sector_2",
      "active": false,
      "battle_area__team": 1,
      "battleAreaId": "area2_2"
    }
  },
  {
    "entity": {
      "_template": "poly_battle_area",
      "transform": [
        [1.0,0.0,0.0],
        [0.0,1.0,0.0],
        [0.0,0.0,1.0],
        [0.0,0.0,0.0]
      ],
      "groupName": "sector_2",
      "active": false,
      "battle_area__team": 2,
      "battleAreaId": "area2_1"
    }
  },
  {
    "entity": {
      "_template": "poly_battle_area",
      "transform": [
        [1.0,0.0,0.0],
        [0.0,1.0,0.0],
        [0.0,0.0,1.0],
        [0.0,0.0,0.0]
      ],
      "groupName": "sector_3",
      "active": false,
      "battle_area__team": 1,
      "battleAreaId": "area3_2"
    }
  },
  {
    "entity": {
      "_template": "poly_battle_area",
      "transform": [
        [1.0,0.0,0.0],
        [0.0,1.0,0.0],
        [0.0,0.0,1.0],
        [0.0,0.0,0.0]
      ],
      "groupName": "sector_3",
      "active": false,
      "battle_area__team": 2,
      "battleAreaId": "area3_1"
    }
  },
  {
    "entity": {
      "_template": "aircraft_box_battle_area",
      "transform": [
        [9957.0,0.0,-5373.34],
        [0.0,8000.36,0.0],
        [5373.62,0.0,9956.65],
        [-172.169,240.916,425.828]
      ],
      "battle_area__team": -1
    }
  },
  {
    "entity": {
      "_template": "minimap_battle_of_moscow_volokolamsk_countryside_winter"
    }
  },
  {
    "entity": {
      "_template": "wind"
    }
  },
  {
    "entity": {
      "_template": "postfx_color_grading_tonemap_death_alive_enlisted"
    }
  },
  {
    "entity": {
      "_template": "shaderVars",
      "shader_vars__vars:object": {
        "hmap_displacement_up": 0.3,
        "ocean1": "#8e894700",
        "ocean0": "#4c3f0500",
        "ocean_density": 0.1,
        "land_selfillum_worldscale": 0.9,
        "river1": "#8e894700",
        "river0": "#4c3f0500",
        "hmap_displacement_down": -0.15,
        "puddle_flat_hmap_reduce": 0.03,
        "autodetect_land_selfillum_color": [0.53,0.0,0.0,0.16],
        "paint_details_tex": "volokolamsk_building_colors_tex_palette*",
        "land_selfillum_strength": 32.0,
        "water_color_noise_size": 71.0,
        "river_density": 0.3
      }
    }
  },
  {
    "entity": {
      "_template": "bloom"
    }
  },
  {
    "entity": {
      "_template": "postfx_roundctrl"
    }
  },
  {
    "entity": {
      "_template": "door_mult_ent_generator",
      "ri_extra_gen__blk": "content/enlisted/gamedata/volokolamsk_doors.blk"
    }
  },
  {
    "entity": {
      "_template": "session_finalizer",
      "session_finalizer__timer": 10.0
    }
  },
  {
    "entity": {
      "_template": "briefing_destruction",
      "mission_name": "volokolamsk_village_bomb",
      "mission_outfit": "moscow",
      "loading_images:list<t>": [
        {
          "item": "ui/volokolamsk_village_01.avif"
        },
        {
          "item": "ui/volokolamsk_village_02.avif"
        },
        {
          "item": "ui/volokolamsk_village_03.avif"
        }
      ]
    }
  },
  {
    "entity": {
      "_template": "team_germany_winter+team_narrator_assault_defence+respawn_creators_team",
      "team__countAdd": 0.5,
      "team__memberCount": 0.5,
      "team__scoreCap": 3000.0,
      "team__capturePenalty": 1001.0,
      "team__score": 3000.0,
      "team__id": 2,
      "team__briefing": "assault/defenders_goals",
      "team__winSubtitle": "debriefing/won_defence_subtitle",
      "team__loseSubtitle": "debriefing/lost_defence_subtitle",
      "team__winTitle": "debriefing/axis_won_destruction_defence_title",
      "team__spawnBotArmy": "moscow_axis"
    }
  },
  {
    "entity": {
      "_template": "team_ussr+team_narrator_assault_attack+respawn_creators_team",
      "team__memberCount": 0.0,
      "team__scoreCap": 2000.0,
      "team__score": 2000.0,
      "team__squadSpawnCost": 250,
      "team__firstSpawnCostMul": 0.0,
      "team__zeroScoreFailTimer": 60.0,
      "team__id": 1,
      "team__briefing": "assault/attackers_goals",
      "team__winSubtitle": "debriefing/won_invasion_subtitle",
      "team__loseSubtitle": "debriefing/lost_invasion_subtitle",
      "team__winTitle": "debriefing/ussr_won_destruction_attack_title",
      "team__spawnBotArmy": "moscow_allies"
    }
  },
  {
    "entity": {
      "_template": "volokolamsk_level",
      "level__blk": "content/enlisted/levels/battle_of_moscow_volokolamsk_countryside_winter.blk"
    }
  },
  {
    "entity": {
      "_template": "clouds_hole_target",
      "transform": [
        [1.0,0.0,0.0],
        [0.0,1.0,0.0],
        [0.0,0.0,1.0],
        [0.0,0.0,0.0]
      ]
    }
  },
  {
    "entity": {
      "_template": "water",
      "water__strength": 1.3
    }
  },
  {
    "entity": {
      "_template": "enemy_attack_marker"
    }
  },
  {
    "entity": {
      "_template": "static_cam",
      "camera__active": true,
      "transform": [
        [0.291676,-0.00103004,0.956517],
        [-0.135609,0.989854,0.0424178],
        [-0.946855,-0.142084,0.288577],
        [29.5965,7.62098,147.689]
      ]
    }
  },
  {
    "entity": {
      "_template": "group_activator",
      "activator__activateChoice:object": {
        "sector_1": 1.0
      }
    }
  },
  {
    "entity": {
      "_template": "bomb_site_zone_chained_sphere+defend_zone_respawnbase",
      "transform": [
        [-0.679103,0.0158374,0.214746],
        [-0.0207979,1.00114,0.000596561],
        [-0.330063,-0.0132062,-0.747181],
        [12.0534,5.52848,132.348]
      ],
      "groupName": "sector_1",
      "capzone__capRewardPartCap": 1.8,
      "capzone__mustBeCapturedByTeam": 1,
      "capzone__caption": "capzone/trench_bunker",
      "active": false,
      "ui_order": 1,
      "capzone__capReward": 500.0,
      "capzone__checkAllZonesInGroup": true,
      "capzone__deactivateAfterTimeout": 25.0,
      "capzone__spawnAtZoneTimeout": 25.0,
      "capzone__createRespawnBaseForTeam": 2,
      "sphere_zone__radius": 20.0,
      "capzone__createRespawnBase": "respawnBaseGroupActivator",
      "capzone__createdRespawnBaseGroup": 3,
      "capzone__plantingTeam": 1,
      "capzone__timeToPlant": 20.0,
      "capzone__timeToDefuse": 30.0,
      "capzone__timeToExplosion": 40.0,
      "capzone__bombTemplate": "bomb_site+bomb_site_radar_hardware_animchar_03",
      "capzone__bombTransformLocalPos": [
        [-0.624262,0.0,0.781217],
        [0.0,1.0,0.0],
        [-0.781217,0.0,-0.624262],
        [0.0133247,-1.97894,0.433655]
      ],
      "capzone__activateChoice:object": {
        "sector_2": 1.0
      }
    }
  },
  {
    "entity": {
      "_template": "bomb_site_zone_chained_sphere+defend_zone_respawnbase",
      "transform": [
        [-0.996594,0.0,-0.08246],
        [0.0,1.0,0.0],
        [0.08246,0.0,-0.996594],
        [108.281,6.55014,150.159]
      ],
      "groupName": "sector_2",
      "capzone__capRewardPartCap": 1.8,
      "capzone__mustBeCapturedByTeam": 1,
      "capzone__caption": "capzone/field_headquarters",
      "active": false,
      "ui_order": 2,
      "capzone__capReward": 500.0,
      "capzone__checkAllZonesInGroup": true,
      "capzone__deactivateAfterTimeout": 25.0,
      "capzone__spawnAtZoneTimeout": 25.0,
      "capzone__createRespawnBaseForTeam": 2,
      "sphere_zone__radius": 20.0,
      "capzone__createRespawnBase": "respawnBaseGroupActivator",
      "capzone__createdRespawnBaseGroup": 4,
      "capzone__plantingTeam": 1,
      "capzone__timeToPlant": 20.0,
      "capzone__timeToDefuse": 30.0,
      "capzone__timeToExplosion": 40.0,
      "capzone__bombTemplate": "bomb_site+bomb_site_radar_hardware_animchar_02_without_antenna",
      "capzone__bombTransformLocalPos": [
        [-0.76982,0.0,-0.638264],
        [0.0,1.0,0.0],
        [0.638264,0.0,-0.76982],
        [0.170876,-2.06568,-0.204666]
      ],
      "capzone__activateChoice:object": {
        "sector_3": 1.0
      }
    }
  },
  {
    "entity": {
      "_template": "bomb_site_zone_chained_sphere+defend_zone_respawnbase",
      "transform": [
        [-0.679103,0.0158374,0.214746],
        [-0.0207979,1.00114,0.000596561],
        [-0.330063,-0.0132062,-0.747181],
        [99.2566,4.83049,104.542]
      ],
      "groupName": "sector_2",
      "capzone__capRewardPartCap": 1.8,
      "capzone__mustBeCapturedByTeam": 1,
      "capzone__caption": "capzone/trench_bunker",
      "active": false,
      "ui_order": 3,
      "capzone__capReward": 500.0,
      "capzone__checkAllZonesInGroup": true,
      "capzone__deactivateAfterTimeout": 25.0,
      "capzone__spawnAtZoneTimeout": 25.0,
      "capzone__createRespawnBaseForTeam": 2,
      "sphere_zone__radius": 20.0,
      "capzone__createRespawnBase": "respawnBaseGroupActivator",
      "capzone__createdRespawnBaseGroup": 4,
      "capzone__plantingTeam": 1,
      "capzone__timeToPlant": 20.0,
      "capzone__timeToDefuse": 30.0,
      "capzone__timeToExplosion": 40.0,
      "capzone__bombTemplate": "bomb_site+bomb_site_radar_hardware_animchar_04_without_antenna",
      "capzone__bombTransformLocalPos": [
        [-0.889524,0.0,-0.456893],
        [0.0,1.0,0.0],
        [0.456893,0.0,-0.889524],
        [-0.0936508,-1.96308,-0.507675]
      ],
      "capzone__activateChoice:object": {
        "sector_3": 1.0
      }
    }
  },
  {
    "entity": {
      "_template": "bomb_site_zone_chained_sphere+defend_zone_respawnbase",
      "transform": [
        [-0.00899394,0.0,-0.631212],
        [0.0,0.880451,0.0],
        [0.882583,0.0,-0.00221863],
        [256.574,6.6411,144.212]
      ],
      "groupName": "sector_3",
      "capzone__capRewardPartCap": 1.8,
      "capzone__mustBeCapturedByTeam": 1,
      "capzone__caption": "capzone/food_warehouse",
      "active": false,
      "ui_order": 4,
      "capzone__capReward": 500.0,
      "capzone__checkAllZonesInGroup": true,
      "capzone__deactivateAfterTimeout": 25.0,
      "capzone__spawnAtZoneTimeout": 25.0,
      "capzone__createRespawnBaseForTeam": 2,
      "sphere_zone__radius": 20.0,
      "capzone__createRespawnBase": "respawnBaseGroupActivator",
      "capzone__createdRespawnBaseGroup": 5,
      "capzone__plantingTeam": 1,
      "capzone__timeToPlant": 20.0,
      "capzone__timeToDefuse": 30.0,
      "capzone__timeToExplosion": 40.0,
      "capzone__bombTemplate": "bomb_site+bomb_site_radar_hardware_animchar_05",
      "capzone__bombTransformLocalPos": [
        [-0.999433,0.0,-0.0337397],
        [0.0,1.0,0.0],
        [0.0337397,0.0,-0.999433],
        [0.127655,-1.83233,-0.192078]
      ]
    }
  },
  {
    "entity": {
      "_template": "bomb_site_zone_chained_sphere+defend_zone_respawnbase",
      "transform": [
        [-0.034832,0.0,-0.495664],
        [0.0,0.488751,0.0],
        [0.696,0.0,-0.1009],
        [242.353,7.08647,105.909]
      ],
      "groupName": "sector_3",
      "capzone__capRewardPartCap": 1.8,
      "capzone__mustBeCapturedByTeam": 1,
      "capzone__caption": "capzone/shop",
      "active": false,
      "ui_order": 5,
      "capzone__capReward": 500.0,
      "capzone__checkAllZonesInGroup": true,
      "capzone__deactivateAfterTimeout": 25.0,
      "capzone__spawnAtZoneTimeout": 25.0,
      "capzone__createRespawnBaseForTeam": 2,
      "sphere_zone__radius": 21.0,
      "capzone__createRespawnBase": "respawnBaseGroupActivator",
      "capzone__createdRespawnBaseGroup": 5,
      "capzone__plantingTeam": 1,
      "capzone__timeToPlant": 20.0,
      "capzone__timeToDefuse": 30.0,
      "capzone__timeToExplosion": 40.0,
      "capzone__bombTemplate": "bomb_site+bomb_site_radar_hardware_animchar_04",
      "capzone__bombTransformLocalPos": [
        [-0.436154,0.0,0.899874],
        [0.0,1.0,0.0],
        [-0.899874,0.0,-0.436154],
        [-0.493195,-1.88036,0.201805]
      ]
    }
  },
  {
    "entity": {
      "_template": "respawnChooser+respTeam2",
      "transform": [
        [0.0183729,0.0,-0.999832],
        [0.0,1.0,0.0],
        [0.999832,0.0,0.0183729],
        [113.291,5.26169,151.821]
      ],
      "groupName": "sector_1",
      "active": false,
      "respawnBaseGroup": 1
    }
  },
  {
    "entity": {
      "_template": "respawnChooser+respTeam2",
      "transform": [
        [-0.999991,0.0,0.00427361],
        [0.0,1.0,0.0],
        [-0.00427361,0.0,-0.999991],
        [108.412,5.60819,182.613]
      ],
      "groupName": "sector_1",
      "active": false,
      "respawnBaseGroup": 1
    }
  },
  {
    "entity": {
      "_template": "respawnChooser+respTeam2",
      "transform": [
        [-0.946108,0.0,0.323855],
        [0.0,1.0,0.0],
        [-0.323855,0.0,-0.946108],
        [132.978,3.7586,101.399]
      ],
      "groupName": "sector_1",
      "respawnBaseGroup": 1,
