[
  {
    "import": {
      "scene": "content/enlisted/gamedata/scenes/_volokolamsk_sounds.blk"
    }
  },
  {
    "import": {
      "scene": "content/enlisted/gamedata/scenes/_volokolamsk_winter_biome_fx.blk"
    }
  },
  {
    "entity": {
      "_template": "poly_battle_area",
      "transform": [
        [1.0,0.0,0.0],
        [0.0,1.0,0.0],
        [0.0,0.0,1.0],
        [0.0,0.0,0.0]
      ],
      "groupName": "sector_5",
      "active": false,
      "battle_area__team": 1,
      "battleAreaId": "area1_2",
      "poly_area__points:list<p3>": [
        {
          "item": [-1369.39,4.71569,-1487.86]
        },
        {
          "item": [-1166.39,4.71569,-1290.95]
        },
        {
          "item": [-1196.15,4.71569,-1248.65]
        },
        {
          "item": [-1234.62,4.71569,-1213.65]
        },
        {
          "item": [-1352.75,4.71569,-1155.08]
        },
        {
          "item": [-1446.5,4.71569,-1110.16]
        },
        {
          "item": [-1606.56,4.71569,-1297.03]
        }
      ]
    }
  },
  {
    "entity": {
      "_template": "poly_battle_area",
      "transform": [
        [1.0,0.0,0.0],
        [0.0,1.0,0.0],
        [0.0,0.0,1.0],
        [0.0,0.0,0.0]
      ],
      "groupName": "sector_5",
      "active": false,
      "battle_area__team": 2,
      "battleAreaId": "area1_1",
      "poly_area__points:list<p3>": [
        {
          "item": [-1306.24,4.71569,-946.316]
        },
        {
          "item": [-1494.67,3.78987,-1164.19]
        },
        {
          "item": [-1427.06,3.33484,-1245.13]
        },
        {
          "item": [-1333.78,3.88535,-1322.04]
        },
        {
          "item": [-1251.92,3.35567,-1372.2]
        },
        {
          "item": [-1023.15,4.71569,-1150.6]
        }
      ]
    }
  },
  {
    "entity": {
      "_template": "poly_battle_area",
      "transform": [
        [1.0,0.0,0.0],
        [0.0,1.0,0.0],
        [0.0,0.0,1.0],
        [0.0,0.0,0.0]
      ],
      "groupName": "sector_4",
      "active": false,
      "battle_area__team": 1,
      "battleAreaId": "area2_2",
      "poly_area__points:list<p3>": [
        {
          "item": [-1281.77,4.71569,-1403.51]
        },
        {
          "item": [-1022.8,4.71569,-1150.6]
        },
        {
          "item": [-1073.73,0.806564,-1132.22]
        },
        {
          "item": [-1111.07,0.200836,-1118.38]
        },
        {
          "item": [-1143.01,0.604004,-1093.3]
        },
        {
          "item": [-1194.7,0.535889,-1078.71]
        },
        {
          "item": [-1359.51,4.71569,-1008.53]
        },
        {
          "item": [-1521.44,4.71569,-1197.64]
        }
      ]
    }
  },
  {
    "entity": {
      "_template": "poly_battle_area",
      "transform": [
        [1.0,0.0,0.0],
        [0.0,1.0,0.0],
        [0.0,0.0,1.0],
        [0.0,0.0,0.0]
      ],
      "groupName": "sector_4",
      "active": false,
      "battle_area__team": 2,
      "battleAreaId": "area2_1",
      "poly_area__points:list<p3>": [
        {
          "item": [-1197.98,4.71569,-765.842]
        },
        {
          "item": [-1416.45,4.71569,-1074.5]
        },
        {
          "item": [-1335.18,4.71569,-1152.4]
        },
        {
          "item": [-1288.99,1.99083,-1179.12]
        },
        {
          "item": [-1242.7,2.04526,-1196.63]
        },
        {
          "item": [-1208.36,1.57139,-1209.28]
        },
        {
          "item": [-1169.58,2.71182,-1226.73]
        },
        {
          "item": [-1111.15,2.40879,-1238.83]
        },
        {
          "item": [-862.816,4.71569,-993.317]
        }
      ]
    }
  },
  {
    "entity": {
      "_template": "poly_battle_area",
      "transform": [
        [1.0,0.0,0.0],
        [0.0,1.0,0.0],
        [0.0,0.0,1.0],
        [0.0,0.0,0.0]
      ],
      "groupName": "sector_3",
      "active": false,
      "battle_area__team": 1,
      "battleAreaId": "area3_2",
      "poly_area__points:list<p3>": [
        {
          "item": [-1151.45,4.71569,-1277.53]
        },
        {
          "item": [-985.381,4.71569,-1114.97]
        },
        {
          "item": [-1023.81,4.71569,-1054.32]
        },
        {
          "item": [-1059.7,4.71569,-1017.25]
        },
        {
          "item": [-1101.54,4.71569,-993.2]
        },
        {
          "item": [-1147.71,4.71569,-964.605]
        },
        {
          "item": [-1207.86,4.71569,-938.96]
        },
        {
          "item": [-1257.54,4.71569,-926.433]
        },
        {
          "item": [-1311.8,4.71569,-933.03]
        },
        {
          "item": [-1422.82,4.71569,-1082.26]
        }
      ]
    }
  },
  {
    "entity": {
      "_template": "poly_battle_area",
      "transform": [
        [1.0,0.0,0.0],
        [0.0,1.0,0.0],
        [0.0,0.0,1.0],
        [0.0,0.0,0.0]
      ],
      "groupName": "sector_3",
      "active": false,
      "battle_area__team": 2,
      "battleAreaId": "area3_1",
      "poly_area__points:list<p3>": [
        {
          "item": [-1208.25,4.71569,-722.673]
        },
        {
          "item": [-1342.49,4.71569,-974.227]
        },
        {
          "item": [-1274.22,4.71569,-1027.12]
        },
        {
          "item": [-1196.42,4.71569,-1068.59]
        },
        {
          "item": [-1151.42,4.71569,-1074.96]
        },
        {
          "item": [-1079.83,4.71569,-1094.72]
        },
        {
          "item": [-1005.62,4.71569,-1134.82]
        },
        {
          "item": [-840.304,4.71569,-973.068]
        }
      ]
    }
  },
  {
    "entity": {
      "_template": "poly_battle_area",
      "transform": [
        [1.0,0.0,0.0],
        [0.0,1.0,0.0],
        [0.0,0.0,1.0],
        [0.0,0.0,0.0]
      ],
      "groupName": "sector_2_a",
      "active": false,
      "battle_area__team": 1,
      "battleAreaId": "area4_2",
      "poly_area__points:list<p3>": [
        {
          "item": [-1149.91,4.71569,-1276.26]
        },
        {
          "item": [-905.302,4.71569,-1036.72]
        },
        {
          "item": [-1015.46,4.71569,-943.088]
        },
        {
          "item": [-1092.16,4.71569,-888.438]
        },
        {
          "item": [-1163.84,4.71569,-847.772]
        },
        {
          "item": [-1248.32,4.71569,-786.877]
        },
        {
          "item": [-1377.05,4.71569,-848.216]
        },
        {
          "item": [-1440.03,4.71569,-991.676]
        },
        {
          "item": [-1422.93,4.71569,-1081.51]
        }
      ]
    }
  },
  {
    "entity": {
      "_template": "poly_battle_area",
      "transform": [
        [1.0,0.0,0.0],
        [0.0,1.0,0.0],
        [0.0,0.0,1.0],
        [0.0,0.0,0.0]
      ],
      "groupName": "sector_2_a",
      "active": false,
      "battle_area__team": 2,
      "battleAreaId": "area4_1",
      "poly_area__points:list<p3>": [
        {
          "item": [-1179.82,4.71569,-669.4]
        },
        {
          "item": [-1284.28,4.71569,-865.688]
        },
        {
          "item": [-1237.26,4.71569,-910.58]
        },
        {
          "item": [-1177.75,4.71569,-958.964]
        },
        {
          "item": [-1107.03,4.71569,-1004.5]
        },
        {
          "item": [-1010.8,4.71569,-1061.58]
        },
        {
          "item": [-957.065,4.71569,-1087.65]
        },
        {
          "item": [-839.91,4.71569,-973.246]
        },
        {
          "item": [-812.106,4.71569,-905.214]
        }
      ]
    }
  },
  {
    "entity": {
      "_template": "poly_battle_area",
      "transform": [
        [1.0,0.0,0.0],
        [0.0,1.0,0.0],
        [0.0,0.0,1.0],
        [0.0,0.0,0.0]
      ],
      "groupName": "sector_2_b",
      "active": false,
      "battle_area__team": 1,
      "battleAreaId": "area4_b_2",
      "poly_area__points:list<p3>": [
        {
          "item": [-1149.91,4.71569,-1276.26]
        },
        {
          "item": [-1006.87,2.13861,-1155.58]
        },
        {
          "item": [-905.302,4.71569,-1036.72]
        },
        {
          "item": [-1006.36,3.30411,-936.086]
        },
        {
          "item": [-1044.06,1.19077,-915.342]
        },
        {
          "item": [-1092.16,4.71569,-888.438]
        },
        {
          "item": [-1163.84,4.71569,-847.772]
        },
        {
          "item": [-1248.32,4.71569,-786.877]
        },
        {
          "item": [-1377.05,4.71569,-848.216]
        },
        {
          "item": [-1440.03,4.71569,-991.676]
        },
        {
          "item": [-1422.93,4.71569,-1081.51]
        }
      ]
    }
  },
  {
    "entity": {
      "_template": "poly_battle_area",
      "transform": [
        [1.0,0.0,0.0],
        [0.0,1.0,0.0],
        [0.0,0.0,1.0],
        [0.0,0.0,0.0]
      ],
      "groupName": "sector_2_b",
      "active": false,
      "battle_area__team": 2,
      "battleAreaId": "area4_b_1",
      "poly_area__points:list<p3>": [
        {
          "item": [-1010.81,4.77014,-704.847]
        },
        {
          "item": [-1074.08,9.33206,-650.688]
        },
        {
          "item": [-1135.91,7.19952,-624.79]
        },
        {
          "item": [-1195.29,5.69333,-615.005]
        },
        {
          "item": [-1229.32,3.07281,-638.428]
        },
        {
          "item": [-1253.94,1.51089,-712.711]
        },
        {
          "item": [-1284.9,4.71569,-865.883]
        },
        {
          "item": [-1237.26,4.71569,-910.58]
        },
        {
          "item": [-1177.75,4.71569,-958.964]
        },
        {
          "item": [-1108.79,0.0,-1000.45]
        },
        {
          "item": [-1042.68,1.42798,-1007.36]
        },
        {
          "item": [-994.499,5.26199,-1010.39]
        },
        {
          "item": [-961.535,11.0892,-1011.43]
        },
        {
          "item": [-924.077,12.1521,-1039.5]
        },
        {
          "item": [-910.363,21.9951,-1020.21]
        },
        {
          "item": [-839.91,4.71569,-973.246]
        },
        {
          "item": [-812.106,4.71569,-905.214]
        }
      ]
    }
  },
  {
    "entity": {
      "_template": "poly_battle_area",
      "transform": [
        [1.0,0.0,0.0],
        [0.0,1.0,0.0],
        [0.0,0.0,1.0],
        [0.0,0.0,0.0]
      ],
      "groupName": "sector_1",
      "active": false,
      "battle_area__team": 1,
      "battleAreaId": "area5_2",
      "poly_area__points:list<p3>": [
        {
          "item": [-1005.11,4.71569,-1134.86]
        },
        {
          "item": [-839.587,4.71569,-973.704]
        },
        {
          "item": [-825.44,4.71569,-938.176]
        },
        {
          "item": [-920.075,4.71569,-858.798]
        },
        {
          "item": [-952.968,4.71569,-822.157]
        },
        {
          "item": [-967.039,4.71569,-774.33]
        },
        {
          "item": [-1004.09,4.71569,-750.646]
        },
        {
          "item": [-1047.27,4.71569,-744.971]
        },
        {
          "item": [-1084.73,4.71569,-751.845]
        },
        {
          "item": [-1136.15,4.71569,-774.188]
        },
        {
          "item": [-1206.39,1.79486,-766.341]
        },
        {
          "item": [-1234.91,1.85843,-766.486]
        },
        {
          "item": [-1265.95,0.635696,-791.56]
        },
        {
          "item": [-1290.81,0.770889,-834.596]
        },
        {
          "item": [-1328.02,4.71569,-922.266]
        }
      ]
    }
  },
  {
    "entity": {
      "_template": "poly_battle_area",
      "transform": [
        [1.0,0.0,0.0],
        [0.0,1.0,0.0],
        [0.0,0.0,1.0],
        [0.0,0.0,0.0]
      ],
      "groupName": "sector_1",
      "active": false,
      "battle_area__team": 2,
      "battleAreaId": "area5_1",
      "poly_area__points:list<p3>": [
        {
          "item": [-1210.76,5.24071,-582.415]
        },
        {
          "item": [-1214.22,4.71569,-630.145]
        },
        {
          "item": [-1221.75,1.5629,-719.328]
        },
        {
          "item": [-1202.6,2.58017,-751.983]
        },
        {
          "item": [-1168.31,0.989288,-783.917]
        },
        {
          "item": [-1155.46,1.25214,-793.335]
        },
        {
          "item": [-1137.24,1.84611,-801.828]
        },
        {
          "item": [-1127.99,1.77908,-806.67]
        },
        {
          "item": [-1116.58,2.01033,-808.837]
        },
        {
          "item": [-1096.17,2.27,-795.075]
        },
        {
          "item": [-1088.19,3.44537,-806.351]
        },
        {
          "item": [-1082.23,3.82265,-821.295]
        },
        {
          "item": [-1054.56,5.10164,-828.942]
        },
        {
          "item": [-1037.15,3.76727,-835.07]
        },
        {
          "item": [-1004.96,0.961273,-839.143]
        },
        {
          "item": [-980.189,1.06345,-833.839]
        },
        {
          "item": [-948.511,0.893478,-848.966]
        },
        {
          "item": [-913.131,2.6386,-845.404]
        },
        {
          "item": [-839.822,7.75281,-837.172]
        },
        {
          "item": [-766.436,16.5889,-768.053]
        },
        {
          "item": [-726.368,4.71569,-604.891]
        },
        {
          "item": [-893.861,3.70866,-522.19]
        },
        {
          "item": [-934.071,6.43617,-503.374]
        },
        {
          "item": [-1015.17,26.7046,-507.741]
        },
        {
          "item": [-1176.23,4.71569,-521.566]
        }
      ]
    }
  },
  {
    "entity": {
      "_template": "aircraft_box_battle_area",
      "transform": [
        [8000.0,0.0,-8000.0],
        [0.0,8000.0,0.0],
        [8000.0,0.0,8000.0],
        [-1133.57,240.916,-984.908]
      ],
      "battle_area__team": -1
    }
  },
  {
    "entity": {
      "_template": "vw_kubelwagen",
      "transform": [
        [-0.127174,-0.0883145,-0.987941],
        [-0.0258136,0.995986,-0.0857107],
        [0.991544,0.0146021,-0.128943],
        [-1108.83,1.68018,-820.806]
      ]
    }
  },
  {
    "entity": {
      "_template": "vw_kubelwagen",
      "transform": [
        [0.231308,-0.0428566,-0.971936],
        [-0.0648763,0.996126,-0.059363],
        [0.970715,0.0767868,0.227632],
        [-1106.46,1.48468,-825.002]
      ]
    }
  },
  {
    "entity": {
      "_template": "vw_kubelwagen",
      "transform": [
        [-0.0421731,-0.0529957,-0.997704],
        [-0.0562764,0.997133,-0.0505866],
        [0.997524,0.0540137,-0.0450346],
        [-1103.76,1.51149,-827.588]
      ]
    }
  },
  {
    "entity": {
      "_template": "minimap_battle_of_moscow_volokolamsk_countryside_winter"
    }
  },
  {
    "entity": {
      "_template": "wind"
    }
  },
  {
    "entity": {
      "_template": "postfx_color_grading_tonemap_death_alive_enlisted"
    }
  },
  {
    "entity": {
      "_template": "shaderVars",
      "shader_vars__vars:object": {
        "hmap_displacement_up": 0.3,
        "ocean1": "#8e894700",
        "ocean0": "#4c3f0500",
        "ocean_density": 0.1,
        "land_selfillum_worldscale": 0.9,
        "river1": "#8e894700",
        "river0": "#4c3f0500",
        "hmap_displacement_down": -0.15,
        "puddle_flat_hmap_reduce": 0.03,
        "autodetect_land_selfillum_color": [0.53,0.0,0.0,0.16],
        "paint_details_tex": "volokolamsk_building_colors_tex_palette*",
        "land_selfillum_strength": 32.0,
        "water_color_noise_size": 71.0,
        "river_density": 0.3
      }
    }
  },
  {
    "entity": {
      "_template": "bloom"
    }
  },
  {
    "entity": {
      "_template": "postfx_roundctrl"
    }
  },
  {
    "entity": {
      "_template": "door_mult_ent_generator",
      "ri_extra_gen__blk": "content/enlisted/gamedata/volokolamsk_doors.blk"
    }
  },
  {
    "entity": {
      "_template": "session_finalizer",
      "session_finalizer__timer": 10.0
    }
  },
  {
    "entity": {
      "_template": "briefing_invasion",
      "mission_name": "volokolamsk_lake_inv_counter",
      "mission_outfit": "moscow",
      "loading_images:list<t>": [
        {
          "item": "ui/volokolamsk_lake_01.avif"
        },
        {
          "item": "ui/volokolamsk_lake_02.avif"
        },
        {
          "item": "ui/volokolamsk_lake_03.avif"
        }
      ]
    }
  },
  {
    "entity": {
      "_template": "team_ussr+team_narrator_invasion_defence+respawn_creators_team",
      "team__countAdd": 0.5,
      "team__memberCount": 0.5,
      "team__scoreCap": 5000.0,
      "team__capturePenalty": 1001.0,
      "team__score": 5000.0,
      "team__id": 1,
      "team__briefing": "invasion/defenders_goals",
      "team__winSubtitle": "debriefing/won_defence_subtitle",
      "team__loseSubtitle": "debriefing/lost_defence_subtitle",
      "team__winTitle": "debriefing/ussr_won_defence",
      "team__spawnBotArmy": "moscow_allies"
    }
  },
  {
    "entity": {
      "_template": "team_germany_winter+team_narrator_invasion_attack+respawn_creators_team",
      "team__memberCount": 0.0,
      "team__scoreCap": 3500.0,
      "team__score": 3500.0,
      "team__squadSpawnCost": 250,
      "team__firstSpawnCostMul": 0.0,
      "team__zeroScoreFailTimer": 60.0,
      "team__id": 2,
      "team__briefing": "invasion/attackers_goals",
      "team__winSubtitle": "debriefing/won_invasion_subtitle",
      "team__loseSubtitle": "debriefing/lost_invasion_subtitle",
      "team__winTitle": "debriefing/axis_won_invasion",
      "team__spawnBotArmy": "moscow_axis"
    }
  },
  {
    "entity": {
      "_template": "volokolamsk_level",
      "level__blk": "content/enlisted/levels/battle_of_moscow_volokolamsk_countryside_winter.blk"
    }
  },
  {
    "entity": {
      "_template": "clouds_hole_target",
      "transform": [
        [1.0,0.0,0.0],
        [0.0,1.0,0.0],
        [0.0,0.0,1.0],
        [0.0,0.0,0.0]
      ]
    }
  },
  {
    "entity": {
      "_template": "water",
      "water__strength": 1.3
    }
  },
  {
    "entity": {
      "_template": "enemy_attack_marker"
    }
  },
  {
    "entity": {
      "_template": "static_cam",
      "camera__active": true,
      "transform": [
        [-0.206748,0.000995147,-0.978393],
        [0.142907,0.989305,-0.0291915],
        [0.967902,-0.145854,-0.204679],
        [-1254.52,12.3152,-996.917]
      ]
    }
  },
  {
    "entity": {
      "_template": "respawn_camera",
      "respawnCameraForTeam": 2,
      "moveCameraToHeight": 170.0,
      "respawnSelectorDistanceMult": 1.0,
      "transform": [
        [1.0,0.0,0.0],
        [0.0,1.0,0.0],
        [0.0,0.0,1.0],
        [-1145.87,171.853,-1156.41]
      ]
    }
  },
  {
    "entity": {
      "_template": "respawn_camera",
      "respawnCameraForTeam": 1,
      "moveCameraToHeight": 170.0,
      "respawnSelectorDistanceMult": 1.0,
      "transform": [
        [1.0,0.0,0.0],
        [0.0,1.0,0.0],
        [0.0,0.0,1.0],
        [-1458.98,176.326,-1372.88]
      ]
    }
  },
  {
    "entity": {
      "_template": "respAircraftInAir",
      "respawnbaseType": "aircraft_fighter",
      "transform": [
        [0.599668,0.0,0.800249],
        [0.0,1.0,-0.0],
        [-0.800249,0.0,0.599668],
        [-3324.02,1000.0,-3851.24]
      ],
      "team": 1,
      "maxVehicleOnSpawn": 1,
      "respTime": 120
    }
  },
  {
    "entity": {
      "_template": "respAircraftInAir",
      "respawnbaseType": "aircraft_assault",
      "transform": [
        [0.568544,0.0,0.822653],
        [0.0,1.0,-0.0],
        [-0.822653,0.0,0.568544],
        [-3209.16,800.0,-3952.23]
      ],
      "team": 1,
      "maxVehicleOnSpawn": 1,
      "respTime": 120
    }
  },
  {
    "entity": {
      "_template": "respAircraftInAir",
      "respawnbaseType": "aircraft_fighter",
      "transform": [
        [0.568544,0.0,0.822653],
        [0.0,1.0,-0.0],
        [-0.822653,0.0,0.568544],
        [-3209.16,1000.0,-3952.23]
      ],
      "team": 1,
      "maxVehicleOnSpawn": 1,
      "respTime": 120
    }
  },
  {
    "entity": {
      "_template": "respAircraftInAir",
      "respawnbaseType": "aircraft_assault",
      "transform": [
        [0.607446,0.0,0.794361],
        [0.0,1.0,-0.0],
        [-0.794361,0.0,0.607446],
        [-3332.98,800.0,-3817.41]
      ],
      "team": 1,
      "maxVehicleOnSpawn": 1,
      "respTime": 120
    }
  },
  {
    "entity": {
      "_template": "resupply_in_air_zone",
      "transform": [
        [-0.847798,0.0,0.53032],
        [0.0,1.0,0.0],
        [-0.53032,0.0,-0.847798],
        [-1182.96,745.956,-3918.42]
      ],
      "resupply_zone__team": 1
    }
  },
  {
    "entity": {
      "_template": "respAircraftInAir",
      "respawnbaseType": "aircraft_fighter",
      "transform": [
        [-0.601648,0.0,-0.798762],
        [0.0,1.0,0.0],
        [0.798762,0.0,-0.601648],
        [992.471,1000.0,1829.84]
      ],
      "team": 2,
      "maxVehicleOnSpawn": 1,
      "respTime": 120
    }
  },
  {
    "entity": {
      "_template": "respAircraftInAir",
      "respawnbaseType": "aircraft_assault",
      "transform": [
        [-0.624991,0.0,-0.780632],
        [0.0,1.0,0.0],
        [0.780632,0.0,-0.624991],
        [1008.82,800.0,1783.74]
      ],
      "team": 2,
      "maxVehicleOnSpawn": 1,
      "respTime": 120
    }
  },
  {
    "entity": {
      "_template": "respAircraftInAir",
      "respawnbaseType": "aircraft_fighter",
      "transform": [
        [-0.577459,0.0,-0.816419],
        [0.0,1.0,0.0],
        [0.816419,0.0,-0.577459],
        [858.342,1000.0,1896.71]
      ],
      "team": 2,
      "maxVehicleOnSpawn": 1,
      "respTime": 120
    }
  },
  {
    "entity": {
      "_template": "respAircraftInAir",
      "respawnbaseType": "aircraft_assault",
      "transform": [
        [-0.577459,0.0,-0.816419],
        [0.0,1.0,0.0],
        [0.816419,0.0,-0.577459],
        [858.342,800.0,1896.71]
      ],
      "team": 2,
      "maxVehicleOnSpawn": 1,
      "respTime": 120
    }
  },
  {
    "entity": {
      "_template": "resupply_in_air_zone",
      "transform": [
        [0.861811,0.0,-0.507229],
        [0.0,1.0,0.0],
        [0.507229,0.0,0.861811],
        [-959.094,702.252,1892.67]
      ],
      "resupply_zone__team": 2
    }
  },
  {
    "entity": {
      "_template": "group_activator",
      "activator__activateChoice:object": {
        "sector_1": 1.0
      }
    }
  },
  {
    "entity": {
      "_template": "defend_zone_chained_sphere+defend_zone_respawnbase",
      "transform": [
        [1.0,0.0,0.0],
        [0.0,1.0,0.0],
        [0.0,0.0,1.0],
        [-1008.97,14.4469,-789.511]
      ],
      "capzone__capRewardPartCap": 1.125,
      "capzone__onlyTeamCanCapture": 2,
      "capzone__curTeamCapturingZone": -1,
      "groupName": "sector_1",
      "capzone__capTime": 20.0,
      "capzone__capTeam": -1,
      "active": false,
      "capzone__decapTime": 6000.0,
      "ui_order": 5,
      "capzone__capReward": 250.0,
      "capzone__icon": "AAA",
      "capzone__caption": "capzone/church",
      "sphere_zone__radius": 16.0,
      "capzone__deactivateAfterTimeout": 25.0,
      "capzone__spawnAtZoneTimeout": 25.0,
      "capzone__createRespawnBaseForTeam": 1,
      "decal__height": 1.5,
      "decal__thickness": 0.15,
      "capzone__createRespawnBase": "respawnBaseGroupActivator",
      "capzone__createdRespawnBaseGroup": 8,
      "capzone__iconOffsetY": 3.0,
      "capzone__activateChoice:object": {
        "sector_2_a": 1.0,
        "sector_2_b": 1.0
      }
    }
  },
  {
    "entity": {
      "_template": "defend_zone_chained_sphere+defend_zone_respawnbase",
      "transform": [
        [0.938405,-0.00718248,0.0],
        [0.00765379,0.999971,0.0],
        [0.0,0.0,0.938432],
        [-1091.14,1.37103,-949.732]
      ],
      "capzone__capRewardPartCap": 1.25,
      "capzone__onlyTeamCanCapture": 2,
      "capzone__curTeamCapturingZone": -1,
      "groupName": "sector_2_a",
      "capzone__capTime": 20.0,
      "capzone__capTeam": -1,
      "active": false,
      "capzone__decapTime": 6000.0,
      "ui_order": 4,
      "capzone__capReward": 500.0,
      "capzone__icon": "AAA",
      "capzone__caption": "capzone/artillery_emplacement",
      "sphere_zone__radius": 16.0,
      "capzone__deactivateAfterTimeout": 25.0,
      "capzone__spawnAtZoneTimeout": 25.0,
      "capzone__createRespawnBaseForTeam": 1,
      "decal__height": 0.5,
      "decal__thickness": 0.15,
      "capzone__createRespawnBase": "respawnBaseGroupActivator",
      "capzone__createdRespawnBaseGroup": 6,
      "capzone__iconOffsetY": 2.5,
      "capzone__activateChoice:object": {
        "sector_3": 1.0
      }
    }
  },
  {
    "entity": {
      "_template": "defend_zone_chained_sphere+defend_zone_respawnbase",
      "transform": [
        [0.999812,-0.0192954,0.00203712],
        [0.0193491,0.999337,-0.0308519],
        [-0.00144047,0.0308855,0.999522],
        [-1169.76,0.804218,-896.756]
      ],
      "capzone__capRewardPartCap": 1.25,
      "capzone__onlyTeamCanCapture": 2,
      "capzone__curTeamCapturingZone": -1,
      "groupName": "sector_2_b",
      "capzone__capTime": 20.0,
      "capzone__capTeam": -1,
      "active": false,
      "capzone__decapTime": 6000.0,
      "ui_order": 4,
      "capzone__capReward": 500.0,
      "capzone__icon": "AAA",
      "capzone__caption": "capzone/apiary",
      "sphere_zone__radius": 15.0,
      "capzone__deactivateAfterTimeout": 25.0,
      "capzone__spawnAtZoneTimeout": 25.0,
      "capzone__createRespawnBaseForTeam": 1,
      "decal__height": 0.6,
      "decal__thickness": 0.15,
      "capzone__createRespawnBase": "respawnBaseGroupActivator",
      "capzone__createdRespawnBaseGroup": 7,
      "capzone__iconOffsetY": 2.5,
      "capzone__activateChoice:object": {
        "sector_3": 1.0
      }
    }
  },
  {
    "entity": {
      "_template": "defend_zone_chained_sphere+defend_zone_respawnbase",
      "transform": [
        [1.0,0.0,0.0],
        [0.0,1.0,0.0],
        [0.0,0.0,1.0],
        [-1187.49,0.146756,-1013.18]
      ],
      "capzone__capRewardPartCap": 1.375,
      "capzone__onlyTeamCanCapture": 2,
      "capzone__curTeamCapturingZone": -1,
      "groupName": "sector_3",
      "capzone__capTime": 20.0,
      "capzone__capTeam": -1,
      "active": false,
      "capzone__decapTime": 6000.0,
      "ui_order": 3,
      "capzone__capReward": 500.0,
      "capzone__icon": "AAA",
      "capzone__caption": "capzone/pier",
      "sphere_zone__radius": 20.0,
      "capzone__deactivateAfterTimeout": 25.0,
      "capzone__spawnAtZoneTimeout": 25.0,
      "capzone__createRespawnBaseForTeam": 1,
      "decal__height": 0.3,
      "decal__thickness": 0.15,
      "capzone__createRespawnBase": "respawnBaseGroupActivator",
      "capzone__createdRespawnBaseGroup": 5,
      "capzone__iconOffsetY": 2.0,
      "capzone__activateChoice:object": {
        "sector_4": 1.0
      }
    }
  },
  {
    "entity": {
      "_template": "defend_zone_chained_sphere+defend_zone_respawnbase",
      "transform": [
        [0.872922,0.0,0.211367],
        [0.0,1.0,0.0],
        [-0.235336,0.0,0.971914],
        [-1199.43,0.105195,-1148.95]
      ],
      "capzone__capRewardPartCap": 1.5,
      "capzone__onlyTeamCanCapture": 2,
      "capzone__curTeamCapturingZone": -1,
      "groupName": "sector_4",
      "capzone__capTime": 20.0,
      "capzone__capTeam": -1,
      "active": false,
      "capzone__decapTime": 6000.0,
      "ui_order": 2,
      "capzone__capReward": 500.0,
      "capzone__icon": "AAA",
      "capzone__caption": "capzone/hut",
      "sphere_zone__radius": 12.0,
      "capzone__deactivateAfterTimeout": 25.0,
      "capzone__spawnAtZoneTimeout": 25.0,
      "capzone__createRespawnBaseForTeam": 1,
      "decal__height": 1.0,
      "decal__thickness": 0.15,
      "capzone__createRespawnBase": "respawnBaseGroupActivator",
      "capzone__createdRespawnBaseGroup": 4,
      "capzone__iconOffsetY": 2.5,
      "capzone__activateChoice:object": {
        "sector_5": 1.0
      }
    }
  },
  {
    "entity": {
      "_template": "defend_zone_chained_sphere+defend_zone_respawnbase",
      "transform": [
        [0.963643,0.0,-0.596015],
        [0.0,1.0,0.0],
        [0.735037,0.0,1.18841],
        [-1306.83,3.17912,-1242.15]
      ],
      "capzone__capRewardPartCap": 1.0,
      "capzone__onlyTeamCanCapture": 2,
      "capzone__curTeamCapturingZone": -1,
      "groupName": "sector_5",
      "capzone__capTime": 20.0,
      "capzone__capTeam": -1,
      "active": false,
      "capzone__decapTime": 6000.0,
      "ui_order": 1,
      "capzone__capReward": 500.0,
      "capzone__icon": "AAA",
      "capzone__caption": "capzone/trench_bunker",
      "capzone__deactivateAfterTimeout": 25.0,
      "capzone__spawnAtZoneTimeout": 25.0,
      "capzone__createRespawnBaseForTeam": 1,
      "sphere_zone__radius": 18.0,
      "decal__height": 0.5,
      "decal__thickness": 0.15,
      "capzone__createRespawnBase": "respawnBaseGroupActivator",
      "capzone__createdRespawnBaseGroup": 3
    }
  },
  {
    "entity": {
      "_template": "respawnChooser+respTeam1",
      "transform": [
        [0.885638,0.0,0.464376],
        [0.0,1.0,-0.0],
        [-0.464376,0.0,0.885638],
        [-1386.43,5.37998,-1346.59]
      ],
      "groupName": "sector_5",
      "respawnBaseGroup": 1,
      "active": false
    }
  },
  {
    "entity": {
      "_template": "respawnChooser+respTeam1",
      "transform": [
        [0.997082,0.0,-0.0763291],
        [0.0,1.0,0.0],
        [0.0763291,-0.0,0.997082],
        [-1428.88,4.76784,-1324.68]
      ],
      "groupName": "sector_5",
      "respawnBaseGroup": 1,
      "active": false
    }
  },
  {
    "entity": {
      "_template": "respawnChooser+respTeam1",
      "transform": [
        [0.90022,0.0,0.435435],
        [0.0,1.0,-0.0],
        [-0.435435,0.0,0.90022],
        [-1449.57,6.57711,-1300.09]
      ],
      "groupName": "sector_5",
      "respawnBaseGroup": 1,
      "active": false
    }
  },
  {
    "entity": {
      "_template": "respawnChooser+respVehicle",
      "transform": [
        [0.887065,0.0,0.461646],
        [0.0,1.0,0.0],
        [-0.461646,0.0,0.887065],
        [-1486.61,5.85713,-1341.55]
      ],
      "respTime": 150,
      "groupName": "sector_5",
      "team": 1,
      "maxVehicleOnSpawn": 2,
      "respawnBaseGroup": 1,
      "active": false
    }
  },
  {
    "entity": {
      "_template": "respawnChooser+respTeam2",
      "transform": [
        [-0.785874,0.0,-0.618386],
        [0.0,1.0,0.0],
        [0.618386,0.0,-0.785874],
        [-1161.92,1.72525,-1140.24]
      ],
      "groupName": "sector_5",
      "respawnBaseGroup": 1,
      "active": false
    }
  },
  {
    "entity": {
      "_template": "respawnChooser+respTeam2",
      "transform": [
        [-0.564432,0.0,-0.82548],
        [0.0,1.0,0.0],
        [0.82548,0.0,-0.564432],
        [-1179.33,1.71256,-1129.08]
      ],
      "groupName": "sector_5",
      "respawnBaseGroup": 1,
      "active": false
    }
  },
  {
    "entity": {
      "_template": "respawnChooser+respTeam2",
      "transform": [
        [-0.0417864,0.0,-0.999126],
        [0.0,1.0,0.0],
        [0.999126,0.0,-0.0417864],
        [-1165.65,3.56398,-1186.91]
      ],
      "groupName": "sector_5",
      "active": false
    }
  },
  {
    "entity": {
      "_template": "respawnChooser+respVehicle",
      "transform": [
        [-0.999412,0.0,-0.0343396],
        [0.0,1.0,0.0],
        [0.0343396,0.0,-0.999412],
        [-1106.64,1.37477,-1172.61]
      ],
      "respTime": 150,
      "groupName": "sector_5",
      "team": 2,
      "maxVehicleOnSpawn": 2,
      "respawnBaseGroup": 1,
      "active": false
    }
  },
  {
    "entity": {
      "_template": "respawnChooser+respTeam1",
      "transform": [
        [0.552066,0.0,0.8338],
        [0.0,1.0,0.0],
        [-0.8338,0.0,0.552066],
        [-1307.07,1.93645,-1241.85]
      ],
      "groupName": "sector_4",
      "respawnBaseGroup": 1,
      "active": false
    }
  },
  {
    "entity": {
      "_template": "respawnChooser+respTeam1",
      "transform": [
        [0.546582,0.0,0.837405],
        [0.0,1.0,-0.0],
        [-0.837405,0.0,0.546582],
        [-1276.77,1.94852,-1257.2]
      ],
      "groupName": "sector_4",
      "respawnBaseGroup": 1,
      "active": false
    }
  },
  {
    "entity": {
      "_template": "respawnChooser+respTeam1",
      "transform": [
        [0.999157,0.0,0.0410486],
        [0.0,1.0,-0.0],
        [-0.0410486,0.0,0.999157],
        [-1327.27,1.16055,-1206.31]
      ],
      "groupName": "sector_4",
      "respawnBaseGroup": 1,
      "active": false
    }
  },
  {
    "entity": {
      "_template": "respawnChooser+respVehicle",
      "transform": [
        [0.620794,0.0,0.783976],
        [0.0,1.0,0.0],
        [-0.783976,0.0,0.620794],
        [-1388.1,3.0511,-1230.63]
      ],
      "respTime": 150,
      "groupName": "sector_4",
      "team": 1,
      "maxVehicleOnSpawn": 2,
      "respawnBaseGroup": 1,
      "active": false
    }
  },
  {
    "entity": {
      "_template": "respawnChooser+respTeam2",
      "transform": [
        [0.395764,0.0,-0.918351],
        [0.0,1.0,0.0],
        [0.918351,0.0,0.395764],
        [-1189.99,2.72775,-998.711]
      ],
      "groupName": "sector_4",
      "respawnBaseGroup": 1,
      "active": false
    }
  },
  {
    "entity": {
      "_template": "respawnChooser+respTeam2",
      "transform": [
        [-0.974431,0.0,-0.224683],
        [0.0,1.0,0.0],
        [0.224683,0.0,-0.974431],
        [-1173.18,1.61689,-1010.53]
      ],
      "groupName": "sector_4",
      "respawnBaseGroup": 1,
      "active": false
    }
  },
  {
    "entity": {
      "_template": "respawnChooser+respTeam2",
      "transform": [
        [-0.678522,0.0,-0.73458],
        [0.0,1.0,0.0],
        [0.73458,0.0,-0.678522],
        [-1103.27,1.7654,-1033.66]
      ],
      "groupName": "sector_4",
      "respawnBaseGroup": 2,
      "active": false
    }
  },
  {
    "entity": {
      "_template": "respawnChooser+respVehicle",
      "transform": [
        [0.187159,0.0,-0.982332],
        [0.0,1.0,0.0],
        [0.982332,0.0,0.187159],
        [-1049.37,2.83887,-930.399]
      ],
      "respTime": 150,
      "groupName": "sector_4",
      "team": 2,
      "maxVehicleOnSpawn": 2,
      "respawnBaseGroup": 1,
      "active": false
    }
  },
  {
    "entity": {
      "_template": "respawnChooser+respTeam1",
      "transform": [
        [-0.735231,0.0,0.677816],
        [0.0,1.0,0.0],
        [-0.677816,0.0,-0.735231],
        [-1181.38,2.18819,-1133.93]
      ],
      "groupName": "sector_3",
      "respawnBaseGroup": 1,
      "active": false
    }
  },
  {
    "entity": {
      "_template": "respawnChooser+respVehicle",
      "transform": [
        [-0.987944,0.0,0.15482],
        [0.0,1.0,0.0],
        [-0.15482,0.0,-0.987944],
        [-1087.1,1.6486,-1177.89]
      ],
      "respTime": 150,
      "groupName": "sector_3",
      "team": 1,
      "maxVehicleOnSpawn": 2,
      "respawnBaseGroup": 1,
      "active": false
    }
  },
  {
    "entity": {
      "_template": "respawnChooser+respTeam2",
      "transform": [
        [-0.839093,0.0,-0.543987],
        [0.0,1.0,0.0],
        [0.543987,0.0,-0.839093],
        [-1060.3,2.01944,-957.806]
      ],
      "groupName": "sector_3",
      "respawnBaseGroup": 1,
      "active": false
    }
  },
  {
    "entity": {
      "_template": "respawnChooser+respTeam2",
      "transform": [
        [-0.951329,0.0,-0.308175],
        [0.0,1.0,0.0],
        [0.308175,0.0,-0.951329],
        [-1064.9,2.76382,-963.1]
      ],
      "groupName": "sector_3",
      "respawnBaseGroup": 1,
      "active": false
    }
  },
  {
    "entity": {
      "_template": "respawnChooser+respTeam2",
      "transform": [
        [0.142994,0.0,-0.989723],
        [0.0,1.0,0.0],
        [0.989722,-0.0,0.142994],
        [-1144.14,0.98555,-871.465]
      ],
      "groupName": "sector_3",
      "respawnBaseGroup": 2,
      "active": false
    }
  },
  {
    "entity": {
      "_template": "respawnChooser+respTeam2",
      "transform": [
        [-0.568645,0.0,-0.822581],
        [0.0,1.0,0.0],
        [0.822581,0.0,-0.568645],
        [-1183.65,2.78863,-879.558]
      ],
      "groupName": "sector_3",
      "respawnBaseGroup": 2,
      "active": false
    }
  },
  {
    "entity": {
      "_template": "respawnChooser+respVehicle",
      "transform": [
        [0.162571,0.0,-0.986698],
        [0.0,1.0,0.0],
        [0.986698,0.0,0.162571],
        [-1098.12,2.31368,-842.316]
      ],
      "respTime": 150,
      "groupName": "sector_3",
      "team": 2,
      "maxVehicleOnSpawn": 2,
      "respawnBaseGroup": 1,
      "active": false
    }
  },
  {
    "entity": {
      "_template": "respawnChooser+respTeam1",
      "transform": [
        [0.97447,0.0,0.224516],
        [0.0,1.0,0.0],
        [-0.224516,0.0,0.97447],
        [-1185.35,1.5241,-1028.16]
      ],
      "groupName": "sector_2_a",
      "respawnBaseGroup": 1,
      "active": false
    }
  },
  {
    "entity": {
      "_template": "respawnChooser+respTeam1",
      "transform": [
        [0.946831,0.0,0.321732],
        [0.0,1.0,0.0],
        [-0.321732,0.0,0.946831],
        [-1194.35,2.79353,-1001.06]
      ],
      "groupName": "sector_2_a",
      "respawnBaseGroup": 1,
      "active": false
    }
  },
  {
    "entity": {
      "_template": "respawnChooser+respVehicle",
      "transform": [
        [0.923834,0.0,0.382795],
        [0.0,1.0,-0.0],
        [-0.382795,0.0,0.923834],
        [-1196.2,1.4707,-1127.76]
      ],
      "respTime": 150,
      "groupName": "sector_2_a",
      "team": 1,
      "maxVehicleOnSpawn": 2,
      "respawnBaseGroup": 1,
      "active": false
    }
  },
  {
    "entity": {
      "_template": "respawnChooser+respTeam2",
      "transform": [
        [-0.885396,0.0,-0.464836],
        [0.0,1.0,0.0],
        [0.464836,0.0,-0.885396],
        [-1061.64,7.73366,-808.22]
      ],
      "groupName": "sector_2_a",
      "respawnBaseGroup": 1,
      "active": false
    }
  },
  {
    "entity": {
      "_template": "respawnChooser+respTeam2",
      "transform": [
        [0.137778,0.0,-0.990463],
        [0.0,1.0,0.0],
        [0.990463,-0.0,0.137778],
        [-1096.94,2.95876,-799.923]
      ],
      "groupName": "sector_2_a",
      "respawnBaseGroup": 1,
      "active": false
    }
  },
  {
    "entity": {
      "_template": "respawnChooser+respVehicle",
      "transform": [
        [0.471815,0.0,-0.881699],
        [0.0,1.0,0.0],
        [0.881699,0.0,0.471815],
        [-1155.52,3.77514,-746.674]
      ],
      "respTime": 150,
      "groupName": "sector_2_a",
      "team": 2,
      "maxVehicleOnSpawn": 2,
      "respawnBaseGroup": 1,
      "active": false
    }
  },
  {
    "entity": {
      "_template": "respawnChooser+respTeam1",
      "transform": [
        [-0.0631187,0.0,0.998006],
        [0.0,1.0,0.0],
        [-0.998006,0.0,-0.0631187],
        [-1171.94,1.5241,-1016.19]
      ],
      "groupName": "sector_2_b",
      "respawnBaseGroup": 1,
      "active": false
    }
  },
  {
    "entity": {
      "_template": "respawnChooser+respTeam1",
      "transform": [
        [-0.110715,0.0,0.993852],
        [0.0,1.0,0.0],
        [-0.993852,0.0,-0.110715],
        [-1180.55,1.03207,-1026.84]
      ],
      "groupName": "sector_2_b",
      "respawnBaseGroup": 1,
      "active": false
    }
  },
  {
    "entity": {
      "_template": "respawnChooser+respVehicle",
      "transform": [
        [-0.703908,0.0,0.710293],
        [0.0,1.0,0.0],
        [-0.710293,0.0,-0.703908],
        [-1043.49,1.66373,-1069.44]
      ],
      "respTime": 150,
      "groupName": "sector_2_b",
      "team": 1,
      "maxVehicleOnSpawn": 2,
      "respawnBaseGroup": 1,
      "active": false
    }
  },
  {
    "entity": {
      "_template": "respawnChooser+respTeam2",
      "transform": [
        [-0.28696,0.0,-0.957942],
        [0.0,1.0,0.0],
        [0.957942,0.0,-0.28696],
        [-1085.88,2.83548,-767.382]
      ],
      "groupName": "sector_2_b",
      "respawnBaseGroup": 1,
      "active": false
    }
  },
  {
    "entity": {
      "_template": "respawnChooser+respTeam2",
