[
  {
    "import": [
      {
        "scene": "content/enlisted/gamedata/scenes/_volokolamsk_sounds.blk"
      },
      {
        "scene": "content/enlisted/gamedata/scenes/_volokolamsk_autumn_gpu_objects.blk"
      },
      {
        "scene": "content/enlisted/gamedata/scenes/_volokolamsk_autumn_biome_fx.blk"
      }
    ]
  },
  {
    "entity": {
      "_template": "wind"
    }
  },
  {
    "entity": {
      "_template": "postfx_color_grading_tonemap_death_alive_enlisted"
    }
  },
  {
    "entity": {
      "_template": "shaderVars",
      "shader_vars__vars:object": {
        "hmap_displacement_up": 0.3,
        "ocean1": "#8e894700",
        "ocean0": "#4c3f0500",
        "ocean_density": 0.1,
        "land_selfillum_worldscale": 0.9,
        "river1": "#8e894700",
        "river0": "#4c3f0500",
        "hmap_displacement_down": -0.15,
        "puddle_flat_hmap_reduce": 0.03,
        "autodetect_land_selfillum_color": [0.53,0.0,0.0,0.16],
        "paint_details_tex": "volokolamsk_building_colors_tex_palette*",
        "land_selfillum_strength": 32.0,
        "water_color_noise_size": 71.0,
        "river_density": 0.3
      }
    }
  },
  {
    "entity": {
      "_template": "postfx_roundctrl"
    }
  },
  {
    "entity": {
      "_template": "door_mult_ent_generator",
      "ri_extra_gen__blk": "content/enlisted/gamedata/volokolamsk_doors.blk"
    }
  },
  {
    "entity": {
      "_template": "session_finalizer",
      "session_finalizer__timer": 10.0
    }
  },
  {
    "entity": {
      "_template": "minimap_battle_of_moscow_volokolamsk_countryside_autumn"
    }
  },
  {
    "entity": {
      "_template": "briefing_invasion",
      "mission_name": "volokolamsk_forestry_inv",
      "loading_images:list<t>": [
        {
          "item": "ui/volokolamsk_forestery_01.avif"
        },
        {
          "item": "ui/volokolamsk_forestery_02.avif"
        },
        {
          "item": "ui/volokolamsk_forestery_03.avif"
        }
      ]
    }
  },
  {
    "entity": {
      "_template": "team_germany_winter+team_narrator_invasion_defence+respawn_creators_team",
      "team__countAdd": 0.5,
      "team__memberCount": 0.5,
      "team__scoreCap": 5000.0,
      "team__capturePenalty": 1001.0,
      "team__score": 5000.0,
      "team__id": 2,
      "team__briefing": "invasion/defenders_goals",
      "team__winSubtitle": "debriefing/won_defence_subtitle",
      "team__loseSubtitle": "debriefing/lost_defence_subtitle",
      "team__winTitle": "debriefing/ger_won_defence",
      "team__spawnBotArmy": "moscow_axis"
    }
  },
  {
    "entity": {
      "_template": "team_ussr+team_narrator_invasion_attack+respawn_creators_team",
      "team__memberCount": 0.0,
      "team__scoreCap": 2000.0,
      "team__score": 2000.0,
      "team__squadSpawnCost": 250,
      "team__firstSpawnCostMul": 0.0,
      "team__zeroScoreFailTimer": 60.0,
      "team__id": 1,
      "team__briefing": "invasion/attackers_goals",
      "team__winSubtitle": "debriefing/won_invasion_subtitle",
      "team__loseSubtitle": "debriefing/lost_invasion_subtitle",
      "team__winTitle": "debriefing/ussr_won_invasion",
      "team__spawnBotArmy": "moscow_allies"
    }
  },
  {
    "entity": {
      "_template": "group_activator",
      "activator__activateChoice:object": {
        "sector_1": 1.0
      }
    }
  },
  {
    "entity": {
      "_template": "enemy_attack_marker"
    }
  },
  {
    "entity": {
      "_template": "static_cam",
      "camera__active": true,
      "transform": [
        [-0.990861,0.000995147,-0.13488],
        [0.0206485,0.989305,-0.144388],
        [0.133294,-0.145854,-0.980286],
        [-1078.37,19.2593,139.317]
      ]
    }
  },
  {
    "entity": {
      "_template": "respawn_camera",
      "respawnCameraForTeam": 1,
      "transform": [
        [1.0,0.0,0.0],
        [0.0,1.0,0.0],
        [0.0,0.0,1.0],
        [-581.887,320.045,-283.654]
      ]
    }
  },
  {
    "entity": {
      "_template": "respawn_camera",
      "respawnCameraForTeam": 2,
      "transform": [
        [1.0,0.0,0.0],
        [0.0,1.0,0.0],
        [0.0,0.0,1.0],
        [-1069.61,296.286,193.787]
      ]
    }
  },
  {
    "entity": {
      "_template": "defend_zone_chained_sphere+defend_zone_respawnbase",
      "capzone__capRewardPartCap": 1.125,
      "capzone__onlyTeamCanCapture": 1,
      "capzone__curTeamCapturingZone": -1,
      "groupName": "sector_1",
      "capzone__capTime": 65.0,
      "capzone__capTeam": -1,
      "transform": [
        [1.07272,0.0,-0.396382],
        [0.0,1.0,0.0],
        [0.346607,-0.0,0.93801],
        [-1227.28,4.60296,160.059]
      ],
      "active": false,
      "capzone__decapTime": 6000.0,
      "ui_order": 1,
      "capzone__capReward": 250.0,
      "capzone__icon": "AAA",
      "capzone__caption": "capzone/artillery_emplacement",
      "sphere_zone__radius": 25.0,
      "capzone__deactivateAfterTimeout": 25.0,
      "capzone__spawnAtZoneTimeout": 25.0,
      "capzone__createRespawnBaseForTeam": 2,
      "decal__height": 1.0,
      "decal__thickness": 0.4,
      "capzone__createRespawnBase": "respawnBaseGroupActivator",
      "capzone__createdRespawnBaseGroup": 3,
      "capzone__iconOffsetY": 2.5,
      "capzone__activateChoice:object": {
        "sector_2": 1.0,
        "sector_2_b": 1.0
      }
    }
  },
  {
    "entity": {
      "_template": "defend_zone_chained_box+defend_zone_respawnbase",
      "capzone__capRewardPartCap": 1.25,
      "capzone__onlyTeamCanCapture": 1,
      "capzone__curTeamCapturingZone": -1,
      "groupName": "sector_2",
      "capzone__capTime": 90.0,
      "capzone__capTeam": -1,
      "transform": [
        [20.0968,0.0,-30.8061],
        [0.0,3.93475,0.0],
        [13.2608,0.0,8.65085],
        [-1063.38,4.43999,51.3251]
      ],
      "active": false,
      "capzone__decapTime": 6000.0,
      "ui_order": 1,
      "capzone__capReward": 250.0,
      "capzone__icon": "AAA",
      "capzone__caption": "capzone/lumber_plant",
      "capzone__deactivateAfterTimeout": 25.0,
      "capzone__spawnAtZoneTimeout": 25.0,
      "capzone__createRespawnBaseForTeam": 2,
      "decal__height": 0.5,
      "decal__thickness": 0.4,
      "capzone__createRespawnBase": "respawnBaseGroupActivator",
      "capzone__createdRespawnBaseGroup": 4,
      "capzone__activateChoice:object": {
        "sector_3": 3.0,
        "sector_3_b": 1.0
      }
    }
  },
  {
    "entity": {
      "_template": "defend_zone_chained_sphere+defend_zone_respawnbase",
      "capzone__capRewardPartCap": 1.375,
      "capzone__onlyTeamCanCapture": 1,
      "capzone__curTeamCapturingZone": -1,
      "groupName": "sector_3",
      "capzone__capTime": 90.0,
      "capzone__capTeam": -1,
      "transform": [
        [1.0,0.0,0.0],
        [0.0,1.0,0.0],
        [0.0,0.0,1.0],
        [-929.59,2.23869,39.0777]
      ],
      "active": false,
      "capzone__decapTime": 6000.0,
      "ui_order": 1,
      "capzone__capReward": 250.0,
      "capzone__icon": "AAA",
      "capzone__caption": "capzone/sawmill",
      "sphere_zone__radius": 20.0,
      "capzone__deactivateAfterTimeout": 25.0,
      "capzone__spawnAtZoneTimeout": 25.0,
      "capzone__createRespawnBaseForTeam": 2,
      "decal__height": 2.0,
      "decal__thickness": 0.4,
      "capzone__createRespawnBase": "respawnBaseGroupActivator",
      "capzone__createdRespawnBaseGroup": 5,
      "capzone__iconOffsetY": 2.0,
      "capzone__activateChoice:object": {
        "sector_4": 1.0,
        "sector_4_b": 1.0
      }
    }
  },
  {
    "entity": {
      "_template": "defend_zone_chained_sphere+defend_zone_respawnbase",
      "capzone__capRewardPartCap": 1.5,
      "capzone__onlyTeamCanCapture": 1,
      "capzone__curTeamCapturingZone": -1,
      "groupName": "sector_4",
      "capzone__capTime": 90.0,
      "capzone__capTeam": -1,
      "transform": [
        [1.0,0.0,0.0],
        [0.0,1.0,0.0],
        [0.0,0.0,1.0],
        [-791.826,10.3451,-29.3891]
      ],
      "active": false,
      "capzone__decapTime": 6000.0,
      "ui_order": 1,
      "capzone__capReward": 250.0,
      "capzone__icon": "AAA",
      "capzone__caption": "capzone/pumping_station",
      "sphere_zone__radius": 15.0,
      "capzone__deactivateAfterTimeout": 25.0,
      "capzone__spawnAtZoneTimeout": 25.0,
      "capzone__createRespawnBaseForTeam": 2,
      "decal__height": 3.0,
      "decal__thickness": 0.4,
      "capzone__createRespawnBase": "respawnBaseGroupActivator",
      "capzone__createdRespawnBaseGroup": 6,
      "capzone__iconOffsetY": 3.0,
      "capzone__activateChoice:object": {
        "sector_5": 1.0
      }
    }
  },
  {
    "entity": {
      "_template": "defend_zone_chained_sphere+defend_zone_respawnbase",
      "capzone__capRewardPartCap": 1.5,
      "capzone__onlyTeamCanCapture": 1,
      "capzone__curTeamCapturingZone": -1,
      "groupName": "sector_4_c",
      "capzone__capTime": 90.0,
      "capzone__capTeam": -1,
      "transform": [
        [1.0,0.0,0.0],
        [0.0,1.0,0.0],
        [0.0,0.0,1.0],
        [-791.826,10.3451,-29.3891]
      ],
      "active": false,
      "capzone__decapTime": 6000.0,
      "ui_order": 1,
      "capzone__capReward": 250.0,
      "capzone__icon": "AAA",
      "capzone__caption": "capzone/pumping_station",
      "sphere_zone__radius": 15.0,
      "capzone__deactivateAfterTimeout": 25.0,
      "capzone__spawnAtZoneTimeout": 25.0,
      "capzone__createRespawnBaseForTeam": 2,
      "decal__height": 3.0,
      "decal__thickness": 0.4,
      "capzone__createRespawnBase": "respawnBaseGroupActivator",
      "capzone__createdRespawnBaseGroup": 6,
      "capzone__iconOffsetY": 3.0,
      "capzone__activateChoice:object": {
        "sector_5": 1.0
      }
    }
  },
  {
    "entity": {
      "_template": "defend_zone_chained_sphere+defend_zone_respawnbase",
      "capzone__onlyTeamCanCapture": 1,
      "capzone__curTeamCapturingZone": -1,
      "groupName": "sector_5",
      "capzone__capTime": 60.0,
      "capzone__capTeam": -1,
      "transform": [
        [1.02362,0.00908744,-0.106018],
        [0.0,0.996346,0.0854029],
        [0.0569502,-0.0455195,0.53105],
        [-698.756,13.1341,-65.8774]
      ],
      "active": false,
      "capzone__decapTime": 6000.0,
      "ui_order": 1,
      "capzone__capReward": 250.0,
      "capzone__icon": "AAA",
      "capzone__caption": "capzone/station",
      "sphere_zone__radius": 22.0,
      "capzone__deactivateAfterTimeout": 25.0,
      "capzone__spawnAtZoneTimeout": 25.0,
      "capzone__createRespawnBaseForTeam": 2,
      "decal__height": 1.0,
      "decal__thickness": 0.4,
      "capzone__createRespawnBase": "respawnBaseGroupActivator",
      "capzone__createdRespawnBaseGroup": 7,
      "capzone__iconOffsetY": 3.0
    }
  },
  {
    "entity": {
      "_template": "defend_zone_chained_sphere+defend_zone_respawnbase",
      "capzone__capRewardPartCap": 1.375,
      "capzone__onlyTeamCanCapture": 1,
      "capzone__curTeamCapturingZone": -1,
      "groupName": "sector_3_b",
      "capzone__capTime": 90.0,
      "capzone__capTeam": -1,
      "transform": [
        [0.918704,0.0,0.394947],
        [0.0,1.0,0.0],
        [-0.3509,0.0,0.816245],
        [-1001.87,1.93644,-47.8768]
      ],
      "active": false,
      "capzone__decapTime": 6000.0,
      "ui_order": 1,
      "capzone__capReward": 250.0,
      "capzone__icon": "AAA",
      "capzone__caption": "capzone/barn",
      "sphere_zone__radius": 19.0,
      "capzone__deactivateAfterTimeout": 25.0,
      "capzone__spawnAtZoneTimeout": 25.0,
      "capzone__createRespawnBaseForTeam": 2,
      "decal__height": 0.7,
      "decal__thickness": 0.4,
      "capzone__createRespawnBase": "respawnBaseGroupActivator",
      "capzone__createdRespawnBaseGroup": 8,
      "capzone__iconOffsetY": 2.5,
      "capzone__activateChoice:object": {
        "sector_4_c": 1.0,
        "sector_4_b": 1.0
      }
    }
  },
  {
    "entity": {
      "_template": "respawnChooser+respTeam1",
      "transform": [
        [0.898665,0.0,0.438636],
        [0.0,1.0,0.0],
        [-0.438636,0.0,0.898665],
        [-1100.49,3.72533,14.0592]
      ],
      "groupName": "sector_3_b",
      "respawnBaseGroup": 1,
      "active": false
    }
  },
  {
    "entity": {
      "_template": "respawnChooser+respTeam1",
      "transform": [
        [0.66583,0.0,-0.746103],
        [0.0,1.0,0.0],
        [0.746103,0.0,0.66583],
        [-1069.98,3.25061,51.7061]
      ],
      "groupName": "sector_3_b",
      "respawnBaseGroup": 1,
      "active": false
    }
  },
  {
    "entity": {
      "_template": "respawnChooser+respTeam1",
      "transform": [
        [0.599325,0.0,-0.800505],
        [0.0,1.0,0.0],
        [0.800505,0.0,0.599325],
        [-1075.01,3.65713,47.7597]
      ],
      "groupName": "sector_3_b",
      "respawnBaseGroup": 1,
      "active": false
    }
  },
  {
    "entity": {
      "_template": "respawnChooser+respTeam2",
      "transform": [
        [-0.9213,0.0,0.388854],
        [0.0,1.0,0.0],
        [-0.388854,0.0,-0.9213],
        [-866.689,10.0459,-85.631]
      ],
      "groupName": "sector_3_b",
      "respawnBaseGroup": 1,
      "active": false
    }
  },
  {
    "entity": {
      "_template": "respawnChooser+respTeam2",
      "transform": [
        [-0.992947,0.0,0.118557],
        [0.0,1.0,0.0],
        [-0.118557,0.0,-0.992947],
        [-867.945,10.2739,-88.6509]
      ],
      "groupName": "sector_3_b",
      "respawnBaseGroup": 1,
      "active": false
    }
  },
  {
    "entity": {
      "_template": "respawnChooser+respTeam2",
      "transform": [
        [-0.933945,0.0,-0.357417],
        [0.0,1.0,0.0],
        [0.357417,0.0,-0.933945],
        [-891.671,4.23513,38.0754]
      ],
      "groupName": "sector_3_b",
      "respawnBaseGroup": 2,
      "active": false
    }
  },
  {
    "entity": {
      "_template": "respawnChooser+respTeam2",
      "transform": [
        [0.124524,0.0,-0.992216],
        [0.0,1.0,0.0],
        [0.992216,0.0,0.124524],
        [-887.813,3.52019,41.3608]
      ],
      "groupName": "sector_3_b",
      "respawnBaseGroup": 2,
      "active": false
    }
  },
  {
    "entity": {
      "_template": "respawnChooser+respVehicle",
      "transform": [
        [0.706063,0.0,-0.70815],
        [0.0,1.0,0.0],
        [0.70815,0.0,0.706063],
        [-1195.31,2.03584,48.7416]
      ],
      "respTime": 150,
      "groupName": "sector_3_b",
      "team": 1,
      "maxVehicleOnSpawn": 2,
      "active": false
    }
  },
  {
    "entity": {
      "_template": "respawnChooser+respVehicle",
      "transform": [
        [-0.81394,0.0,0.580949],
        [0.0,1.0,0.0],
        [-0.580949,0.0,-0.81394],
        [-771.035,12.956,-101.716]
      ],
      "respTime": 150,
      "groupName": "sector_3_b",
      "team": 2,
      "maxVehicleOnSpawn": 2,
      "active": false
    }
  },
  {
    "entity": {
      "_template": "defend_zone_chained_sphere+defend_zone_respawnbase",
      "capzone__capRewardPartCap": 1.5,
      "capzone__onlyTeamCanCapture": 1,
      "capzone__curTeamCapturingZone": -1,
      "groupName": "sector_4_b",
      "capzone__capTime": 90.0,
      "capzone__capTeam": -1,
      "transform": [
        [0.983627,0.0,-0.156584],
        [0.0,1.0,0.0],
        [0.166732,0.0,1.04737],
        [-775.766,11.3923,-65.8849]
      ],
      "sphere_zone__radius": 14.5,
      "active": false,
      "capzone__decapTime": 6000.0,
      "ui_order": 1,
      "capzone__capReward": 250.0,
      "capzone__icon": "AAA",
      "capzone__caption": "capzone/warehouse",
      "capzone__deactivateAfterTimeout": 25.0,
      "capzone__spawnAtZoneTimeout": 25.0,
      "capzone__createRespawnBaseForTeam": 2,
      "decal__height": 0.9,
      "decal__thickness": 0.4,
      "capzone__createRespawnBase": "respawnBaseGroupActivator",
      "capzone__createdRespawnBaseGroup": 9,
      "capzone__iconOffsetY": 3.0,
      "capzone__activateChoice:object": {
        "sector_5": 1.0
      }
    }
  },
  {
    "entity": {
      "_template": "respawnChooser+respTeam1",
      "transform": [
        [0.978529,0.0,-0.206113],
        [0.0,1.0,0.0],
        [0.206113,0.0,0.978529],
        [-970.992,4.11714,-52.507]
      ],
      "groupName": "sector_4_b",
      "respawnBaseGroup": 1,
      "active": false
    }
  },
  {
    "entity": {
      "_template": "respawnChooser+respTeam1",
      "transform": [
        [0.97877,0.0,0.204965],
        [0.0,1.0,0.0],
        [-0.204965,0.0,0.97877],
        [-972.706,3.90906,-41.1478]
      ],
      "groupName": "sector_4_b",
      "respawnBaseGroup": 1,
      "active": false
    }
  },
  {
    "entity": {
      "_template": "respawnChooser+respTeam1",
      "transform": [
        [0.881899,0.0,0.47144],
        [0.0,1.0,0.0],
        [-0.47144,0.0,0.881899],
        [-977.602,3.74985,17.6056]
      ],
      "groupName": "sector_4_b",
      "respawnBaseGroup": 1,
      "active": false
    }
  },
  {
    "entity": {
      "_template": "respawnChooser+respTeam2",
      "transform": [
        [-0.998683,0.0,0.0513016],
        [0.0,1.0,0.0],
        [-0.0513016,0.0,-0.998683],
        [-656.424,14.8813,-78.124]
      ],
      "groupName": "sector_4_b",
      "respawnBaseGroup": 1,
      "active": false
    }
  },
  {
    "entity": {
      "_template": "respawnChooser+respTeam2",
      "transform": [
        [-0.988402,0.0,0.151859],
        [0.0,1.0,0.0],
        [-0.151859,0.0,-0.988402],
        [-658.537,16.0011,-107.964]
      ],
      "groupName": "sector_4_b",
      "respawnBaseGroup": 1,
      "active": false
    }
  },
  {
    "entity": {
      "_template": "respawnChooser+respTeam2",
      "transform": [
        [-0.970519,0.0,0.241026],
        [0.0,1.0,0.0],
        [-0.241026,0.0,-0.970519],
        [-661.74,13.0188,-31.0503]
      ],
      "groupName": "sector_4_b",
      "respawnBaseGroup": 2,
      "active": false
    }
  },
  {
    "entity": {
      "_template": "respawnChooser+respTeam2",
      "transform": [
        [-0.585923,0.0,-0.810367],
        [0.0,1.0,0.0],
        [0.810367,0.0,-0.585923],
        [-654.971,12.1329,-31.1079]
      ],
      "groupName": "sector_4_b",
      "respawnBaseGroup": 2,
      "active": false
    }
  },
  {
    "entity": {
      "_template": "respawnChooser+respVehicle",
      "transform": [
        [0.552378,0.0,-0.833595],
        [0.0,1.0,0.0],
        [0.833595,0.0,0.552378],
        [-1035.21,3.54729,59.327]
      ],
      "respTime": 150,
      "groupName": "sector_4_b",
      "team": 1,
      "maxVehicleOnSpawn": 2,
      "active": false
    }
  },
  {
    "entity": {
      "_template": "respawnChooser+respVehicle",
      "transform": [
        [0.444995,0.0,0.895534],
        [0.0,1.0,0.0],
        [-0.895534,0.0,0.444995],
        [-662.919,15.9641,-161.871]
      ],
      "respTime": 150,
      "groupName": "sector_4_b",
      "team": 2,
      "maxVehicleOnSpawn": 2,
      "active": false
    }
  },
  {
    "entity": {
      "_template": "defend_zone_chained_box+defend_zone_respawnbase",
      "capzone__capRewardPartCap": 1.25,
      "capzone__onlyTeamCanCapture": 1,
      "capzone__curTeamCapturingZone": -1,
      "groupName": "sector_2_b",
      "capzone__capTime": 90.0,
      "capzone__capTeam": -1,
      "transform": [
        [20.0968,0.0,-30.8061],
        [0.0,3.93475,0.0],
        [13.2608,0.0,8.65085],
        [-1063.38,8.70295,51.3251]
      ],
      "active": false,
      "capzone__decapTime": 6000.0,
      "ui_order": 1,
      "capzone__capReward": 250.0,
      "capzone__icon": "AAA",
      "capzone__caption": "capzone/lumber_plant",
      "capzone__deactivateAfterTimeout": 25.0,
      "capzone__spawnAtZoneTimeout": 25.0,
      "capzone__createRespawnBaseForTeam": 2,
      "decal__height": 0.5,
      "decal__thickness": 0.4,
      "capzone__createRespawnBase": "respawnBaseGroupActivator",
      "capzone__createdRespawnBaseGroup": 10,
      "capzone__activateChoice:object": {
        "sector_3": 1.0,
        "sector_3_b": 1.0
      }
    }
  },
  {
    "entity": {
      "_template": "respawnChooser+respTeam2",
      "transform": [
        [-0.950002,0.0,-0.312243],
        [0.0,1.0,0.0],
        [0.312243,0.0,-0.950002],
        [-934.654,3.72108,39.7173]
      ],
      "groupName": "sector_2_b",
      "respawnBaseGroup": 2,
      "active": false
    }
  },
  {
    "entity": {
      "_template": "respawnChooser+respTeam2",
      "transform": [
        [-0.950002,0.0,-0.312243],
        [0.0,1.0,0.0],
        [0.312243,0.0,-0.950002],
        [-934.324,3.72108,34.467]
      ],
      "groupName": "sector_2_b",
      "respawnBaseGroup": 2,
      "active": false
    }
  },
  {
    "entity": {
      "_template": "respawnChooser+respTeam2",
      "transform": [
        [0.79814,0.0,0.602472],
        [0.0,1.0,0.0],
        [-0.602472,0.0,0.79814],
        [-998.422,3.72108,-48.6758]
      ],
      "groupName": "sector_2_b",
      "respawnBaseGroup": 1,
      "active": false
    }
  },
  {
    "entity": {
      "_template": "respawnChooser+respTeam2",
      "transform": [
        [-0.998421,0.0,0.0561837],
        [0.0,1.0,0.0],
        [-0.0561837,0.0,-0.998421],
        [-1004.34,3.72108,-50.6442]
      ],
      "groupName": "sector_2_b",
      "respawnBaseGroup": 1,
      "active": false
    }
  },
  {
    "entity": {
      "_template": "respawnChooser+respTeam1",
      "transform": [
        [0.699757,0.0,-0.714381],
        [0.0,1.0,0.0],
        [0.714381,0.0,0.699757],
        [-1237.36,5.41494,148.291]
      ],
      "groupName": "sector_2_b",
      "respawnBaseGroup": 1,
      "active": false
    }
  },
  {
    "entity": {
      "_template": "respawnChooser+respTeam1",
      "transform": [
        [0.970497,0.0,0.241112],
        [0.0,1.0,0.0],
        [-0.241112,0.0,0.970497],
        [-1233.94,4.55656,156.789]
      ],
      "groupName": "sector_2_b",
      "respawnBaseGroup": 1,
      "active": false
    }
  },
  {
    "entity": {
      "_template": "respawnChooser+respTeam1",
      "transform": [
        [0.542903,0.0,-0.839795],
        [0.0,1.0,0.0],
        [0.839795,0.0,0.542903],
        [-1156.16,4.55656,199.009]
      ],
      "groupName": "sector_2_b",
      "respawnBaseGroup": 2,
      "active": false
    }
  },
  {
    "entity": {
      "_template": "respawnChooser+respTeam1",
      "transform": [
        [0.699923,0.0,-0.714219],
        [0.0,1.0,0.0],
        [0.714219,0.0,0.699923],
        [-1173.07,4.55656,190.544]
      ],
      "groupName": "sector_2_b",
      "respawnBaseGroup": 2,
      "active": false
    }
  },
  {
    "entity": {
      "_template": "respawnChooser+respVehicle",
      "transform": [
        [-0.546797,0.0,0.837266],
        [0.0,1.0,0.0],
        [-0.837266,0.0,-0.546797],
        [-840.008,6.08136,22.6867]
      ],
      "respTime": 150,
      "groupName": "sector_2_b",
      "team": 2,
      "maxVehicleOnSpawn": 2,
      "active": false
    }
  },
  {
    "entity": {
      "_template": "respawnChooser+respVehicle",
      "transform": [
        [0.356571,0.0,-0.934269],
        [0.0,1.0,0.0],
        [0.934269,0.0,0.356571],
        [-1266.92,6.4211,184.6]
      ],
      "respTime": 150,
      "groupName": "sector_2_b",
      "team": 1,
      "maxVehicleOnSpawn": 2,
      "active": false
    }
  },
  {
    "entity": {
      "_template": "respawnChooser+respTeam2",
      "transform": [
        [-0.973316,0.0,-0.229468],
        [0.0,1.0,0.0],
        [0.229468,0.0,-0.973316],
        [-1155.61,3.6488,51.842]
      ],
      "groupName": "sector_1",
      "respawnBaseGroup": 1,
      "active": false
    }
  },
  {
    "entity": {
      "_template": "respawnChooser+respTeam2",
      "transform": [
        [0.781567,0.0,0.623821],
        [0.0,1.0,0.0],
        [-0.623821,0.0,0.781567],
        [-1150.13,3.73437,54.7579]
      ],
      "groupName": "sector_1",
      "respawnBaseGroup": 1,
      "active": false
    }
  },
  {
    "entity": {
      "_template": "respawnChooser+respTeam2",
      "transform": [
        [-0.999924,0.0,-0.012358],
        [0.0,1.0,0.0],
        [0.012358,0.0,-0.999924],
        [-1070.43,2.39525,98.9153]
      ],
      "groupName": "sector_1",
      "respawnBaseGroup": 2,
      "active": false
    }
  },
  {
    "entity": {
      "_template": "respawnChooser+respTeam2",
      "transform": [
        [-0.950002,0.0,-0.312243],
        [0.0,1.0,0.0],
        [0.312243,0.0,-0.950002],
        [-934.654,3.72108,39.7173]
      ],
      "groupName": "sector_2",
      "respawnBaseGroup": 2,
      "active": false
    }
  },
  {
    "entity": {
      "_template": "respawnChooser+respTeam2",
      "transform": [
        [-0.950002,0.0,-0.312243],
        [0.0,1.0,0.0],
        [0.312243,0.0,-0.950002],
        [-934.324,3.72108,34.467]
      ],
      "groupName": "sector_2",
      "respawnBaseGroup": 2,
      "active": false
    }
  },
  {
    "entity": {
      "_template": "respawnChooser+respTeam2",
      "transform": [
        [0.79814,0.0,0.602472],
        [0.0,1.0,0.0],
        [-0.602472,0.0,0.79814],
        [-998.422,3.72108,-48.6758]
      ],
      "groupName": "sector_2",
      "respawnBaseGroup": 1,
      "active": false
    }
  },
  {
    "entity": {
      "_template": "respawnChooser+respTeam2",
      "transform": [
        [-0.998421,0.0,0.0561837],
        [0.0,1.0,0.0],
        [-0.0561837,0.0,-0.998421],
        [-1004.34,3.72108,-50.6442]
      ],
      "groupName": "sector_2",
      "respawnBaseGroup": 1,
      "active": false
    }
  },
  {
    "entity": {
      "_template": "respawnChooser+respTeam2",
      "transform": [
        [-0.990672,0.0,0.136271],
        [0.0,1.0,0.0],
        [-0.136271,0.0,-0.990672],
        [-794.232,8.08982,32.0528]
      ],
      "groupName": "sector_3",
      "respawnBaseGroup": 2,
      "active": false
    }
  },
  {
    "entity": {
      "_template": "respawnChooser+respTeam2",
      "transform": [
        [-0.999899,0.0,-0.0142483],
        [0.0,1.0,0.0],
        [0.0142483,0.0,-0.999899],
        [-794.778,8.48363,26.735]
      ],
      "groupName": "sector_3",
      "respawnBaseGroup": 2,
      "active": false
    }
  },
  {
    "entity": {
      "_template": "respawnChooser+respTeam2",
      "transform": [
        [-0.188586,0.0,0.982057],
        [0.0,1.0,0.0],
        [-0.982057,0.0,-0.188586],
        [-846.419,9.53714,-39.3967]
      ],
      "groupName": "sector_3",
      "respawnBaseGroup": 1,
      "active": false
    }
  },
  {
    "entity": {
      "_template": "respawnChooser+respTeam2",
      "transform": [
        [-0.970312,0.0,0.241856],
        [0.0,1.0,0.0],
        [-0.241856,0.0,-0.970312],
        [-855.388,9.53714,-38.739]
      ],
      "groupName": "sector_3",
      "respawnBaseGroup": 1,
      "active": false
    }
  },
  {
    "entity": {
      "_template": "respawnChooser+respTeam2",
      "transform": [
        [-0.975229,0.0,0.2212],
        [0.0,1.0,0.0],
        [-0.2212,0.0,-0.975229],
        [-697.273,15.6403,-68.8147]
      ],
      "groupName": "sector_4",
      "respawnBaseGroup": 1,
      "active": false
    }
  },
  {
    "entity": {
      "_template": "respawnChooser+respTeam2",
      "transform": [
        [-0.999196,0.0,-0.0400975],
        [0.0,1.0,0.0],
        [0.0400975,0.0,-0.999196],
        [-698.242,15.6403,-72.09]
      ],
      "groupName": "sector_4",
      "respawnBaseGroup": 1,
      "active": false
    }
  },
  {
    "entity": {
      "_template": "respawnChooser+respTeam2",
      "transform": [
        [-0.970519,0.0,0.241026],
        [0.0,1.0,0.0],
        [-0.241026,0.0,-0.970519],
        [-661.74,13.0188,-31.0503]
      ],
      "groupName": "sector_4",
      "respawnBaseGroup": 2,
      "active": false
    }
  },
  {
    "entity": {
      "_template": "respawnChooser+respTeam2",
      "transform": [
        [-0.753334,0.0,-0.657639],
        [0.0,1.0,0.0],
        [0.657639,0.0,-0.753334],
        [-651.629,12.1329,-30.9264]
      ],
      "groupName": "sector_4",
      "respawnBaseGroup": 2,
      "active": false
    }
  },
  {
    "entity": {
      "_template": "respawnChooser+respTeam2",
      "transform": [
        [-0.975229,0.0,0.2212],
        [0.0,1.0,0.0],
        [-0.2212,0.0,-0.975229],
        [-697.273,15.6403,-68.8147]
      ],
      "groupName": "sector_4_c",
      "respawnBaseGroup": 1,
      "active": false
    }
  },
  {
    "entity": {
      "_template": "respawnChooser+respTeam2",
      "transform": [
        [-0.999196,0.0,-0.0400975],
        [0.0,1.0,0.0],
        [0.0400975,0.0,-0.999196],
        [-698.242,15.6403,-72.09]
      ],
      "groupName": "sector_4_c",
      "respawnBaseGroup": 1,
      "active": false
    }
  },
  {
    "entity": {
      "_template": "respawnChooser+respTeam2",
      "transform": [
        [-0.970519,0.0,0.241026],
        [0.0,1.0,0.0],
        [-0.241026,0.0,-0.970519],
        [-661.74,13.0188,-31.0503]
      ],
      "groupName": "sector_4_c",
      "respawnBaseGroup": 2,
      "active": false
    }
  },
  {
    "entity": {
      "_template": "respawnChooser+respTeam2",
      "transform": [
        [-0.753334,0.0,-0.657639],
        [0.0,1.0,0.0],
        [0.657639,0.0,-0.753334],
        [-651.629,12.1329,-30.9264]
      ],
      "groupName": "sector_4_c",
      "respawnBaseGroup": 2,
      "active": false
    }
  },
  {
    "entity": {
      "_template": "respawnChooser+respTeam2",
      "transform": [
        [-0.247111,0.0,0.968987],
        [0.0,1.0,0.0],
        [-0.968987,0.0,-0.247111],
        [-685.966,17.7141,-167.513]
      ],
      "groupName": "sector_5",
      "respawnBaseGroup": 1,
      "active": false
    }
  },
  {
    "entity": {
      "_template": "respawnChooser+respTeam2",
      "transform": [
        [-0.165027,0.0,0.986289],
        [0.0,1.0,0.0],
        [-0.986289,0.0,-0.165027],
        [-677.945,17.1093,-163.599]
      ],
      "groupName": "sector_5",
      "respawnBaseGroup": 1,
      "active": false
    }
  },
  {
    "entity": {
      "_template": "respawnChooser+respTeam2",
      "transform": [
        [-0.553724,0.0,0.832701],
        [0.0,1.0,0.0],
        [-0.832701,0.0,-0.553724],
        [-605.317,14.9234,-135.64]
      ],
      "groupName": "sector_5",
      "respawnBaseGroup": 2,
      "active": false
    }
  },
  {
    "entity": {
      "_template": "respawnChooser+respTeam2",
      "transform": [
        [-0.654792,0.0,0.755808],
        [0.0,1.0,0.0],
        [-0.755808,0.0,-0.654792],
        [-584.77,14.4604,-124.343]
      ],
      "groupName": "sector_5",
      "respawnBaseGroup": 2,
      "active": false
    }
  },
  {
    "entity": {
      "_template": "respawnChooser+respTeam1",
      "transform": [
        [0.605971,0.0,-0.795487],
        [0.0,1.0,0.0],
        [0.795487,0.0,0.605971],
        [-1271.47,4.63579,289.57]
      ],
      "groupName": "sector_1",
      "respawnBaseGroup": 2,
      "active": false
    }
  },
  {
    "entity": {
      "_template": "respawnChooser+respTeam1",
      "transform": [
        [0.495768,0.0,-0.868455],
        [0.0,1.0,0.0],
        [0.868455,0.0,0.495768],
        [-1281.8,5.56724,283.429]
      ],
      "groupName": "sector_1",
      "respawnBaseGroup": 2,
      "active": false
    }
  },
  {
    "entity": {
      "_template": "respawnChooser+respTeam1",
      "transform": [
        [0.791708,0.0,-0.6109],
        [0.0,1.0,0.0],
        [0.6109,0.0,0.791708],
        [-1349.49,6.09016,224.045]
      ],
      "groupName": "sector_1",
      "respawnBaseGroup": 1,
      "active": false
    }
  },
  {
    "entity": {
      "_template": "respawnChooser+respTeam1",
      "transform": [
        [0.838961,0.0419486,-0.542572],
        [-0.00429704,0.997504,0.070477],
        [0.544175,-0.056796,0.837047],
        [-1342.66,6.85213,232.864]
      ],
      "groupName": "sector_1",
      "respawnBaseGroup": 1,
      "active": false
    }
  },
  {
    "entity": {
      "_template": "respawnChooser+respTeam1",
      "transform": [
        [0.699757,0.0,-0.714381],
        [0.0,1.0,0.0],
        [0.714381,0.0,0.699757],
        [-1237.36,5.41494,148.291]
      ],
      "groupName": "sector_2",
      "respawnBaseGroup": 1,
      "active": false
    }
  },
  {
    "entity": {
      "_template": "respawnChooser+respTeam1",
      "transform": [
        [0.970497,0.0,0.241112],
        [0.0,1.0,0.0],
        [-0.241112,0.0,0.970497],
        [-1233.94,4.55656,156.789]
      ],
      "groupName": "sector_2",
      "respawnBaseGroup": 1,
      "active": false
    }
  },
  {
    "entity": {
      "_template": "respawnChooser+respTeam1",
      "transform": [
        [0.542903,0.0,-0.839795],
        [0.0,1.0,0.0],
        [0.839795,0.0,0.542903],
        [-1156.16,4.55656,199.009]
      ],
      "groupName": "sector_2",
      "respawnBaseGroup": 2,
      "active": false
    }
  },
  {
    "entity": {
      "_template": "respawnChooser+respTeam1",
      "transform": [
        [0.699923,0.0,-0.714219],
        [0.0,1.0,0.0],
        [0.714219,0.0,0.699923],
        [-1173.07,4.55656,190.544]
      ],
      "groupName": "sector_2",
      "respawnBaseGroup": 2,
      "active": false
    }
  },
  {
    "entity": {
      "_template": "respawnChooser+respTeam1",
      "transform": [
        [0.489192,0.0,-0.872176],
        [0.0,1.0,0.0],
        [0.872176,0.0,0.489192],
        [-1044.42,3.91889,107.486]
      ],
      "groupName": "sector_3",
      "respawnBaseGroup": 2,
      "active": false
    }
  },
  {
    "entity": {
      "_template": "respawnChooser+respTeam1",
      "transform": [
        [0.489192,0.0,-0.872176],
        [0.0,1.0,0.0],
        [0.872176,0.0,0.489192],
        [-1042.53,3.91889,108.138]
      ],
      "groupName": "sector_3",
      "respawnBaseGroup": 2,
      "active": false
    }
  },
  {
    "entity": {
      "_template": "respawnChooser+respTeam1",
      "transform": [
        [0.920694,0.0,0.390285],
        [0.0,1.0,0.0],
        [-0.390285,0.0,0.920694],
        [-1075.07,3.25061,47.0789]
      ],
      "groupName": "sector_3",
      "respawnBaseGroup": 1,
      "active": false
    }
  },
  {
    "entity": {
      "_template": "respawnChooser+respTeam1",
      "transform": [
        [0.873874,0.0,0.486153],
        [0.0,1.0,0.0],
        [-0.486153,0.0,0.873874],
        [-1076.75,7.76998,45.6271]
      ],
      "groupName": "sector_3",
      "respawnBaseGroup": 1,
      "active": false
    }
  },
  {
    "entity": {
      "_template": "respawnChooser+respTeam1",
      "transform": [
        [0.851458,0.0,0.524423],
        [0.0,1.0,0.0],
        [-0.524423,0.0,0.851458],
        [-1048.58,5.01895,-32.2332]
      ],
      "groupName": "sector_3",
      "respawnBaseGroup": 1,
      "active": false
    }
  },
  {
    "entity": {
      "_template": "respawnChooser+respTeam1",
      "transform": [
        [0.970619,0.0,0.240621],
        [0.0,1.0,0.0],
        [-0.240621,0.0,0.970619],
        [-931.403,3.80602,38.976]
      ],
      "groupName": "sector_4",
      "respawnBaseGroup": 2,
      "active": false
    }
  },
  {
    "entity": {
      "_template": "respawnChooser+respTeam1",
      "transform": [
        [0.867318,0.0,0.497756],
        [0.0,1.0,0.0],
        [-0.497756,0.0,0.867318],
        [-946.609,3.36279,4.16299]
      ],
      "groupName": "sector_4",
      "respawnBaseGroup": 2,
      "active": false
    }
  },
  {
    "entity": {
      "_template": "respawnChooser+respTeam1",
      "transform": [
        [0.948637,0.0,0.316368],
        [0.0,1.0,0.0],
        [-0.316368,0.0,0.948637],
        [-933.314,3.80602,44.2279]
      ],
      "groupName": "sector_4",
      "respawnBaseGroup": 2,
      "active": false
    }
  },
  {
    "entity": {
      "_template": "respawnChooser+respTeam1",
      "transform": [
        [0.953161,0.0,0.302462],
        [0.0,1.0,0.0],
        [-0.302462,0.0,0.953161],
        [-970.413,3.80602,-41.1523]
      ],
      "groupName": "sector_4_c",
      "respawnBaseGroup": 2,
      "active": false
    }
  },
  {
    "entity": {
      "_template": "respawnChooser+respTeam1",
      "transform": [
        [0.999919,0.0,-0.0127765],
        [0.0,1.0,0.0],
        [0.0127765,0.0,0.999919],
        [-966.201,4.46713,-49.0508]
      ],
      "groupName": "sector_4_c",
      "respawnBaseGroup": 2,
      "active": false
    }
  },
  {
    "entity": {
      "_template": "respawnChooser+respTeam1",
      "transform": [
        [0.90125,0.0,0.433301],
        [0.0,1.0,0.0],
        [-0.433301,0.0,0.90125],
        [-977.552,3.80602,17.6505]
      ],
      "groupName": "sector_4_c",
      "respawnBaseGroup": 2,
      "active": false
    }
  },
  {
    "entity": {
      "_template": "respawnChooser+respTeam1",
      "transform": [
        [0.299675,0.0,-0.954042],
        [0.0,1.0,0.0],
        [0.954042,0.0,0.299675],
        [-788.536,7.8033,18.7865]
      ],
      "groupName": "sector_5",
      "respawnBaseGroup": 1,
      "active": false
    }
  },
  {
    "entity": {
      "_template": "respawnChooser+respTeam1",
      "transform": [
        [0.235289,0.0,-0.971926],
        [0.0,1.0,0.0],
        [0.971926,0.0,0.235289],
        [-813.676,9.5184,-13.2633]
      ],
      "groupName": "sector_5",
      "respawnBaseGroup": 1,
      "active": false
    }
  },
  {
    "entity": {
      "_template": "respAircraftInAir",
      "respawnbaseType": "aircraft_fighter",
      "transform": [
        [-0.225008,0.0,-0.974357],
        [0.0,1.0,0.0],
        [0.974357,0.0,-0.225008],
        [-624.161,1000.0,2748.41]
      ],
      "team": 1,
      "maxVehicleOnSpawn": 1,
      "respTime": 120
    }
  },
  {
    "entity": {
      "_template": "respAircraftInAir",
      "respawnbaseType": "aircraft_assault",
      "transform": [
        [-0.143727,0.0,-0.989618],
        [0.0,1.0,0.0],
        [0.989618,0.0,-0.143727],
        [-791.056,800.0,2745.04]
      ],
      "team": 1,
      "maxVehicleOnSpawn": 1,
      "respTime": 120
    }
  },
  {
    "entity": {
      "_template": "respAircraftInAir",
      "respawnbaseType": "aircraft_fighter",
      "transform": [
        [-0.171002,0.0,-0.985271],
        [0.0,1.0,0.0],
        [0.985271,0.0,-0.171002],
        [-791.056,1000.0,2745.04]
      ],
      "team": 1,
      "maxVehicleOnSpawn": 1,
      "respTime": 120
    }
  },
  {
    "entity": {
      "_template": "respAircraftInAir",
      "respawnbaseType": "aircraft_assault",
      "transform": [
        [-0.233325,0.0,-0.972399],
        [0.0,1.0,0.0],
        [0.972399,0.0,-0.233325],
        [-596.995,800.0,2750.45]
      ],
      "team": 1,
      "maxVehicleOnSpawn": 1,
      "respTime": 120
    }
  },
  {
    "entity": {
      "_template": "resupply_in_air_zone",
      "transform": [
        [-0.157002,0.0,-0.987599],
        [0.0,1.0,0.0],
        [0.987599,0.0,-0.157002],
        [-2099.59,1000.0,3130.97]
      ],
      "resupply_zone__team": 1
    }
  },
  {
    "entity": {
      "_template": "respAircraftInAir",
      "respawnbaseType": "aircraft_fighter",
      "transform": [
        [-0.659672,0.0,0.751553],
        [0.0,1.0,0.0],
        [-0.751553,0.0,-0.659672],
        [941.199,1000.0,-1638.53]
      ],
      "team": 2,
      "maxVehicleOnSpawn": 1,
      "respTime": 120
    }
  },
  {
    "entity": {
      "_template": "respAircraftInAir",
      "respawnbaseType": "aircraft_assault",
      "transform": [
        [-0.751345,0.0,0.659908],
        [0.0,1.0,0.0],
        [-0.659908,0.0,-0.751345],
        [941.199,800.0,-1638.53]
      ],
      "team": 2,
      "maxVehicleOnSpawn": 1,
      "respTime": 120
    }
  },
  {
    "entity": {
      "_template": "respAircraftInAir",
      "respawnbaseType": "aircraft_fighter",
      "transform": [
        [-0.72529,0.0,0.688442],
        [0.0,1.0,0.0],
        [-0.688442,0.0,-0.72529],
        [813.414,1000.0,-1657.64]
      ],
      "team": 2,
      "maxVehicleOnSpawn": 1,
      "respTime": 120
    }
  },
  {
    "entity": {
      "_template": "respAircraftInAir",
      "respawnbaseType": "aircraft_assault",
      "transform": [
        [-0.717527,0.0,0.696529],
        [0.0,1.0,0.0],
