[
  {
    "import": [
      {
        "scene": "content/enlisted/gamedata/scenes/_volokolamsk_sounds.blk"
      },
      {
        "scene": "content/enlisted/gamedata/scenes/_volokolamsk_winter_biome_fx.blk"
      },
      {
        "scene": "content/enlisted/gamedata/scenes/_volokolamsk_winter_benchmark_fx.blk"
      }
    ]
  },
  {
    "entity": {
      "_template": "box_battle_area",
      "transform": [
        [502.989,0.0,-195.419],
        [0.0,85.5262,0.0],
        [142.908,0.0,353.669],
        [-135.154,18.0377,17.8437]
      ],
      "battle_area__team": 1,
      "battle_area__timeToDamage": 5.0,
      "battle_area__damage": 3.0
    }
  },
  {
    "entity": {
      "_template": "box_battle_area",
      "transform": [
        [505.464,0.0,-216.895],
        [0.0,85.5262,0.0],
        [158.112,0.0,355.216],
        [-229.631,18.0377,-198.874]
      ],
      "battle_area__team": 2,
      "battle_area__timeToDamage": 5.0,
      "battle_area__damage": 3.0
    }
  },
  {
    "entity": {
      "_template": "aircraft_box_battle_area",
      "transform": [
        [6190.42,0.0,-2409.85],
        [0.0,3713.36,0.0],
        [2945.27,0.0,7565.77],
        [-87.9883,240.916,-144.861]
      ],
      "battle_area__timeToDamage": 30.0,
      "battle_area__damage": 1.0,
      "battle_area__team": -1
    }
  },
  {
    "entity": {
      "_template": "minimap_battle_of_moscow_volokolamsk_countryside_winter"
    }
  },
  {
    "entity": {
      "_template": "postfx_color_grading_tonemap_death_alive_enlisted"
    }
  },
  {
    "entity": {
      "_template": "shaderVars",
      "shader_vars__vars:object": {
        "hmap_displacement_up": 0.3,
        "ocean1": "#8e894700",
        "ocean0": "#4c3f0500",
        "ocean_density": 0.1,
        "river1": "#8e894700",
        "river0": "#4c3f0500",
        "hmap_displacement_down": -0.15,
        "puddle_flat_hmap_reduce": 0.03,
        "paint_details_tex": "volokolamsk_building_colors_tex_palette*",
        "water_color_noise_size": 71.0,
        "river_density": 0.3
      }
    }
  },
  {
    "entity": {
      "_template": "postfx_roundctrl"
    }
  },
  {
    "entity": {
      "_template": "door_mult_ent_generator",
      "ri_extra_gen__blk": "content/e_moscow/gamedata/volokolamsk_doors.blk"
    }
  },
  {
    "entity": {
      "_template": "session_finalizer",
      "session_finalizer__timer": 10.0
    }
  },
  {
    "entity": {
      "_template": "briefing_domination",
      "mission_name": "volokolamsk_monastery_dom",
      "loading_images:list<t>": [
        {
          "item": "ui/volokolamsk_monastery_01.jpg"
        },
        {
          "item": "ui/volokolamsk_monastery_02.jpg"
        },
        {
          "item": "ui/volokolamsk_monastery_03.jpg"
        }
      ]
    }
  },
  {
    "entity": {
      "_template": "spawn_switcher",
      "swapProbability": 0.5,
      "team1": 2,
      "team2": 1
    }
  },
  {
    "entity": {
      "_template": "team_ussr+team_narrator_domination+respawn_creators_team",
      "team__id": 1,
      "team__score": 2800.0,
      "team__scoreCap": 2800.0,
      "score_bleed__domBleed": 0.0,
      "score_bleed__domBleedOn": false,
      "score_bleed__totalDomZoneCount": 5,
      "score_bleed__totalDomBleedMul": 2.0,
      "score_bleed__totalDomBleedOn": false,
      "team__briefing": "domination/common_goals",
      "team__numZonesCaptured": 0,
      "team__deathPenalty": 0.0,
      "team__spawnBotArmy": "moscow_allies"
    }
  },
  {
    "entity": {
      "_template": "team_germany_winter+team_narrator_domination+respawn_creators_team",
      "team__id": 2,
      "team__score": 2800.0,
      "team__scoreCap": 2800.0,
      "score_bleed__domBleed": 0.0,
      "score_bleed__domBleedOn": false,
      "score_bleed__totalDomZoneCount": 5,
      "score_bleed__totalDomBleedMul": 2.0,
      "score_bleed__totalDomBleedOn": false,
      "team__briefing": "domination/common_goals",
      "team__numZonesCaptured": 0,
      "team__deathPenalty": 0.0,
      "team__spawnBotArmy": "moscow_axis"
    }
  },
  {
    "entity": {
      "_template": "enemy_attack_marker"
    }
  },
  {
    "entity": {
      "_template": "domination_box_capzone",
      "transform": [
        [27.6959,0.0,-7.26927],
        [0.0,14.8743,0.0],
        [7.26927,0.0,27.6959],
        [-113.693,32.3563,-119.145]
      ],
      "ui_order": 2,
      "capzone__title": "B",
      "capzone__caption": "capzone/сathedral",
      "decal__thickness": 0.4,
      "decal__height": 0.5
    }
  },
  {
    "entity": {
      "_template": "respawnChooser+respTeam1",
      "transform": [
        [-0.293779,0.0,-0.955873],
        [0.0,1.0,0.0],
        [0.955873,0.0,-0.293779],
        [-32.6398,18.4075,-43.126]
      ],
      "respawnBaseGroup": 1
    }
  },
  {
    "entity": {
      "_template": "respawnChooser+respTeam1",
      "transform": [
        [-0.992463,0.0,-0.122544],
        [0.0,1.0,0.0],
        [0.122544,0.0,-0.992463],
        [-23.5178,18.124,-53.7327]
      ],
      "respawnBaseGroup": 1
    }
  },
  {
    "entity": {
      "_template": "respawnChooser+respTeam1",
      "transform": [
        [-0.0437228,0.0,-0.999043],
        [0.0,1.0,0.0],
        [0.999043,0.0,-0.0437228],
        [-120.701,18.0341,-1.277]
      ],
      "respawnBaseGroup": 2
    }
  },
  {
    "entity": {
      "_template": "respawnChooser+respTeam1",
      "transform": [
        [0.713239,0.0,-0.700921],
        [0.0,1.0,0.0],
        [0.700921,0.0,0.713239],
        [-133.246,18.1028,-9.67493]
      ],
      "respawnBaseGroup": 2
    }
  },
  {
    "entity": {
      "_template": "respawnChooser+respTeam2",
      "transform": [
        [-0.642429,0.0,0.766346],
        [0.0,1.0,0.0],
        [-0.766346,0.0,-0.642429],
        [-92.2656,18.1811,-222.363]
      ],
      "respawnBaseGroup": 1
    }
  },
  {
    "entity": {
      "_template": "respawnChooser+respTeam2",
      "transform": [
        [0.376991,0.0,0.926217],
        [0.0,1.0,0.0],
        [-0.926217,0.0,0.376991],
        [-105.136,18.1811,-225.195]
      ],
      "respawnBaseGroup": 1
    }
  },
  {
    "entity": {
      "_template": "respawnChooser+respTeam2",
      "transform": [
        [0.938262,0.0,-0.345926],
        [0.0,1.0,0.0],
        [0.345926,0.0,0.938262],
        [-181.294,16.7266,-198.287]
      ],
      "respawnBaseGroup": 2
    }
  },
  {
    "entity": {
      "_template": "respawnChooser+respTeam2",
      "transform": [
        [0.7574,0.0,0.652951],
        [0.0,1.0,0.0],
        [-0.652951,0.0,0.7574],
        [-199.762,18.1811,-180.34]
      ],
      "respawnBaseGroup": 2
    }
  },
  {
    "entity": {
      "_template": "respawnChooser+respVehicle",
      "transform": [
        [-0.504695,0.0,-0.863299],
        [0.0,1.0,0.0],
        [0.863299,0.0,-0.504695],
        [0.708727,4.46194,54.3785]
      ],
      "team": 1,
      "respawnBaseGroup": 1,
      "maxVehicleOnSpawn": 2,
      "respTime": 120
    }
  },
  {
    "entity": {
      "_template": "respawnChooser+respVehicle",
      "transform": [
        [0.891305,0.0,0.453406],
        [0.0,1.0,0.0],
        [-0.453406,0.0,0.891305],
        [-271.179,4.65651,-291.818]
      ],
      "team": 2,
      "respawnBaseGroup": 1,
      "maxVehicleOnSpawn": 2,
      "respTime": 120
    }
  },
  {
    "entity": {
      "_template": "respAircraftInAir",
      "respawnbaseType": "aircraft_fighter",
      "transform": [
        [-0.367849,0.0,-0.929886],
        [0.0,1.0,0.0],
        [0.929886,0.0,-0.367849],
        [667.629,1000.0,1934.19]
      ],
      "team": 1,
      "maxVehicleOnSpawn": 2,
      "respTime": 120
    }
  },
  {
    "entity": {
      "_template": "respAircraftInAir",
      "respawnbaseType": "aircraft_assault",
      "transform": [
        [-0.367849,0.0,-0.929886],
        [0.0,1.0,0.0],
        [0.929886,0.0,-0.367849],
        [667.629,800.0,1934.19]
      ],
      "team": 1,
      "maxVehicleOnSpawn": 2,
      "respTime": 120
    }
  },
  {
    "entity": {
      "_template": "resupply_in_air_zone",
      "transform": [
        [-0.367849,0.0,-0.929886],
        [0.0,1.0,0.0],
        [0.929886,0.0,-0.367849],
        [-1182.33,1000.0,2616.82]
      ],
      "resupply_zone__team": 1
    }
  },
  {
    "entity": {
      "_template": "respAircraftInAir",
      "respawnbaseType": "aircraft_fighter",
      "transform": [
        [0.388923,0.0,0.92127],
        [0.0,1.0,0.0],
        [-0.92127,0.0,0.388923],
        [-937.769,1000.0,-2149.42]
      ],
      "team": 2,
      "maxVehicleOnSpawn": 2,
      "respTime": 120
    }
  },
  {
    "entity": {
      "_template": "respAircraftInAir",
      "respawnbaseType": "aircraft_assault",
      "transform": [
        [0.388923,0.0,0.92127],
        [0.0,1.0,0.0],
        [-0.92127,0.0,0.388923],
        [-937.853,800.0,-2149.42]
      ],
      "team": 2,
      "maxVehicleOnSpawn": 2,
      "respTime": 120
    }
  },
  {
    "entity": {
      "_template": "resupply_in_air_zone",
      "transform": [
        [0.388923,0.0,0.92127],
        [0.0,1.0,0.0],
        [-0.92127,0.0,0.388923],
        [924.516,1000.0,-2898.03]
      ],
      "resupply_zone__team": 2
    }
  },
  {
    "entity": {
      "_template": "respawn_camera",
      "respawnCameraForTeam": 1,
      "transform": [
        [1.0,0.0,0.0],
        [0.0,1.0,0.0],
        [0.0,0.0,1.0],
        [-9.22062,302.197,94.8631]
      ]
    }
  },
  {
    "entity": {
      "_template": "respawn_camera",
      "respawnCameraForTeam": 2,
      "transform": [
        [1.0,0.0,0.0],
        [0.0,1.0,0.0],
        [0.0,0.0,1.0],
        [-225.317,301.715,-330.965]
      ]
    }
  },
  {
    "entity": {
      "_template": "resupply_for_ground_vehicle_zone",
      "transform": [
        [0.7574,0.0,0.652951],
        [0.0,1.0,0.0],
        [-0.652951,0.0,0.7574],
        [-322.3,8.92659,-6.75418]
      ],
      "resupply_zone__team": 1
    }
  },
  {
    "entity": {
      "_template": "resupply_for_ground_vehicle_zone",
      "transform": [
        [0.7574,0.0,0.652951],
        [0.0,1.0,0.0],
        [-0.652951,0.0,0.7574],
        [-334.947,13.2176,-153.947]
      ],
      "resupply_zone__team": 2
    }
  },
  {
    "entity": {
      "_template": "respawnChooser+respMotorcycle",
      "transform": [
        [-0.504695,0.0,-0.863299],
        [0.0,1.0,0.0],
        [0.863299,0.0,-0.504695],
        [0.708727,4.46194,54.3785]
      ],
      "team": 1
    }
  },
  {
    "entity": {
      "_template": "respawnChooser+respMotorcycle",
      "transform": [
        [0.891305,0.0,0.453406],
        [0.0,1.0,0.0],
        [-0.453406,0.0,0.891305],
        [-271.179,4.65651,-291.818]
      ],
      "team": 2
    }
  },
  {
    "entity": {
      "_template": "level",
      "level__blk": "content/enlisted/levels/battle_of_moscow_volokolamsk_countryside_winter.blk",
      "level__timeRange": [5.0,19.2],
      "level__day": 9,
      "level__month": 6,
      "level__weatherChoice:object": {
        "weather_clear_a": 1.0
      },
      "level__timeVec:array": {
        "level__timeVec": 16.5
      }
    }
  },
  {
    "entity": {
      "_template": "water",
      "water__strength": 1.3
    }
  },
  {
    "entity": {
      "_template": "wind"
    }
  },
  {
    "entity": {
      "_template": "screen_fade_anim",
      "screen_fade": 0.9,
      "anim_track_on": true
    }
  },
  {
    "entity": {
      "_template": "benchmark",
      "benchmark_name": "volokolamsk",
      "camera_tracks:array": {
        "camera_tracks:object": {
          "from_fov": 90.0,
          "from_pos": [-179.691,44.7948,-30.6079],
          "to_dir": [0.502288,0.000368224,-0.8647],
          "duration": 10000.0,
          "to_pos": [-179.691,44.7948,-30.6079],
          "to_fov": 90.0,
          "from_dir": [0.502288,0.000368224,-0.8647]
        }
      }
    }
  },
  {
    "entity": {
      "_template": "ui_disabled"
    }
  },
  {
    "entity": {
      "_template": "benchmark_artillery_strike",
      "transform": [
        [0.7574,0.0,0.652951],
        [0.0,1.0,0.0],
        [-0.652951,0.0,0.7574],
        [-134.974,14.8099,-93.0161]
      ],
      "artillery__baseInterval": 30.0,
      "artillery__baseSpawnDelay": 45.0,
      "artillery__interval": 60.0,
      "artillery__missionStartDelay": 15.0,
      "artillery__spawnDelay": 15.0,
      "artillery__lastShotInTime": 130.069,
      "artilleryStrikeSpawnPeriod": 60.0,
      "artilleryStrikeSpawnTime": 30.0
    }
  }
]