[
  {
    "import": {
      "scene": "content/enlisted/gamedata/scenes/_volokolamsk_sounds.blk"
    }
  },
  {
    "import": {
      "scene": "content/enlisted/gamedata/scenes/_volokolamsk_winter_biome_fx.blk"
    }
  },
  {
    "import": {
      "scene": "content/enlisted/gamedata/scenes/_volokolamsk_winter_monastery_fx.blk"
    }
  },
  {
    "entity": {
      "_template": "poly_battle_area",
      "transform": [
        [1.0,0.0,0.0],
        [0.0,1.0,0.0],
        [0.0,0.0,1.0],
        [-124.652,14.747,-63.5371]
      ],
      "battleAreaId": "area1",
      "battle_area__team": 1,
      "poly_area__points:list<p3>": [
        {
          "item": [89.2579,4.40826,96.3548]
        },
        {
          "item": [35.4123,4.0278,140.754]
        },
        {
          "item": [-59.4177,4.70285,184.702]
        },
        {
          "item": [-146.185,5.79745,227.09]
        },
        {
          "item": [-206.111,8.15582,269.154]
        },
        {
          "item": [-233.892,9.24557,275.963]
        },
        {
          "item": [-253.409,9.36853,269.318]
        },
        {
          "item": [-371.459,6.10486,177.369]
        },
        {
          "item": [-428.867,3.98584,80.2256]
        },
        {
          "item": [-452.025,7.35287,-74.4426]
        },
        {
          "item": [-477.012,7.34256,-96.8488]
        },
        {
          "item": [-483.415,7.24495,-140.166]
        },
        {
          "item": [-460.283,7.59247,-147.489]
        },
        {
          "item": [-445.586,7.92166,-160.873]
        },
        {
          "item": [-414.696,9.74536,-158.872]
        },
        {
          "item": [-307.866,14.3013,-145.113]
        },
        {
          "item": [-294.285,14.0453,-159.707]
        },
        {
          "item": [-276.906,14.9582,-156.197]
        },
        {
          "item": [-273.968,16.5641,-152.918]
        },
        {
          "item": [-205.914,17.4743,-181.17]
        },
        {
          "item": [-199.594,16.0047,-167.263]
        },
        {
          "item": [-178.697,16.0027,-175.689]
        },
        {
          "item": [-144.806,15.1182,-185.412]
        },
        {
          "item": [-96.3673,15.7707,-201.59]
        },
        {
          "item": [-90.273,16.0027,-211.996]
        },
        {
          "item": [-76.4003,14.6854,-230.718]
        },
        {
          "item": [19.2708,6.53629,-262.808]
        },
        {
          "item": [170.257,3.20853,51.7104]
        }
      ]
    }
  },
  {
    "entity": {
      "_template": "poly_battle_area",
      "transform": [
        [1.0,0.0,0.0],
        [0.0,1.0,0.0],
        [0.0,0.0,1.0],
        [-125.584,14.5263,-64.9686]
      ],
      "battleAreaId": "area2",
      "battle_area__team": 2,
      "poly_area__points:list<p3>": [
        {
          "item": [-352.903,4.16557,-372.048]
        },
        {
          "item": [-306.211,4.16557,-427.757]
        },
        {
          "item": [-283.502,4.16557,-440.226]
        },
        {
          "item": [-160.235,4.16557,-493.337]
        },
        {
          "item": [-65.6628,4.16557,-493.337]
        },
        {
          "item": [6.69901,4.16557,-286.514]
        },
        {
          "item": [72.4028,4.16557,-147.506]
        },
        {
          "item": [-19.496,17.2838,-61.587]
        },
        {
          "item": [-30.6399,16.0164,-62.3959]
        },
        {
          "item": [-45.3944,15.958,-64.9577]
        },
        {
          "item": [-132.078,17.8502,-37.2516]
        },
        {
          "item": [-139.897,16.0008,-15.6]
        },
        {
          "item": [-143.272,16.8356,-5.73846]
        },
        {
          "item": [-295.129,16.2359,-32.5001]
        },
        {
          "item": [-297.031,14.5253,-22.0333]
        },
        {
          "item": [-402.301,2.8735,-35.5149]
        },
        {
          "item": [-476.868,7.49268,-95.5316]
        },
        {
          "item": [-482.651,7.4549,-134.836]
        },
        {
          "item": [-481.266,9.00497,-181.64]
        },
        {
          "item": [-490.822,8.00754,-218.657]
        },
        {
          "item": [-515.897,8.59018,-271.103]
        }
      ]
    }
  },
  {
    "entity": {
      "_template": "aircraft_box_battle_area",
      "transform": [
        [6190.42,0.0,-2409.85],
        [0.0,3713.36,0.0],
        [2945.27,0.0,7565.77],
        [-87.9883,240.916,-144.861]
      ],
      "battle_area__team": -1
    }
  },
  {
    "entity": {
      "_template": "volokolamsk_level",
      "level__blk": "content/enlisted/levels/battle_of_moscow_volokolamsk_countryside_winter.blk"
    }
  },
  {
    "entity": {
      "_template": "clouds_hole_target",
      "transform": [
        [1.0,0.0,0.0],
        [0.0,1.0,0.0],
        [0.0,0.0,1.0],
        [0.0,0.0,0.0]
      ]
    }
  },
  {
    "entity": {
      "_template": "minimap_battle_of_moscow_volokolamsk_countryside_winter"
    }
  },
  {
    "entity": {
      "_template": "water",
      "water__strength": 1.3
    }
  },
  {
    "entity": {
      "_template": "wind"
    }
  },
  {
    "entity": {
      "_template": "postfx_color_grading_tonemap_death_alive_enlisted"
    }
  },
  {
    "entity": {
      "_template": "shaderVars",
      "shader_vars__vars:object": {
        "hmap_displacement_up": 0.3,
        "ocean1": "#8e894700",
        "ocean0": "#4c3f0500",
        "ocean_density": 0.1,
        "river1": "#8e894700",
        "river0": "#4c3f0500",
        "hmap_displacement_down": -0.15,
        "puddle_flat_hmap_reduce": 0.03,
        "paint_details_tex": "volokolamsk_building_colors_tex_palette*",
        "water_color_noise_size": 71.0,
        "river_density": 0.3
      }
    }
  },
  {
    "entity": {
      "_template": "bloom"
    }
  },
  {
    "entity": {
      "_template": "postfx_roundctrl"
    }
  },
  {
    "entity": {
      "_template": "door_mult_ent_generator",
      "ri_extra_gen__blk": "content/enlisted/gamedata/volokolamsk_doors.blk"
    }
  },
  {
    "entity": {
      "_template": "session_finalizer",
      "session_finalizer__timer": 10.0
    }
  },
  {
    "entity": {
      "_template": "briefing_domination",
      "mission_name": "volokolamsk_monastery_dom",
      "mission_outfit": "moscow",
      "loading_images:list<t>": [
        {
          "item": "ui/volokolamsk_monastery_01.avif"
        },
        {
          "item": "ui/volokolamsk_monastery_02.avif"
        },
        {
          "item": "ui/volokolamsk_monastery_03.avif"
        }
      ]
    }
  },
  {
    "entity": {
      "_template": "spawn_switcher",
      "swapProbability": 0.5,
      "team1": 2,
      "team2": 1
    }
  },
  {
    "entity": {
      "_template": "team_ussr+team_narrator_domination+respawn_creators_team",
      "team__id": 1,
      "team__score": 2500.0,
      "team__scoreCap": 2500.0,
      "score_bleed__domBleed": 4.0,
      "score_bleed__domBleedOn": false,
      "score_bleed__totalDomZoneCount": 3,
      "score_bleed__totalDomBleedMul": 2.0,
      "score_bleed__totalDomBleedOn": false,
      "team__briefing": "domination/common_goals",
      "team__winTitle": "debriefing/won_invasion_subtitle",
      "team__numZonesCaptured": 0,
      "team__deathPenalty": 2.0,
      "team__spawnBotArmy": "moscow_allies"
    }
  },
  {
    "entity": {
      "_template": "team_germany_winter+team_narrator_domination+respawn_creators_team",
      "team__id": 2,
      "team__score": 2500.0,
      "team__scoreCap": 2500.0,
      "score_bleed__domBleed": 4.0,
      "score_bleed__domBleedOn": false,
      "score_bleed__totalDomZoneCount": 3,
      "score_bleed__totalDomBleedMul": 2.0,
      "score_bleed__totalDomBleedOn": false,
      "team__briefing": "domination/common_goals",
      "team__winTitle": "debriefing/won_invasion_subtitle",
      "team__numZonesCaptured": 0,
      "team__deathPenalty": 2.0,
      "team__spawnBotArmy": "moscow_axis"
    }
  },
  {
    "entity": {
      "_template": "enemy_attack_marker"
    }
  },
  {
    "entity": {
      "_template": "static_cam",
      "camera__active": true,
      "transform": [
        [0.21748,0.0,-0.976065],
        [0.233052,0.971077,0.0519272],
        [0.947834,-0.238767,0.21119],
        [-231.923,78.3663,-138.463]
      ]
    }
  },
  {
    "entity": {
      "_template": "domination_box_capzone",
      "transform": [
        [24.5536,0.0,3.08197],
        [0.0,3.71804,0.0],
        [-2.3617,0.0,18.8572],
        [-211.06,22.4466,-75.2027]
      ],
      "ui_order": 1,
      "capzone__title": "A",
      "capzone__caption": "capzone/warehouse",
      "decal__thickness": 0.15,
      "decal__height": 0.3
    }
  },
  {
    "entity": {
      "_template": "domination_box_capzone",
      "transform": [
        [27.6959,0.0,-7.26927],
        [0.0,14.8743,0.0],
        [7.26927,0.0,27.6959],
        [-113.693,32.3563,-119.145]
      ],
      "ui_order": 2,
      "capzone__title": "B",
      "capzone__caption": "capzone/сathedral",
      "decal__thickness": 0.15,
      "decal__height": 0.5
    }
  },
  {
    "entity": {
      "_template": "domination_sphere_capzone",
      "transform": [
        [1.0,0.0,0.0],
        [0.0,0.540133,0.0],
        [0.0,0.0,1.0],
        [-18.8602,31.1638,-154.36]
      ],
      "ui_order": 3,
      "capzone__title": "C",
      "capzone__caption": "capzone/tower",
      "sphere_zone__radius": 12.3,
      "decal__thickness": 0.15,
      "decal__height": 0.1,
      "capzone__iconOffsetY": 2.0
    }
  },
  {
    "entity": {
      "_template": "respawnChooser+respTeam1",
      "transform": [
        [-0.293779,0.0,-0.955873],
        [0.0,1.0,0.0],
        [0.955873,0.0,-0.293779],
        [-32.6398,18.4075,-43.126]
      ],
      "respawnBaseGroup": 1
    }
  },
  {
    "entity": {
      "_template": "respawnChooser+respTeam1",
      "transform": [
        [-0.992463,0.0,-0.122544],
        [0.0,1.0,0.0],
        [0.122544,0.0,-0.992463],
        [-23.5178,18.124,-53.7327]
      ],
      "respawnBaseGroup": 1
    }
  },
  {
    "entity": {
      "_template": "respawnChooser+respTeam1",
      "transform": [
        [-0.0437228,0.0,-0.999043],
        [0.0,1.0,0.0],
        [0.999043,0.0,-0.0437228],
        [-120.701,18.0341,-1.277]
      ],
      "respawnBaseGroup": 2
    }
  },
  {
    "entity": {
      "_template": "respawnChooser+respTeam1",
      "transform": [
        [0.713239,0.0,-0.700921],
        [0.0,1.0,0.0],
        [0.700921,0.0,0.713239],
        [-133.246,18.1028,-9.67493]
      ],
      "respawnBaseGroup": 2
    }
  },
  {
    "entity": {
      "_template": "respawnChooser+respTeam2",
      "transform": [
        [-0.642429,0.0,0.766346],
        [0.0,1.0,0.0],
        [-0.766346,0.0,-0.642429],
        [-92.2656,18.1811,-222.363]
      ],
      "respawnBaseGroup": 1
    }
  },
  {
    "entity": {
      "_template": "respawnChooser+respTeam2",
      "transform": [
        [0.376991,0.0,0.926217],
        [0.0,1.0,0.0],
        [-0.926217,0.0,0.376991],
        [-105.136,18.1811,-225.195]
      ],
      "respawnBaseGroup": 1
    }
  },
  {
    "entity": {
      "_template": "respawnChooser+respTeam2",
      "transform": [
        [0.938262,0.0,-0.345926],
        [0.0,1.0,0.0],
        [0.345926,0.0,0.938262],
        [-181.294,16.7266,-198.287]
      ],
      "respawnBaseGroup": 2
    }
  },
  {
    "entity": {
      "_template": "respawnChooser+respTeam2",
      "transform": [
        [0.7574,0.0,0.652951],
        [0.0,1.0,0.0],
        [-0.652951,0.0,0.7574],
        [-199.762,18.1811,-180.34]
      ],
      "respawnBaseGroup": 2
    }
  },
  {
    "entity": {
      "_template": "respawnChooser+respVehicle",
      "transform": [
        [-0.47195,0.0,-0.881626],
        [0.0,1.0,0.0],
        [0.881626,0.0,-0.47195],
        [10.2799,4.87053,52.7672]
      ],
      "team": 1,
      "respawnBaseGroup": 1,
      "maxVehicleOnSpawn": 2,
      "respTime": 120
    }
  },
  {
    "entity": {
      "_template": "respawnChooser+respVehicle",
      "transform": [
        [0.891305,0.0,0.453406],
        [0.0,1.0,0.0],
        [-0.453406,0.0,0.891305],
        [-273.547,4.65651,-292.96]
      ],
      "team": 2,
      "respawnBaseGroup": 1,
      "maxVehicleOnSpawn": 2,
      "respTime": 120
    }
  },
  {
    "entity": {
      "_template": "respAircraftInAir",
      "respawnbaseType": "aircraft_fighter",
      "transform": [
        [-0.677979,0.0,-0.735082],
        [0.0,1.0,0.0],
        [0.735082,0.0,-0.677979],
        [2296.31,1000.0,2480.44]
      ],
      "team": 1,
      "maxVehicleOnSpawn": 1,
      "respTime": 120
    }
  },
  {
    "entity": {
      "_template": "respAircraftInAir",
      "respawnbaseType": "aircraft_assault",
      "transform": [
        [-0.654311,0.0,-0.756226],
        [0.0,1.0,0.0],
        [0.756227,0.0,-0.654311],
        [2174.27,800.0,2594.33]
      ],
      "team": 1,
      "maxVehicleOnSpawn": 1,
      "respTime": 120
    }
  },
  {
    "entity": {
      "_template": "respAircraftInAir",
      "respawnbaseType": "aircraft_fighter",
      "transform": [
        [-0.65445,0.0,-0.756106],
        [0.0,1.0,0.0],
        [0.756106,0.0,-0.65445],
        [2174.27,1000.0,2594.33]
      ],
      "team": 1,
      "maxVehicleOnSpawn": 1,
      "respTime": 120
    }
  },
  {
    "entity": {
      "_template": "respAircraftInAir",
      "respawnbaseType": "aircraft_assault",
      "transform": [
        [-0.692508,0.0,-0.721411],
        [0.0,1.0,0.0],
        [0.721411,0.0,-0.692508],
        [2317.21,800.0,2462.97]
      ],
      "team": 1,
      "maxVehicleOnSpawn": 1,
      "respTime": 120
    }
  },
  {
    "entity": {
      "_template": "resupply_in_air_zone",
      "transform": [
        [-0.87017,0.0,-0.492753],
        [0.0,1.0,0.0],
        [0.492753,0.0,-0.87017],
        [-96.4374,581.611,3960.07]
      ],
      "resupply_zone__team": 1
    }
  },
  {
    "entity": {
      "_template": "respAircraftInAir",
      "respawnbaseType": "aircraft_fighter",
      "transform": [
        [0.532677,0.0,0.846318],
        [0.0,1.0,-0.0],
        [-0.846318,0.0,0.532677],
        [-2060.01,1000.0,-3126.29]
      ],
      "team": 2,
      "maxVehicleOnSpawn": 1,
      "respTime": 120
    }
  },
  {
    "entity": {
      "_template": "respAircraftInAir",
      "respawnbaseType": "aircraft_assault",
      "transform": [
        [0.532677,0.0,0.846318],
        [0.0,1.0,-0.0],
        [-0.846318,0.0,0.532677],
        [-2060.01,800.0,-3126.29]
      ],
      "team": 2,
      "maxVehicleOnSpawn": 1,
      "respTime": 120
    }
  },
  {
    "entity": {
      "_template": "respAircraftInAir",
      "respawnbaseType": "aircraft_fighter",
      "transform": [
        [0.55734,0.0,0.830284],
        [0.0,1.0,-0.0],
        [-0.830284,0.0,0.55734],
        [-2164.2,1000.0,-3049.87]
      ],
      "team": 2,
      "maxVehicleOnSpawn": 1,
      "respTime": 120
    }
  },
  {
    "entity": {
      "_template": "respAircraftInAir",
      "respawnbaseType": "aircraft_assault",
      "transform": [
        [0.565888,0.0,0.824481],
        [0.0,1.0,-0.0],
        [-0.824481,0.0,0.565888],
        [-2190.34,800.0,-3034.02]
      ],
      "team": 2,
      "maxVehicleOnSpawn": 1,
      "respTime": 120
    }
  },
  {
    "entity": {
      "_template": "resupply_in_air_zone",
      "transform": [
        [0.119539,0.0,0.992829],
        [0.0,1.0,0.0],
        [-0.992829,0.0,0.119539],
        [1696.3,565.533,-1303.06]
      ],
      "resupply_zone__team": 2
    }
  },
  {
    "entity": {
      "_template": "respawn_camera",
      "respawnCameraForTeam": 1,
      "transform": [
        [1.0,0.0,0.0],
        [0.0,1.0,0.0],
        [0.0,0.0,1.0],
        [-9.22062,302.197,94.8631]
      ]
    }
  },
  {
    "entity": {
      "_template": "respawn_camera",
      "respawnCameraForTeam": 2,
      "transform": [
        [1.0,0.0,0.0],
        [0.0,1.0,0.0],
        [0.0,0.0,1.0],
        [-225.317,301.715,-330.965]
      ]
    }
  },
  {
    "entity": {
      "_template": "resupply_for_ground_vehicle_zone",
      "transform": [
        [0.7574,0.0,0.652951],
        [0.0,1.0,0.0],
        [-0.652951,0.0,0.7574],
        [-373.737,12.3287,-56.3835]
      ],
      "resupply_zone__team": 1
    }
  },
  {
    "entity": {
      "_template": "resupply_for_ground_vehicle_zone",
      "transform": [
        [0.7574,0.0,0.652951],
        [0.0,1.0,0.0],
        [-0.652951,0.0,0.7574],
        [-334.947,13.2176,-153.947]
      ],
      "resupply_zone__team": 2
    }
  },
  {
    "entity": {
      "_template": "respawnChooser+respMotorcycle",
      "transform": [
        [-0.270199,0.0,-0.962806],
        [0.0,1.0,0.0],
        [0.962806,0.0,-0.270199],
        [12.8268,4.46194,62.8107]
      ],
      "team": 1
    }
  },
  {
    "entity": {
      "_template": "respawnChooser+respMotorcycle",
      "transform": [
        [0.891305,0.0,0.453406],
        [0.0,1.0,0.0],
        [-0.453406,0.0,0.891305],
        [-279.022,4.65651,-299.807]
      ],
      "team": 2
    }
  }
]