[
  {
    "import": {
      "scene": "content/enlisted/gamedata/scenes/_volokolamsk_sounds.blk"
    }
  },
  {
    "import": {
      "scene": "content/enlisted/gamedata/scenes/_volokolamsk_winter_biome_fx.blk"
    }
  },
  {
    "import": {
      "scene": "content/enlisted/gamedata/scenes/_volokolamsk_winter_farm_fx.blk"
    }
  },
  {
    "entity": {
      "_template": "poly_battle_area",
      "transform": [
        [1.0,0.0,0.0],
        [0.0,1.0,0.0],
        [0.0,0.0,1.0],
        [0.0,0.0,0.0]
      ],
      "battle_area__team": 1,
      "battleAreaId": "area_1",
      "poly_area__points:list<p3>": [
        {
          "item": [-264.274,-2.922,-1696.52]
        },
        {
          "item": [-249.391,5.44128,-1657.96]
        },
        {
          "item": [-246.312,6.42797,-1617.29]
        },
        {
          "item": [-254.104,7.16936,-1581.28]
        },
        {
          "item": [-251.018,7.58276,-1543.21]
        },
        {
          "item": [-264.888,7.77965,-1535.93]
        },
        {
          "item": [-258.437,9.65305,-1406.08]
        },
        {
          "item": [-356.914,10.0664,-1382.99]
        },
        {
          "item": [-589.21,-2.922,-1277.02]
        },
        {
          "item": [-693.599,-2.922,-1531.03]
        },
        {
          "item": [-496.642,-2.922,-1626.0]
        },
        {
          "item": [-414.036,6.58846,-1678.19]
        }
      ]
    }
  },
  {
    "entity": {
      "_template": "poly_battle_area",
      "transform": [
        [1.0,0.0,0.0],
        [0.0,1.0,0.0],
        [0.0,0.0,1.0],
        [0.0,0.0,0.0]
      ],
      "battle_area__team": 2,
      "battleAreaId": "area_2",
      "poly_area__points:list<p3>": [
        {
          "item": [-19.1704,-2.922,-1596.65]
        },
        {
          "item": [-6.79462,-2.922,-1425.04]
        },
        {
          "item": [-258.399,9.65205,-1406.46]
        },
        {
          "item": [-345.162,9.84867,-1385.75]
        },
        {
          "item": [-386.146,8.72393,-1448.42]
        },
        {
          "item": [-419.226,7.99461,-1506.88]
        },
        {
          "item": [-435.929,8.43954,-1501.3]
        },
        {
          "item": [-461.564,6.54662,-1543.06]
        },
        {
          "item": [-477.33,6.83409,-1578.0]
        },
        {
          "item": [-496.634,-2.922,-1626.0]
        },
        {
          "item": [-413.867,6.59956,-1678.25]
        },
        {
          "item": [-264.279,-2.922,-1696.53]
        },
        {
          "item": [-28.0973,-2.922,-1703.75]
        }
      ]
    }
  },
  {
    "entity": {
      "_template": "aircraft_box_battle_area",
      "transform": [
        [8000.0,0.0,-8000.0],
        [0.0,8000.0,0.0],
        [8000.0,0.0,8000.0],
        [-365.255,240.916,-1529.27]
      ],
      "battle_area__team": -1
    }
  },
  {
    "entity": {
      "_template": "minimap_battle_of_moscow_volokolamsk_countryside_winter"
    }
  },
  {
    "entity": {
      "_template": "wind"
    }
  },
  {
    "entity": {
      "_template": "postfx_color_grading_tonemap_death_alive_enlisted"
    }
  },
  {
    "entity": {
      "_template": "shaderVars",
      "shader_vars__vars:object": {
        "hmap_displacement_up": 0.3,
        "ocean1": "#8e894700",
        "ocean0": "#4c3f0500",
        "ocean_density": 0.1,
        "land_selfillum_worldscale": 0.9,
        "river1": "#8e894700",
        "river0": "#4c3f0500",
        "hmap_displacement_down": -0.15,
        "puddle_flat_hmap_reduce": 0.03,
        "autodetect_land_selfillum_color": [0.53,0.0,0.0,0.16],
        "paint_details_tex": "volokolamsk_building_colors_tex_palette*",
        "land_selfillum_strength": 32.0,
        "water_color_noise_size": 71.0,
        "river_density": 0.3
      }
    }
  },
  {
    "entity": {
      "_template": "bloom"
    }
  },
  {
    "entity": {
      "_template": "postfx_roundctrl"
    }
  },
  {
    "entity": {
      "_template": "door_mult_ent_generator",
      "ri_extra_gen__blk": "content/enlisted/gamedata/volokolamsk_doors.blk"
    }
  },
  {
    "entity": {
      "_template": "session_finalizer",
      "session_finalizer__timer": 10.0
    }
  },
  {
    "entity": {
      "_template": "briefing_domination",
      "mission_name": "volokolamsk_farm_dom",
      "mission_outfit": "moscow",
      "loading_images:list<t>": [
        {
          "item": "ui/volokolamsk_farm_01.avif"
        },
        {
          "item": "ui/volokolamsk_farm_02.avif"
        },
        {
          "item": "ui/volokolamsk_farm_03.avif"
        }
      ]
    }
  },
  {
    "entity": {
      "_template": "spawn_switcher",
      "swapProbability": 0.5,
      "team1": 2,
      "team2": 1
    }
  },
  {
    "entity": {
      "_template": "team_ussr+team_narrator_domination+respawn_creators_team",
      "team__id": 1,
      "team__score": 2500.0,
      "team__scoreCap": 2500.0,
      "score_bleed__domBleed": 4.0,
      "score_bleed__domBleedOn": false,
      "score_bleed__totalDomZoneCount": 3,
      "score_bleed__totalDomBleedMul": 2.0,
      "score_bleed__totalDomBleedOn": false,
      "team__briefing": "domination/common_goals",
      "team__winTitle": "debriefing/won_invasion_subtitle",
      "team__numZonesCaptured": 0,
      "team__deathPenalty": 2.0,
      "team__spawnBotArmy": "moscow_allies"
    }
  },
  {
    "entity": {
      "_template": "team_germany_winter+team_narrator_domination+respawn_creators_team",
      "team__id": 2,
      "team__score": 2500.0,
      "team__scoreCap": 2500.0,
      "score_bleed__domBleed": 4.0,
      "score_bleed__domBleedOn": false,
      "score_bleed__totalDomZoneCount": 3,
      "score_bleed__totalDomBleedMul": 2.0,
      "score_bleed__totalDomBleedOn": false,
      "team__briefing": "domination/common_goals",
      "team__winTitle": "debriefing/won_invasion_subtitle",
      "team__numZonesCaptured": 0,
      "team__deathPenalty": 2.0,
      "team__spawnBotArmy": "moscow_axis"
    }
  },
  {
    "entity": {
      "_template": "volokolamsk_level",
      "level__blk": "content/enlisted/levels/battle_of_moscow_volokolamsk_countryside_winter.blk"
    }
  },
  {
    "entity": {
      "_template": "clouds_hole_target",
      "transform": [
        [1.0,0.0,0.0],
        [0.0,1.0,0.0],
        [0.0,0.0,1.0],
        [0.0,0.0,0.0]
      ]
    }
  },
  {
    "entity": {
      "_template": "water",
      "water__strength": 1.3
    }
  },
  {
    "entity": {
      "_template": "enemy_attack_marker"
    }
  },
  {
    "entity": {
      "_template": "static_cam",
      "camera__active": true,
      "transform": [
        [-0.238094,-0.000636627,0.971241],
        [-0.22585,0.972623,-0.0547284],
        [-0.944618,-0.232386,-0.23172],
        [-265.717,20.2781,-1561.35]
      ]
    }
  },
  {
    "entity": {
      "_template": "domination_poly_capzone",
      "transform": [
        [1.0,0.0,0.0],
        [0.0,1.0,0.0],
        [0.0,0.0,1.0],
        [-14.3194,4.82185,164.652]
      ],
      "capzone__title": "A",
      "capzone__caption": "capzone/barn",
      "capzone__areaId": "caparea_a",
      "capzone__iconOffsetY": 1.8,
      "poly_area__points:list<p3>": [
        {
          "item": [-336.284,5.78247,-1644.64]
        },
        {
          "item": [-310.771,5.78247,-1646.5]
        },
        {
          "item": [-311.102,5.78247,-1650.54]
        },
        {
          "item": [-297.067,5.78247,-1651.47]
        },
        {
          "item": [-295.462,5.78247,-1631.02]
        },
        {
          "item": [-309.668,5.78247,-1629.95]
        },
        {
          "item": [-309.877,5.78247,-1633.82]
        },
        {
          "item": [-335.36,8.86747,-1631.93]
        }
      ]
    }
  },
  {
    "entity": {
      "_template": "domination_box_capzone",
      "transform": [
        [17.8164,0.0,52.0077],
        [0.0,6.72218,0.0],
        [33.396,0.0,-11.2854],
        [-325.12,8.09977,-1513.59]
      ],
      "capzone__title": "B",
      "capzone__caption": "capzone/stables",
      "decal__height": 3.0
    }
  },
  {
    "entity": {
      "_template": "domination_sphere_capzone",
      "transform": [
        [1.0,0.0,0.0],
        [0.0,1.0,0.0],
        [0.0,0.0,1.0],
        [-428.387,6.6969,-1569.87]
      ],
      "capzone__title": "C",
      "capzone__caption": "capzone/station",
      "sphere_zone__radius": 23.1,
      "decal__height": 1.5,
      "capzone__iconOffsetY": 2.5
    }
  },
  {
    "entity": {
      "_template": "respawnChooser+respTeam1",
      "transform": [
        [-0.228127,-0.0350426,-0.973002],
        [-0.0977486,0.995127,-0.0129216],
        [0.968712,0.0921618,-0.230442],
        [-404.469,8.08066,-1437.91]
      ],
      "respawnBaseGroup": 2
    }
  },
  {
    "entity": {
      "_template": "respawnChooser+respTeam2",
      "transform": [
        [-0.857077,0.0,0.515193],
        [0.0,1.0,0.0],
        [-0.515193,0.0,-0.857077],
        [-213.005,7.9275,-1503.0]
      ],
      "respawnBaseGroup": 2
    }
  },
  {
    "entity": {
      "_template": "respawnChooser+respTeam2",
      "transform": [
        [-0.206241,0.00700546,-0.978479],
        [0.0909017,0.995787,-0.0120306],
        [0.974272,-0.0914265,-0.206009],
        [-204.984,5.90429,-1597.74]
      ],
      "respawnBaseGroup": 1
    }
  },
  {
    "entity": {
      "_template": "respawnChooser+respTeam1",
      "transform": [
        [0.932301,-0.0350426,-0.359981],
        [0.0403836,0.999157,0.00732442],
        [0.359421,-0.0213659,0.93293],
        [-474.129,9.1323,-1474.81]
      ],
      "respawnBaseGroup": 1
    }
  },
  {
    "entity": {
      "_template": "respawnChooser+respVehicle",
      "transform": [
        [0.864984,0.0,-0.5018],
        [0.0,1.0,0.0],
        [0.5018,0.0,0.864984],
        [-574.157,9.29708,-1442.84]
      ],
      "respawnBaseGroup": 1,
      "team": 1,
      "maxVehicleOnSpawn": 2,
      "respTime": 120
    }
  },
  {
    "entity": {
      "_template": "respawnChooser+respVehicle",
      "transform": [
        [-0.979744,0.0,0.200264],
        [0.0,1.0,0.0],
        [-0.200264,0.0,-0.979744],
        [-83.5136,8.09159,-1595.44]
      ],
      "respawnBaseGroup": 1,
      "team": 2,
      "maxVehicleOnSpawn": 2,
      "respTime": 120
    }
  },
  {
    "entity": {
      "_template": "respawnChooser+respTeam1",
      "transform": [
        [-0.358091,-0.0350426,-0.933029],
        [-0.0985979,0.995127,0.000466378],
        [0.928467,0.0921618,-0.3598],
        [-487.725,8.96202,-1470.29]
      ],
      "respawnBaseGroup": 1
    }
  },
  {
    "entity": {
      "_template": "respawnChooser+respTeam2",
      "transform": [
        [-0.535524,0.00700546,0.844494],
        [-0.0734767,0.995787,-0.0548547],
        [-0.841321,-0.0914265,-0.532753],
        [-204.486,6.47604,-1584.51]
      ],
      "respawnBaseGroup": 1
    }
  },
  {
    "entity": {
      "_template": "respawnChooser+respTeam2",
      "transform": [
        [-0.999923,0.0,-0.0124986],
        [0.0,1.0,0.0],
        [0.0124986,0.0,-0.999923],
        [-212.166,7.60403,-1514.57]
      ],
      "respawnBaseGroup": 2
    }
  },
  {
    "entity": {
      "_template": "respawn_camera",
      "respawnCameraForTeam": 1,
      "moveCameraToHeight": 170.0,
      "respawnSelectorDistanceMult": 1.0,
      "transform": [
        [1.0,0.0,0.0],
        [0.0,1.0,0.0],
        [0.0,0.0,1.0],
        [-30.5583,176.792,-1540.09]
      ]
    }
  },
  {
    "entity": {
      "_template": "respawn_camera",
      "respawnCameraForTeam": 2,
      "moveCameraToHeight": 170.0,
      "respawnSelectorDistanceMult": 1.0,
      "transform": [
        [1.0,0.0,0.0],
        [0.0,1.0,0.0],
        [0.0,0.0,1.0],
        [-561.433,180.256,-1325.7]
      ]
    }
  },
  {
    "entity": {
      "_template": "respAircraftInAir",
      "respawnbaseType": "aircraft_fighter",
      "transform": [
        [0.967541,0.0,-0.252711],
        [0.0,1.0,0.0],
        [0.252711,-0.0,0.967541],
        [-3800.8,1000.0,-777.841]
      ],
      "team": 1,
      "maxVehicleOnSpawn": 1,
      "respTime": 120
    }
  },
  {
    "entity": {
      "_template": "respAircraftInAir",
      "respawnbaseType": "aircraft_assault",
      "transform": [
        [0.967541,0.0,-0.252711],
        [0.0,1.0,0.0],
        [0.252711,-0.0,0.967541],
        [-3774.29,800.0,-628.294]
      ],
      "team": 1,
      "maxVehicleOnSpawn": 1,
      "respTime": 120
    }
  },
  {
    "entity": {
      "_template": "respAircraftInAir",
      "respawnbaseType": "aircraft_fighter",
      "transform": [
        [0.967541,0.0,-0.252711],
        [0.0,1.0,0.0],
        [0.252711,-0.0,0.967541],
        [-3779.49,1000.0,-627.575]
      ],
      "team": 1,
      "maxVehicleOnSpawn": 1,
      "respTime": 120
    }
  },
  {
    "entity": {
      "_template": "respAircraftInAir",
      "respawnbaseType": "aircraft_assault",
      "transform": [
        [0.967541,0.0,-0.252711],
        [0.0,1.0,0.0],
        [0.252711,-0.0,0.967541],
        [-3800.8,800.0,-777.841]
      ],
      "team": 1,
      "maxVehicleOnSpawn": 1,
      "respTime": 120
    }
  },
  {
    "entity": {
      "_template": "resupply_in_air_zone",
      "transform": [
        [0.982742,0.0,-0.184978],
        [0.0,1.0,0.0],
        [0.184978,0.0,0.982742],
        [-3224.31,720.849,-1795.92]
      ],
      "resupply_zone__team": 1
    }
  },
  {
    "entity": {
      "_template": "respAircraftInAir",
      "respawnbaseType": "aircraft_fighter",
      "transform": [
        [-0.985729,0.0,0.168347],
        [0.0,1.0,0.0],
        [-0.168347,0.0,-0.985729],
        [3193.08,1000.0,-2099.79]
      ],
      "team": 2,
      "maxVehicleOnSpawn": 1,
      "respTime": 120
    }
  },
  {
    "entity": {
      "_template": "respAircraftInAir",
      "respawnbaseType": "aircraft_assault",
      "transform": [
        [-0.985729,0.0,0.168347],
        [0.0,1.0,0.0],
        [-0.168347,0.0,-0.985729],
        [3185.03,800.0,-2115.97]
      ],
      "team": 2,
      "maxVehicleOnSpawn": 1,
      "respTime": 120
    }
  },
  {
    "entity": {
      "_template": "respAircraftInAir",
      "respawnbaseType": "aircraft_fighter",
      "transform": [
        [-0.985729,0.0,0.168347],
        [0.0,1.0,0.0],
        [-0.168347,0.0,-0.985729],
        [3193.34,1000.0,-1958.78]
      ],
      "team": 2,
      "maxVehicleOnSpawn": 1,
      "respTime": 120
    }
  },
  {
    "entity": {
      "_template": "respAircraftInAir",
      "respawnbaseType": "aircraft_assault",
      "transform": [
        [-0.985729,0.0,0.168347],
        [0.0,1.0,0.0],
        [-0.168347,0.0,-0.985729],
        [3193.34,800.0,-1958.78]
      ],
      "team": 2,
      "maxVehicleOnSpawn": 1,
      "respTime": 120
    }
  },
  {
    "entity": {
      "_template": "resupply_in_air_zone",
      "transform": [
        [-0.987704,0.0,0.156341],
        [0.0,1.0,0.0],
        [-0.156341,0.0,-0.987704],
        [2534.37,654.165,-892.002]
      ],
      "resupply_zone__team": 2
    }
  },
  {
    "entity": {
      "_template": "bag_stack_c+still_obstacle",
      "transform": [
        [-0.873044,0.0,0.487642],
        [0.0,1.0,0.0],
        [-0.487642,0.0,-0.873044],
        [-310.159,6.52121,-1490.9]
      ]
    }
  },
  {
    "entity": {
      "_template": "bag_stack_c+still_obstacle",
      "transform": [
        [0.767442,0.0,0.641118],
        [0.0,1.0,0.0],
        [-0.641118,0.0,0.767442],
        [-315.811,6.52121,-1498.05]
      ]
    }
  },
  {
    "entity": {
      "_template": "bag_stack_c+still_obstacle",
      "transform": [
        [-0.966382,0.0,0.257112],
        [0.0,1.0,0.0],
        [-0.257112,0.0,-0.966382],
        [-330.164,6.52121,-1493.63]
      ]
    }
  },
  {
    "entity": {
      "_template": "bag_grain_stand_a+still_obstacle",
      "transform": [
        [-0.10181,0.106682,-0.989067],
        [-0.994309,0.0204335,0.104554],
        [0.0313642,0.994083,0.103995],
        [-329.45,6.81105,-1492.7]
      ]
    }
  },
  {
    "entity": {
      "_template": "bag_stack_c+still_obstacle",
      "transform": [
        [-0.953395,0.0,0.301723],
        [0.0,1.0,0.0],
        [-0.301723,0.0,-0.953395],
        [-318.749,6.52121,-1489.19]
      ]
    }
  },
  {
    "entity": {
      "_template": "bag_grain_stand_a+still_obstacle",
      "transform": [
        [-0.894214,0.106682,-0.434741],
        [-0.435171,0.0204335,0.900115],
        [0.10491,0.994083,0.0281532],
        [-316.382,6.81105,-1498.59]
      ]
    }
  },
  {
    "entity": {
      "_template": "bag_grain_stand_a+still_obstacle",
      "transform": [
        [-0.976475,0.106682,-0.187394],
        [-0.186276,0.0204335,0.982285],
        [0.108622,0.994083,-8.04512e-05],
        [-322.752,6.81105,-1497.14]
      ]
    }
  },
  {
    "entity": {
      "_template": "bag_grain_stand_a+still_obstacle",
      "transform": [
        [-0.976475,0.106682,-0.187394],
        [-0.186276,0.0204335,0.982285],
        [0.108622,0.994083,-8.04512e-05],
        [-323.076,6.81105,-1488.65]
      ]
    }
  },
  {
    "entity": {
      "_template": "bag_stack_c+still_obstacle",
      "transform": [
        [-0.953395,0.0,0.301723],
        [0.0,1.0,0.0],
        [-0.301723,0.0,-0.953395],
        [-322.45,6.52121,-1487.38]
      ]
    }
  },
  {
    "entity": {
      "_template": "resupply_for_ground_vehicle_zone",
      "transform": [
        [0.920699,0.0,-0.390273],
        [0.0,1.0,0.0],
        [0.390273,0.0,0.920699],
        [-542.287,11.2441,-1388.31]
      ],
      "resupply_zone__team": 1
    }
  },
  {
    "entity": {
      "_template": "resupply_for_ground_vehicle_zone",
      "transform": [
        [-0.999802,0.0,0.0199615],
        [0.0,1.0,0.0],
        [-0.0199615,0.0,-0.999802],
        [-104.125,9.26716,-1512.06]
      ],
      "resupply_zone__team": 2
    }
  },
  {
    "entity": {
      "_template": "respawnChooser+respTeam1",
      "transform": [
        [-0.212554,-0.0350426,-0.976523],
        [-0.00103304,0.999364,-0.0356374],
        [0.977149,-0.00656608,-0.212455],
        [-477.211,9.11736,-1474.58]
      ],
      "respawnBaseGroup": 1
    }
  },
  {
    "entity": {
      "_template": "respawnChooser+respTeam1",
      "transform": [
        [0.82239,-0.0350426,-0.567848],
        [-0.0236847,0.995127,-0.0957119],
        [0.568436,0.0921618,0.817551],
        [-399.386,8.47707,-1426.76]
      ],
      "respawnBaseGroup": 2
    }
  },
  {
    "entity": {
      "_template": "respawnChooser+respTeam2",
      "transform": [
        [-0.99981,0.0,0.0195602],
        [0.0,1.0,0.0],
        [-0.0195602,0.0,-0.99981],
        [-212.726,7.9275,-1532.38]
      ],
      "respawnBaseGroup": 2
    }
  },
  {
    "entity": {
      "_template": "respawnChooser+respTeam2",
      "transform": [
        [-0.499817,0.0,-0.866133],
        [0.0,1.0,0.0],
        [0.866133,0.0,-0.499817],
        [-212.939,7.97667,-1537.71]
      ],
      "respawnBaseGroup": 2
    }
  },
  {
    "entity": {
      "_template": "respawnChooser+respTeam1",
      "transform": [
        [0.284475,-0.0350426,-0.958045],
        [-0.078471,0.995127,-0.0596995],
        [0.955469,0.0921618,0.280337],
        [-395.217,8.47707,-1422.27]
      ],
      "respawnBaseGroup": 2
    }
  },
  {
    "entity": {
      "_template": "respawnChooser+respTeam2",
      "transform": [
        [-0.999797,0.00700546,0.0190194],
        [0.0052359,0.995787,-0.0915447],
        [-0.0195808,-0.0914265,-0.995622],
        [-204.515,5.90429,-1592.5]
      ],
      "respawnBaseGroup": 1
    }
  },
  {
    "entity": {
      "_template": "pv_tractor_fordson_putilovets_gameobj+still_obstacle",
      "transform": [
        [-0.211764,0.0884601,0.973309],
        [0.0581721,0.99527,-0.0777995],
        [-0.975588,0.0401443,-0.215909],
        [-362.922,7.53465,-1534.8]
      ]
    }
  },
  {
    "entity": {
      "_template": "respawnChooser+respMotorcycle",
      "transform": [
        [0.864984,0.0,-0.5018],
        [0.0,1.0,0.0],
        [0.5018,0.0,0.864984],
        [-574.157,9.29708,-1442.84]
      ],
      "team": 1
    }
  },
  {
    "entity": {
      "_template": "respawnChooser+respMotorcycle",
      "transform": [
        [-0.979744,0.0,0.200264],
        [0.0,1.0,0.0],
        [-0.200264,0.0,-0.979744],
        [-83.5136,8.09159,-1595.44]
      ],
      "team": 2
    }
  }
]