[
  {
    "import": {
      "scene": "content/enlisted/gamedata/scenes/_volokolamsk_sounds.blk"
    }
  },
  {
    "import": {
      "scene": "content/enlisted/gamedata/scenes/_volokolamsk_winter_biome_fx.blk"
    }
  },
  {
    "import": {
      "scene": "content/enlisted/gamedata/scenes/_volokolamsk_winter_city_fx.blk"
    }
  },
  {
    "entity": {
      "_template": "poly_battle_area",
      "transform": [
        [1.0,0.0,0.0],
        [0.0,1.0,0.0],
        [0.0,0.0,1.0],
        [0.0,0.0,0.0]
      ],
      "battle_area__team": 1,
      "battleAreaId": "area1",
      "poly_area__points:list<p3>": [
        {
          "item": [-1252.94,20.6459,330.658]
        },
        {
          "item": [-1182.0,8.14849,577.464]
        },
        {
          "item": [-1232.49,5.24282,593.881]
        },
        {
          "item": [-1249.57,5.83031,603.985]
        },
        {
          "item": [-1246.68,5.37782,611.794]
        },
        {
          "item": [-1258.4,5.27407,621.817]
        },
        {
          "item": [-1270.33,5.25549,626.719]
        },
        {
          "item": [-1268.56,5.21157,631.279]
        },
        {
          "item": [-1278.47,5.1928,635.507]
        },
        {
          "item": [-1274.82,5.15102,643.706]
        },
        {
          "item": [-1279.41,5.67909,647.602]
        },
        {
          "item": [-1296.44,5.49679,654.573]
        },
        {
          "item": [-1291.06,4.5941,668.726]
        },
        {
          "item": [-1294.55,5.14471,679.085]
        },
        {
          "item": [-1312.62,5.15102,686.327]
        },
        {
          "item": [-1331.95,3.53463,688.883]
        },
        {
          "item": [-1345.62,3.53381,694.018]
        },
        {
          "item": [-1335.6,3.54255,720.918]
        },
        {
          "item": [-1350.96,3.49026,725.968]
        },
        {
          "item": [-1366.21,3.28174,731.575]
        },
        {
          "item": [-1467.12,-1.52588e-05,765.886]
        },
        {
          "item": [-1587.08,3.38124,441.449]
        }
      ]
    }
  },
  {
    "entity": {
      "_template": "poly_battle_area",
      "transform": [
        [1.0,0.0,0.0],
        [0.0,1.0,0.0],
        [0.0,0.0,1.0],
        [0.0,0.0,0.0]
      ],
      "battle_area__team": 2,
      "battleAreaId": "area2",
      "poly_area__points:list<p3>": [
        {
          "item": [-1406.47,3.15979,586.009]
        },
        {
          "item": [-1379.44,4.53966,573.102]
        },
        {
          "item": [-1380.38,4.82367,570.131]
        },
        {
          "item": [-1378.95,4.18512,569.407]
        },
        {
          "item": [-1384.73,4.22316,553.442]
        },
        {
          "item": [-1355.66,5.49077,541.756]
        },
        {
          "item": [-1342.43,6.06542,535.323]
        },
        {
          "item": [-1335.78,6.48337,526.967]
        },
        {
          "item": [-1328.56,6.84815,521.52]
        },
        {
          "item": [-1304.7,7.75729,511.047]
        },
        {
          "item": [-1296.19,8.17125,504.935]
        },
        {
          "item": [-1288.21,8.69178,500.104]
        },
        {
          "item": [-1211.0,10.7472,477.621]
        },
        {
          "item": [-1107.83,17.2089,819.982]
        },
        {
          "item": [-1448.97,4.83958,915.246]
        },
        {
          "item": [-1486.87,3.05176e-05,796.516]
        },
        {
          "item": [-1514.96,-1.52588e-05,659.5]
        },
        {
          "item": [-1430.25,1.54966,622.383]
        },
        {
          "item": [-1416.47,2.46947,616.826]
        },
        {
          "item": [-1424.82,2.46947,598.877]
        },
        {
          "item": [-1417.03,2.46947,595.235]
        }
      ]
    }
  },
  {
    "entity": {
      "_template": "aircraft_box_battle_area",
      "transform": [
        [8000.0,0.0,-8000.0],
        [0.0,8000.0,0.0],
        [8000.0,0.0,8000.0],
        [-1306.4,240.916,594.176]
      ],
      "battle_area__team": -1
    }
  },
  {
    "entity": {
      "_template": "minimap_battle_of_moscow_volokolamsk_countryside_winter"
    }
  },
  {
    "entity": {
      "_template": "wind"
    }
  },
  {
    "entity": {
      "_template": "postfx_color_grading_tonemap_death_alive_enlisted"
    }
  },
  {
    "entity": {
      "_template": "shaderVars",
      "shader_vars__vars:object": {
        "hmap_displacement_up": 0.3,
        "ocean1": "#8e894700",
        "ocean0": "#4c3f0500",
        "ocean_density": 0.1,
        "land_selfillum_worldscale": 0.9,
        "river1": "#8e894700",
        "river0": "#4c3f0500",
        "hmap_displacement_down": -0.15,
        "puddle_flat_hmap_reduce": 0.03,
        "autodetect_land_selfillum_color": [0.53,0.0,0.0,0.16],
        "paint_details_tex": "volokolamsk_building_colors_tex_palette*",
        "land_selfillum_strength": 32.0,
        "water_color_noise_size": 71.0,
        "river_density": 0.3
      }
    }
  },
  {
    "entity": {
      "_template": "bloom"
    }
  },
  {
    "entity": {
      "_template": "postfx_roundctrl"
    }
  },
  {
    "entity": {
      "_template": "door_mult_ent_generator",
      "ri_extra_gen__blk": "content/enlisted/gamedata/volokolamsk_doors.blk"
    }
  },
  {
    "entity": {
      "_template": "session_finalizer",
      "session_finalizer__timer": 10.0
    }
  },
  {
    "entity": {
      "_template": "briefing_domination",
      "mission_name": "volokolamsk_city_dom",
      "mission_outfit": "moscow",
      "loading_images:list<t>": [
        {
          "item": "ui/volokolamsk_city_01.avif"
        },
        {
          "item": "ui/volokolamsk_city_02.avif"
        },
        {
          "item": "ui/volokolamsk_city_03.avif"
        }
      ]
    }
  },
  {
    "entity": {
      "_template": "spawn_switcher",
      "swapProbability": 0.5,
      "team1": 2,
      "team2": 1
    }
  },
  {
    "entity": {
      "_template": "team_ussr+team_narrator_domination+respawn_creators_team",
      "team__id": 1,
      "team__score": 2500.0,
      "team__scoreCap": 2500.0,
      "score_bleed__domBleed": 4.0,
      "score_bleed__domBleedOn": false,
      "score_bleed__totalDomZoneCount": 3,
      "score_bleed__totalDomBleedMul": 2.0,
      "score_bleed__totalDomBleedOn": false,
      "team__briefing": "domination/common_goals",
      "team__winTitle": "debriefing/won_invasion_subtitle",
      "team__numZonesCaptured": 0,
      "team__deathPenalty": 2.0,
      "team__spawnBotArmy": "moscow_allies"
    }
  },
  {
    "entity": {
      "_template": "team_germany_winter+team_narrator_domination+respawn_creators_team",
      "team__id": 2,
      "team__score": 2500.0,
      "team__scoreCap": 2500.0,
      "score_bleed__domBleed": 4.0,
      "score_bleed__domBleedOn": false,
      "score_bleed__totalDomZoneCount": 3,
      "score_bleed__totalDomBleedMul": 2.0,
      "score_bleed__totalDomBleedOn": false,
      "team__briefing": "domination/common_goals",
      "team__winTitle": "debriefing/won_invasion_subtitle",
      "team__numZonesCaptured": 0,
      "team__deathPenalty": 2.0,
      "team__spawnBotArmy": "moscow_axis"
    }
  },
  {
    "entity": {
      "_template": "volokolamsk_level",
      "level__blk": "content/enlisted/levels/battle_of_moscow_volokolamsk_countryside_winter.blk"
    }
  },
  {
    "entity": {
      "_template": "clouds_hole_target",
      "transform": [
        [1.0,0.0,0.0],
        [0.0,1.0,0.0],
        [0.0,0.0,1.0],
        [0.0,0.0,0.0]
      ]
    }
  },
  {
    "entity": {
      "_template": "water",
      "water__strength": 1.3
    }
  },
  {
    "entity": {
      "_template": "enemy_attack_marker"
    }
  },
  {
    "entity": {
      "_template": "static_cam",
      "camera__active": true,
      "transform": [
        [0.998993,-0.0204921,0.0399333],
        [0.00778024,0.955281,0.295595],
        [-0.0442045,-0.294987,0.954478],
        [-1355.8,15.3045,587.925]
      ]
    }
  },
  {
    "entity": {
      "_template": "domination_box_capzone",
      "transform": [
        [-10.48,0.0,-25.6328],
        [0.0,7.62857,0.0],
        [22.5765,0.0,-9.23046],
        [-1385.64,4.18219,683.49]
      ],
      "ui_order": 1,
      "capzone__title": "A",
      "capzone__caption": "capzone/artillery_emplacement",
      "decal__thickness": 0.15,
      "decal__height": 2.5
    }
  },
  {
    "entity": {
      "_template": "domination_box_capzone",
      "transform": [
        [7.12444,0.0,-2.99947],
        [0.0,3.19991,0.0],
        [4.4217,0.0,10.9995],
        [-1359.26,10.0852,628.184]
      ],
      "ui_order": 2,
      "capzone__title": "B",
      "capzone__caption": "capzone/food_storehouse",
      "decal__height": 0.1,
      "decal__thickness": 0.15
    }
  },
  {
    "entity": {
      "_template": "domination_box_capzone",
      "transform": [
        [9.17188,0.0,-4.00841],
        [0.0,2.51514,0.0],
        [5.62335,0.0,13.2754],
        [-1334.53,7.15933,576.672]
      ],
      "ui_order": 3,
      "capzone__title": "C",
      "capzone__caption": "capzone/field_hospital",
      "decal__height": 0.5,
      "decal__thickness": 0.15
    }
  },
  {
    "entity": {
      "_template": "respawnChooser+respTeam1",
      "transform": [
        [0.955507,0.0,0.294967],
        [0.0,1.0,-0.0],
        [-0.294967,0.0,0.955508],
        [-1455.87,3.03084,566.386]
      ],
      "respawnBaseGroup": 1
    }
  },
  {
    "entity": {
      "_template": "respawnChooser+respTeam1",
      "transform": [
        [0.037699,0.0,0.999288],
        [0.0,1.0,-0.0],
        [-0.999288,0.0,0.037699],
        [-1457.67,3.14181,569.284]
      ],
      "respawnBaseGroup": 1
    }
  },
  {
    "entity": {
      "_template": "respawnChooser+respTeam1",
      "transform": [
        [0.73031,0.0,0.683116],
        [0.0,1.0,-0.0],
        [-0.683116,0.0,0.73031],
        [-1429.38,5.52618,501.652]
      ],
      "respawnBaseGroup": 2
    }
  },
  {
    "entity": {
      "_template": "respawnChooser+respTeam1",
      "transform": [
        [0.962652,0.0,0.270737],
        [0.0,1.0,-0.0],
        [-0.270737,0.0,0.962652],
        [-1444.63,4.68509,535.076]
      ],
      "respawnBaseGroup": 2
    }
  },
  {
    "entity": {
      "_template": "respawnChooser+respTeam2",
      "transform": [
        [-0.997998,0.0,-0.0632246],
        [0.0,1.0,0.0],
        [0.0632246,0.0,-0.997999],
        [-1279.9,5.98542,722.159]
      ],
      "respawnBaseGroup": 1
    }
  },
  {
    "entity": {
      "_template": "respawnChooser+respTeam2",
      "transform": [
        [-0.428833,-0.00124279,-0.903383],
        [-0.00238359,0.999997,-0.000244218],
        [0.90338,0.00204857,-0.428835],
        [-1253.89,5.67529,684.039]
      ],
      "respawnBaseGroup": 1
    }
  },
  {
    "entity": {
      "_template": "respawnChooser+respTeam2",
      "transform": [
        [-0.907189,0.0,-0.420725],
        [0.0,1.0,0.0],
        [0.420725,0.0,-0.907189],
        [-1229.9,6.04427,654.506]
      ],
      "respawnBaseGroup": 2
    }
  },
  {
    "entity": {
      "_template": "respawnChooser+respTeam2",
      "transform": [
        [-0.999978,0.0,0.00678983],
        [0.0,1.0,0.0],
        [-0.00678983,0.0,-0.999978],
        [-1218.35,6.70076,615.252]
      ],
      "respawnBaseGroup": 2
    }
  },
  {
    "entity": {
      "_template": "respawnChooser+respVehicle",
      "transform": [
        [0.612611,0.0,0.790386],
        [0.0,1.0,0.0],
        [-0.790386,0.0,0.612611],
        [-1459.84,11.7495,429.276]
      ],
      "respTime": 120,
      "respawnBaseGroup": 1,
      "team": 1,
      "maxVehicleOnSpawn": 2
    }
  },
  {
    "entity": {
      "_template": "respawnChooser+respVehicle",
      "transform": [
        [-0.776493,0.0,-0.630126],
        [0.0,1.0,0.0],
        [0.630126,0.0,-0.776493],
        [-1270.18,11.9581,834.928]
      ],
      "respTime": 120,
      "respawnBaseGroup": 1,
      "team": 2,
      "maxVehicleOnSpawn": 2
    }
  },
  {
    "entity": {
      "_template": "mbs_desktop_stuff_a",
      "transform": [
        [0.662354,0.0,0.0],
        [0.0,0.662354,0.0],
        [0.0,0.0,0.662354],
        [-1356.41,9.80097,626.654]
      ]
    }
  },
  {
    "entity": {
      "_template": "bag_stack_c",
      "transform": [
        [1.0,0.0,0.0],
        [0.0,1.0,0.0],
        [0.0,0.0,1.0],
        [-1356.44,8.8,627.805]
      ]
    }
  },
  {
    "entity": {
      "_template": "bag_stack_a",
      "transform": [
        [1.0,0.0,0.0],
        [0.0,1.0,0.0],
        [0.0,0.0,1.0],
        [-1357.19,8.8,624.773]
      ]
    }
  },
  {
    "entity": {
      "_template": "bag_stack_b",
      "transform": [
        [1.0,0.0,0.0],
        [0.0,1.0,0.0],
        [0.0,0.0,1.0],
        [-1358.1,8.8,629.989]
      ]
    }
  },
  {
    "entity": {
      "_template": "bag_stack_b",
      "transform": [
        [0.809202,0.0,0.58753],
        [0.0,1.0,0.0],
        [-0.58753,0.0,0.809202],
        [-1358.73,8.8,631.332]
      ]
    }
  },
  {
    "entity": {
      "_template": "bag_grain_flat_a",
      "transform": [
        [1.0,0.0,0.0],
        [0.0,1.0,0.0],
        [0.0,0.0,1.0],
        [-1357.65,11.8095,632.983]
      ]
    }
  },
  {
    "entity": {
      "_template": "bag_grain_flat_a",
      "transform": [
        [0.235262,0.0,-0.971932],
        [0.0,1.0,0.0],
        [0.971932,0.0,0.235262],
        [-1359.49,8.87867,634.143]
      ]
    }
  },
  {
    "entity": {
      "_template": "bag_grain_stand_a",
      "transform": [
        [0.606873,0.0466289,-0.79343],
        [-0.332417,0.921663,-0.200092],
        [0.721944,0.38518,0.574833],
        [-1358.14,8.81464,631.865]
      ]
    }
  },
  {
    "entity": {
      "_template": "bag_grain_stand_a",
      "transform": [
        [-0.982197,0.0,-0.187851],
        [0.0,1.0,0.0],
        [0.187851,0.0,-0.982197],
        [-1359.03,8.86504,628.931]
      ]
    }
  },
  {
    "entity": {
      "_template": "bag_grain_stand_a",
      "transform": [
        [0.210411,0.0502195,-0.976322],
        [-0.232152,0.972679,0.0],
        [0.949649,0.226655,0.216321],
        [-1359.22,8.85803,628.452]
      ]
    }
  },
  {
    "entity": {
      "_template": "bag_stack_c",
      "transform": [
        [-0.880088,0.0,0.47481],
        [0.0,1.0,0.0],
        [-0.47481,0.0,-0.880088],
        [-1354.89,8.8,629.764]
      ]
    }
  },
  {
    "entity": {
      "_template": "bag_grain_flat_a",
      "transform": [
        [0.846303,0.141261,0.513631],
        [-0.164638,0.986354,0.0],
        [-0.506622,-0.084563,0.858011],
        [-1355.65,8.87866,628.554]
      ]
    }
  },
  {
    "entity": {
      "_template": "bag_grain_stand_a",
      "transform": [
        [0.438583,0.0,-0.898691],
        [0.0,1.0,0.0],
        [0.898691,0.0,0.438583],
        [-1358.76,8.78689,630.256]
      ]
    }
  },
  {
    "entity": {
      "_template": "bag_stack_a",
      "transform": [
        [1.0,0.0,0.0],
        [0.0,1.0,0.0],
        [0.0,0.0,1.0],
        [-1361.49,8.8,622.237]
      ]
    }
  },
  {
    "entity": {
      "_template": "bag_stack_b",
      "transform": [
        [-0.0781957,0.0,0.996938],
        [0.0,1.0,0.0],
        [-0.996938,0.0,-0.0781957],
        [-1360.18,8.8,622.777]
      ]
    }
  },
  {
    "entity": {
      "_template": "bag_stack_b",
      "transform": [
        [0.960258,0.0,-0.279114],
        [0.0,1.0,0.0],
        [0.279114,0.0,0.960258],
        [-1361.05,8.8,623.946]
      ]
    }
  },
  {
    "entity": {
      "_template": "bag_stack_c",
      "transform": [
        [-0.880088,0.0,0.47481],
        [0.0,1.0,0.0],
        [-0.47481,0.0,-0.880088],
        [-1363.35,8.8,622.722]
      ]
    }
  },
  {
    "entity": {
      "_template": "bag_stack_c",
      "transform": [
        [-0.880088,0.0,0.47481],
        [0.0,1.0,0.0],
        [-0.47481,0.0,-0.880088],
        [-1362.63,8.8,624.057]
      ]
    }
  },
  {
    "entity": {
      "_template": "bag_stack_c",
      "transform": [
        [-0.880088,0.0,0.47481],
        [0.0,1.0,0.0],
        [-0.47481,0.0,-0.880088],
        [-1362.06,8.8,625.541]
      ]
    }
  },
  {
    "entity": {
      "_template": "bag_stack_c",
      "transform": [
        [-0.880088,0.0,0.47481],
        [0.0,1.0,0.0],
        [-0.47481,0.0,-0.880088],
        [-1361.46,8.8,626.979]
      ]
    }
  },
  {
    "entity": {
      "_template": "bag_stack_c",
      "transform": [
        [-0.880088,0.0,0.47481],
        [0.0,1.0,0.0],
        [-0.47481,0.0,-0.880088],
        [-1361.68,8.8,629.501]
      ]
    }
  },
  {
    "entity": {
      "_template": "bag_stack_a",
      "transform": [
        [1.0,0.0,0.0],
        [0.0,1.0,0.0],
        [0.0,0.0,1.0],
        [-1361.39,8.8,628.404]
      ]
    }
  },
  {
    "entity": {
      "_template": "bag_stack_a",
      "transform": [
        [1.0,0.0,0.0],
        [0.0,1.0,0.0],
        [0.0,0.0,1.0],
        [-1362.18,8.8,627.78]
      ]
    }
  },
  {
    "entity": {
      "_template": "bag_stack_a",
      "transform": [
        [1.0,0.0,0.0],
        [0.0,1.0,0.0],
        [0.0,0.0,1.0],
        [-1362.61,8.8,626.746]
      ]
    }
  },
  {
    "entity": {
      "_template": "bag_stack_a",
      "transform": [
        [1.0,0.0,0.0],
        [0.0,1.0,0.0],
        [0.0,0.0,1.0],
        [-1363.07,8.8,625.695]
      ]
    }
  },
  {
    "entity": {
      "_template": "bag_stack_a",
      "transform": [
        [1.0,0.0,0.0],
        [0.0,1.0,0.0],
        [0.0,0.0,1.0],
        [-1363.39,8.8,624.636]
      ]
    }
  },
  {
    "entity": {
      "_template": "bag_stack_a",
      "transform": [
        [1.0,0.0,0.0],
        [0.0,1.0,0.0],
        [0.0,0.0,1.0],
        [-1364.7,8.8,622.439]
      ]
    }
  },
  {
    "entity": {
      "_template": "bag_grain_stand_a",
      "transform": [
        [0.202452,0.0762095,-0.976322],
        [-0.352298,0.935888,0.0],
        [0.913728,0.343956,0.216321],
        [-1362.71,9.5175,628.076]
      ]
    }
  },
  {
    "entity": {
      "_template": "bag_stack_c",
      "transform": [
        [0.934978,0.0,-0.354704],
        [0.0,1.0,0.0],
        [0.354704,0.0,0.934978],
        [-1360.14,8.8,626.056]
      ]
    }
  },
  {
    "entity": {
      "_template": "bag_grain_flat_a",
      "transform": [
        [-0.089717,0.141261,0.985899],
        [-0.0723131,0.986354,-0.147907],
        [-0.993338,-0.084563,-0.0782778],
        [-1360.89,9.53063,629.453]
      ]
    }
  },
  {
    "entity": {
      "_template": "bag_grain_flat_a",
      "transform": [
        [0.959328,0.141261,0.244407],
        [-0.157477,0.986354,0.0480281],
        [-0.234287,-0.084563,0.968482],
        [-1362.26,9.5147,628.955]
      ]
    }
  },
  {
    "entity": {
      "_template": "bag_grain_flat_a",
      "transform": [
        [-0.299663,0.141261,0.943529],
        [-0.0388092,0.986354,-0.159998],
        [-0.953255,-0.084563,-0.290091],
        [-1361.79,9.65604,626.651]
      ]
    }
  },
  {
    "entity": {
      "_template": "bag_grain_flat_a",
      "transform": [
        [0.846303,0.141261,0.513631],
        [-0.164638,0.986354,0.0],
        [-0.506622,-0.084563,0.858011],
        [-1362.82,9.65605,625.818]
      ]
    }
  },
  {
    "entity": {
      "_template": "bag_grain_flat_a",
      "transform": [
        [0.570749,0.141261,-0.808883],
        [-0.0113493,0.986354,0.164246],
        [0.821046,-0.084563,0.564564],
        [-1363.96,9.45581,622.567]
      ]
    }
  },
  {
    "entity": {
      "_template": "bag_grain_flat_a",
      "transform": [
        [-0.340823,0.217415,0.914642],
        [0.181942,0.969752,-0.162718],
        [-0.922354,0.110954,-0.370071],
        [-1361.04,9.65605,628.569]
      ]
    }
  },
  {
    "entity": {
      "_template": "bag_grain_flat_a",
      "transform": [
        [0.567772,-0.152786,-0.808883],
        [0.467703,0.868491,0.164246],
        [0.677413,-0.471571,0.564564],
        [-1363.88,9.33527,623.736]
      ]
    }
  },
  {
    "entity": {
      "_template": "hp_fabric_pile_b",
      "transform": [
        [0.807486,0.0,0.589887],
        [0.0,1.0,0.0],
        [-0.589887,0.0,0.807486],
        [-1332.03,6.22757,579.269]
      ]
    }
  },
  {
    "entity": {
      "_template": "hp_gurney_a",
      "transform": [
        [1.0,0.0,0.0],
        [0.0,1.0,0.0],
        [0.0,0.0,1.0],
        [-1334.51,6.19998,581.467]
      ]
    }
  },
  {
    "entity": {
      "_template": "hp_stillage_a",
      "transform": [
        [0.727968,0.0,0.685611],
        [0.0,1.0,0.0],
        [-0.685611,0.0,0.727968],
        [-1340.34,6.19998,572.28]
      ]
    }
  },
  {
    "entity": {
      "_template": "hp_rack_b",
      "transform": [
        [-0.300864,0.0,-0.953667],
        [0.0,1.0,0.0],
        [0.953667,0.0,-0.300864],
        [-1335.5,6.19998,572.937]
      ]
    }
  },
  {
    "entity": {
      "_template": "hp_trolley_a",
      "transform": [
        [0.931695,0.0,-0.363242],
        [0.0,1.0,0.0],
        [0.363242,0.0,0.931695],
        [-1335.69,6.19998,577.919]
      ]
    }
  },
  {
    "entity": {
      "_template": "hp_operating_table_a",
      "transform": [
        [0.959077,0.0,0.283146],
        [0.0,1.0,0.0],
        [-0.283146,0.0,0.959077],
        [-1334.85,6.19998,573.994]
      ]
    }
  },
  {
    "entity": {
      "_template": "hp_trolley_a",
      "transform": [
        [0.931695,0.0,-0.363242],
        [0.0,1.0,0.0],
        [0.363242,0.0,0.931695],
        [-1332.76,6.19998,576.5]
      ]
    }
  },
  {
    "entity": {
      "_template": "hp_trolley_a",
      "transform": [
        [0.931695,0.0,-0.363242],
        [0.0,1.0,0.0],
        [0.363242,0.0,0.931695],
        [-1334.11,6.19998,580.503]
      ]
    }
  },
  {
    "entity": {
      "_template": "hp_trolley_a",
      "transform": [
        [0.931695,0.0,-0.363242],
        [0.0,1.0,0.0],
        [0.363242,0.0,0.931695],
        [-1331.41,6.19998,579.905]
      ]
    }
  },
  {
    "entity": {
      "_template": "hp_trolley_a",
      "transform": [
        [0.931695,0.0,-0.363242],
        [0.0,1.0,0.0],
        [0.363242,0.0,0.931695],
        [-1334.83,6.19998,571.685]
      ]
    }
  },
  {
    "entity": {
      "_template": "hp_trolley_a",
      "transform": [
        [0.931695,0.0,-0.363242],
        [0.0,1.0,0.0],
        [0.363242,0.0,0.931695],
        [-1337.55,6.19998,573.473]
      ]
    }
  },
  {
    "entity": {
      "_template": "hp_gurney_a",
      "transform": [
        [0.909623,0.0,-0.415435],
        [0.0,1.0,0.0],
        [0.415435,0.0,0.909623],
        [-1336.85,6.19998,579.324]
      ]
    }
  },
  {
    "entity": {
      "_template": "hp_gurney_a",
      "transform": [
        [0.909623,0.0,-0.415435],
        [0.0,1.0,0.0],
        [0.415435,0.0,0.909623],
        [-1337.45,6.19998,577.365]
      ]
    }
  },
  {
    "entity": {
      "_template": "hp_gurney_a",
      "transform": [
        [0.909623,0.0,-0.415435],
        [0.0,1.0,0.0],
        [0.415435,0.0,0.909623],
        [-1338.36,6.19998,575.143]
      ]
    }
  },
  {
    "entity": {
      "_template": "hp_trolley_a",
      "transform": [
        [0.931695,0.0,-0.363242],
        [0.0,1.0,0.0],
        [0.363242,0.0,0.931695],
        [-1338.06,6.19998,579.163]
      ]
    }
  },
  {
    "entity": {
      "_template": "hp_trolley_a",
      "transform": [
        [0.931695,0.0,-0.363242],
        [0.0,1.0,0.0],
        [0.363242,0.0,0.931695],
        [-1338.47,6.19998,577.108]
      ]
    }
  },
  {
    "entity": {
      "_template": "hp_trolley_a",
      "transform": [
        [0.931695,0.0,-0.363242],
        [0.0,1.0,0.0],
        [0.363242,0.0,0.931695],
        [-1338.95,6.19998,576.045]
      ]
    }
  },
  {
    "entity": {
      "_template": "hp_fabric_pile_b",
      "transform": [
        [0.807486,0.0,0.589887],
        [0.0,1.0,0.0],
        [-0.589887,0.0,0.807486],
        [-1332.21,6.22757,579.421]
      ]
    }
  },
  {
    "entity": {
      "_template": "hp_fabric_pile_b",
      "transform": [
        [0.807486,0.0,0.589887],
        [0.0,1.0,0.0],
        [-0.589887,0.0,0.807486],
        [-1331.91,6.22757,579.587]
      ]
    }
  },
  {
    "entity": {
      "_template": "hp_fabric_pile_b",
      "transform": [
        [0.807486,0.0,0.589887],
        [0.0,1.0,0.0],
        [-0.589887,0.0,0.807486],
        [-1332.05,6.35323,579.429]
      ]
    }
  },
  {
    "entity": {
      "_template": "hp_fabric_pile_b",
      "transform": [
        [0.807486,0.0,0.589887],
        [0.0,1.0,0.0],
        [-0.589887,0.0,0.807486],
        [-1333.31,6.35323,576.442]
      ]
    }
  },
  {
    "entity": {
      "_template": "hp_fabric_pile_b",
      "transform": [
        [0.807486,0.0,0.589887],
        [0.0,1.0,0.0],
        [-0.589887,0.0,0.807486],
        [-1333.29,6.22757,576.282]
      ]
    }
  },
  {
    "entity": {
      "_template": "hp_fabric_pile_b",
      "transform": [
        [0.807486,0.0,0.589887],
        [0.0,1.0,0.0],
        [-0.589887,0.0,0.807486],
        [-1333.47,6.22757,576.435]
      ]
    }
  },
  {
    "entity": {
      "_template": "hp_fabric_pile_b",
      "transform": [
        [0.807486,0.0,0.589887],
        [0.0,1.0,0.0],
        [-0.589887,0.0,0.807486],
        [-1333.17,6.22757,576.601]
      ]
    }
  },
  {
    "entity": {
      "_template": "hp_fabric_pile_b",
      "transform": [
        [0.426598,0.0,-0.904441],
        [0.0,1.0,0.0],
        [0.904441,0.0,0.426598],
        [-1337.17,6.35323,574.311]
      ]
    }
  },
  {
    "entity": {
      "_template": "hp_fabric_pile_b",
      "transform": [
        [0.426598,0.0,-0.904441],
        [0.0,1.0,0.0],
        [0.904441,0.0,0.426598],
        [-1337.33,6.22757,574.321]
      ]
    }
  },
  {
    "entity": {
      "_template": "hp_fabric_pile_b",
      "transform": [
        [0.426598,0.0,-0.904441],
        [0.0,1.0,0.0],
        [0.904441,0.0,0.426598],
        [-1337.14,6.22757,574.472]
      ]
    }
  },
  {
    "entity": {
      "_template": "hp_fabric_pile_b",
      "transform": [
        [0.426598,0.0,-0.904441],
        [0.0,1.0,0.0],
        [0.904441,0.0,0.426598],
        [-1337.04,6.22757,574.152]
      ]
    }
  },
  {
    "entity": {
      "_template": "hp_gurney_b",
      "transform": [
        [0.709747,0.0,-0.704457],
        [0.0,1.0,0.0],
        [0.704457,0.0,0.709747],
        [-1338.62,6.21802,572.289]
      ]
    }
  },
  {
    "entity": {
      "_template": "respawn_camera",
      "respawnCameraForTeam": 1,
      "moveCameraToHeight": 250.0,
      "respawnSelectorDistanceMult": 1.5,
      "transform": [
        [1.0,0.0,0.0],
        [0.0,1.0,0.0],
        [0.0,0.0,1.0],
        [-1543.02,250.692,441.11]
      ]
    }
  },
  {
    "entity": {
      "_template": "respawn_camera",
      "respawnCameraForTeam": 2,
      "moveCameraToHeight": 250.0,
      "respawnSelectorDistanceMult": 1.5,
      "transform": [
        [1.0,0.0,0.0],
        [0.0,1.0,0.0],
        [0.0,0.0,1.0],
        [-1140.62,254.493,761.223]
      ]
    }
  },
  {
    "entity": {
      "_template": "respAircraftInAir",
      "respawnbaseType": "aircraft_fighter",
      "transform": [
        [0.476982,0.0,0.878912],
        [0.0,1.0,-0.0],
        [-0.878912,0.0,0.476982],
        [-3242.38,1000.0,-2417.75]
      ],
      "team": 1,
      "maxVehicleOnSpawn": 1,
      "respTime": 120
    }
  },
  {
    "entity": {
      "_template": "respAircraftInAir",
      "respawnbaseType": "aircraft_assault",
      "transform": [
        [0.476982,0.0,0.878912],
        [0.0,1.0,-0.0],
        [-0.878912,0.0,0.476982],
        [-3105.92,800.0,-2492.33]
      ],
      "team": 1,
      "maxVehicleOnSpawn": 1,
      "respTime": 120
    }
  },
  {
    "entity": {
      "_template": "respAircraftInAir",
      "respawnbaseType": "aircraft_fighter",
      "transform": [
        [0.476982,0.0,0.878912],
        [0.0,1.0,-0.0],
        [-0.878912,0.0,0.476982],
        [-3105.92,1000.0,-2492.33]
      ],
      "team": 1,
      "maxVehicleOnSpawn": 1,
      "respTime": 120
    }
  },
  {
    "entity": {
      "_template": "respAircraftInAir",
      "respawnbaseType": "aircraft_assault",
      "transform": [
        [0.476982,0.0,0.878912],
        [0.0,1.0,-0.0],
        [-0.878912,0.0,0.476982],
        [-3240.96,800.0,-2403.86]
      ],
      "team": 1,
      "maxVehicleOnSpawn": 1,
      "respTime": 120
    }
  },
  {
    "entity": {
      "_template": "resupply_in_air_zone",
      "transform": [
        [0.403239,0.0,0.915094],
        [0.0,1.0,0.0],
        [-0.915094,0.0,0.403239],
        [-959.823,434.522,-2267.88]
      ],
      "resupply_zone__team": 1
    }
  },
  {
    "entity": {
      "_template": "respAircraftInAir",
      "respawnbaseType": "aircraft_fighter",
      "transform": [
        [-0.381774,0.0,-0.924257],
        [0.0,1.0,0.0],
        [0.924257,0.0,-0.381774],
        [-43.7034,1000.0,3946.93]
      ],
      "team": 2,
      "maxVehicleOnSpawn": 1,
      "respTime": 120
    }
  },
  {
    "entity": {
      "_template": "respAircraftInAir",
      "respawnbaseType": "aircraft_assault",
      "transform": [
        [-0.381774,0.0,-0.924257],
        [0.0,1.0,0.0],
        [0.924257,0.0,-0.381774],
        [92.6474,800.0,3881.12]
      ],
      "team": 2,
      "maxVehicleOnSpawn": 1,
      "respTime": 120
    }
  },
  {
    "entity": {
      "_template": "respAircraftInAir",
      "respawnbaseType": "aircraft_fighter",
      "transform": [
        [-0.381774,0.0,-0.924257],
        [0.0,1.0,0.0],
        [0.924257,0.0,-0.381774],
        [85.9722,1000.0,3889.19]
      ],
      "team": 2,
      "maxVehicleOnSpawn": 1,
      "respTime": 120
    }
  },
  {
    "entity": {
      "_template": "respAircraftInAir",
      "respawnbaseType": "aircraft_assault",
      "transform": [
        [-0.381774,0.0,-0.924257],
        [0.0,1.0,0.0],
        [0.924257,0.0,-0.381774],
        [-43.7034,800.0,3946.93]
      ],
      "team": 2,
      "maxVehicleOnSpawn": 1,
      "respTime": 120
    }
  },
  {
    "entity": {
      "_template": "resupply_in_air_zone",
      "transform": [
        [-0.387956,0.0,-0.921679],
        [0.0,1.0,0.0],
        [0.921679,0.0,-0.387956],
        [-1821.57,480.309,3509.73]
      ],
      "resupply_zone__team": 2
    }
  },
  {
    "entity": {
      "_template": "resupply_for_ground_vehicle_zone",
      "transform": [
        [-0.521948,0.0,-0.852978],
        [0.0,1.0,0.0],
        [0.852978,0.0,-0.521948],
        [-1455.26,7.70602,450.79]
      ],
      "resupply_zone__team": 1
    }
  },
  {
    "entity": {
      "_template": "resupply_for_ground_vehicle_zone",
      "transform": [
        [-0.521948,0.0,-0.852978],
        [0.0,1.0,0.0],
        [0.852978,0.0,-0.521948],
        [-1437.4,4.85437,852.466]
      ],
      "resupply_zone__team": 2
    }
  },
  {
    "entity": {
      "_template": "respawnChooser+respMotorcycle",
      "transform": [
        [0.612611,0.0,0.790386],
        [0.0,1.0,0.0],
        [-0.790386,0.0,0.612611],
        [-1459.84,11.7495,429.276]
      ],
      "team": 1
    }
  },
  {
    "entity": {
      "_template": "respawnChooser+respMotorcycle",
      "transform": [
        [-0.776493,0.0,-0.630126],
        [0.0,1.0,0.0],
        [0.630126,0.0,-0.776493],
        [-1270.18,11.9581,834.928]
      ],
      "team": 2
    }
  }
]