[
  {
    "import": {
      "scene": "content/enlisted/gamedata/scenes/_volokolamsk_sounds.blk"
    }
  },
  {
    "import": {
      "scene": "content/enlisted/gamedata/scenes/_volokolamsk_winter_biome_fx.blk"
    }
  },
  {
    "entity": {
      "_template": "poly_battle_area",
      "transform": [
        [1.0,0.0,0.0],
        [0.0,1.0,0.0],
        [0.0,0.0,1.0],
        [0.0,0.0,0.0]
      ],
      "groupName": "sector_3",
      "active": false,
      "battle_area__team": 2,
      "battleAreaId": "area3_2",
      "poly_area__points:list<p3>": [
        {
          "item": [-393.009,3.65254,830.458]
        },
        {
          "item": [-586.58,5.77701,830.605]
        },
        {
          "item": [-613.275,3.6961,754.669]
        },
        {
          "item": [-644.563,3.6961,696.417]
        },
        {
          "item": [-659.331,6.79503,656.961]
        },
        {
          "item": [-667.223,5.44728,586.741]
        },
        {
          "item": [-661.749,5.74336,524.898]
        },
        {
          "item": [-648.322,3.6961,499.251]
        },
        {
          "item": [-618.139,3.6961,449.361]
        },
        {
          "item": [-604.395,3.6961,378.444]
        },
        {
          "item": [-374.643,16.5174,371.13]
        }
      ]
    }
  },
  {
    "entity": {
      "_template": "poly_battle_area",
      "transform": [
        [1.0,0.0,0.0],
        [0.0,1.0,0.0],
        [0.0,0.0,1.0],
        [-308.615,4.33833,654.918]
      ],
      "battleAreaId": "area1_2",
      "battle_area__team": 2,
      "groupName": "sector_1",
      "active": false,
      "poly_area__points:list<p3>": [
        {
          "item": [-510.317,6.61963,828.893]
        },
        {
          "item": [-508.41,6.61963,650.368]
        },
        {
          "item": [-507.423,6.61963,520.704]
        },
        {
          "item": [-507.316,0.608154,372.258]
        },
        {
          "item": [-222.854,6.61963,359.599]
        },
        {
          "item": [-208.882,6.61963,390.968]
        },
        {
          "item": [-208.882,6.61963,433.353]
        },
        {
          "item": [-230.586,0.632874,627.565]
        },
        {
          "item": [-244.251,3.09866,713.944]
        },
        {
          "item": [-276.977,5.42517,828.478]
        }
      ]
    }
  },
  {
    "entity": {
      "_template": "poly_battle_area",
      "transform": [
        [1.0,0.0,0.0],
        [0.0,1.0,0.0],
        [0.0,0.0,1.0],
        [-306.957,4.33833,655.178]
      ],
      "battleAreaId": "area1_1",
      "battle_area__team": 1,
      "groupName": "sector_1",
      "active": false,
      "poly_area__points:list<p3>": [
        {
          "item": [-669.219,1.10261,379.329]
        },
        {
          "item": [-355.185,16.2865,370.224]
        },
        {
          "item": [-373.684,1.97023,828.298]
        },
        {
          "item": [-680.02,4.20378,825.017]
        }
      ]
    }
  },
  {
    "entity": {
      "_template": "poly_battle_area",
      "transform": [
        [1.0,0.0,0.0],
        [0.0,1.0,0.0],
        [0.0,0.0,1.0],
        [-578.856,6.01919,590.144]
      ],
      "battleAreaId": "area2_2",
      "battle_area__team": 2,
      "groupName": "sector_2",
      "active": false,
      "poly_area__points:list<p3>": [
        {
          "item": [-609.546,6.15884,555.391]
        },
        {
          "item": [-626.14,6.15884,555.391]
        },
        {
          "item": [-626.14,6.15884,480.56]
        },
        {
          "item": [-593.942,6.15884,377.033]
        },
        {
          "item": [-320.832,15.1961,368.351]
        },
        {
          "item": [-317.951,6.15884,828.989]
        },
        {
          "item": [-594.214,6.15884,828.989]
        },
        {
          "item": [-620.482,6.15884,767.572]
        },
        {
          "item": [-626.693,6.15884,638.483]
        },
        {
          "item": [-626.693,6.15884,617.277]
        },
        {
          "item": [-609.214,6.15884,617.277]
        },
        {
          "item": [-609.214,6.15884,603.029]
        },
        {
          "item": [-599.843,6.15884,603.029]
        },
        {
          "item": [-599.843,6.15884,570.172]
        },
        {
          "item": [-608.956,6.15884,570.172]
        }
      ]
    }
  },
  {
    "entity": {
      "_template": "poly_battle_area",
      "transform": [
        [1.0,0.0,0.0],
        [0.0,1.0,0.0],
        [0.0,0.0,1.0],
        [-579.394,6.01919,591.053]
      ],
      "battleAreaId": "area2_1",
      "battle_area__team": 1,
      "groupName": "sector_2",
      "active": false,
      "poly_area__points:list<p3>": [
        {
          "item": [-775.533,9.62939,829.791]
        },
        {
          "item": [-767.176,3.35104,380.623]
        },
        {
          "item": [-495.222,0.801178,369.904]
        },
        {
          "item": [-490.324,5.96393,508.845]
        },
        {
          "item": [-485.706,6.75955,582.245]
        },
        {
          "item": [-496.347,9.62939,671.624]
        },
        {
          "item": [-499.025,9.98114,831.735]
        }
      ]
    }
  },
  {
    "entity": {
      "_template": "poly_battle_area",
      "transform": [
        [1.0,0.0,0.0],
        [0.0,1.0,0.0],
        [0.0,0.0,1.0],
        [-603.019,5.03276,464.25]
      ],
      "battleAreaId": "area3_1",
      "battle_area__team": 1,
      "groupName": "sector_3",
      "active": false,
      "poly_area__points:list<p3>": [
        {
          "item": [-650.532,5.02806,300.442]
        },
        {
          "item": [-589.85,0.463364,327.292]
        },
        {
          "item": [-578.848,5.9324,500.141]
        },
        {
          "item": [-578.589,6.03269,523.801]
        },
        {
          "item": [-558.02,6.1376,568.359]
        },
        {
          "item": [-558.384,6.67937,603.634]
        },
        {
          "item": [-578.681,7.13943,649.081]
        },
        {
          "item": [-578.461,6.23775,672.434]
        },
        {
          "item": [-589.077,0.152168,727.098]
        },
        {
          "item": [-579.234,7.02249,833.433]
        },
        {
          "item": [-827.254,8.6266,832.297]
        },
        {
          "item": [-814.715,3.91216,416.678]
        },
        {
          "item": [-778.7,6.79904,313.422]
        },
        {
          "item": [-699.265,0.152168,303.414]
        }
      ]
    }
  },
  {
    "entity": {
      "_template": "aircraft_box_battle_area",
      "transform": [
        [6642.91,0.0,-21.0972],
        [0.0,3713.36,0.0],
        [25.7975,0.0,8118.79],
        [-610.334,240.916,582.135]
      ],
      "battle_area__team": -1
    }
  },
  {
    "entity": {
      "_template": "vw_kubelwagen",
      "transform": [
        [0.823412,0.000648556,0.567444],
        [-0.00262242,0.999993,0.00266244],
        [-0.567438,-0.00368036,0.823408],
        [-572.284,6.17267,555.081]
      ]
    }
  },
  {
    "entity": {
      "_template": "vw_kubelwagen",
      "transform": [
        [-0.848695,-0.00784048,-0.528824],
        [-0.0309783,0.99891,0.0349061],
        [0.527974,0.0460067,-0.848013],
        [-435.27,7.12642,579.86]
      ]
    }
  },
  {
    "entity": {
      "_template": "vw_kubelwagen",
      "transform": [
        [0.84478,-0.181919,0.503242],
        [0.101504,0.977842,0.183092],
        [-0.525399,-0.103592,0.844527],
        [-548.094,4.88801,677.509]
      ]
    }
  },
  {
    "entity": {
      "_template": "vw_kubelwagen",
      "transform": [
        [0.860822,-0.0195068,-0.508532],
        [0.00886319,0.999688,-0.0233438],
        [0.508829,0.0155876,0.860727],
        [-536.481,5.79714,497.572]
      ]
    }
  },
  {
    "entity": {
      "_template": "vw_kubelwagen",
      "transform": [
        [-0.675426,0.00689941,0.737396],
        [0.0795673,0.9948,0.0635728],
        [-0.733123,0.101611,-0.672463],
        [-318.597,5.31544,622.982]
      ]
    }
  },
  {
    "entity": {
      "_template": "vw_kubelwagen",
      "transform": [
        [0.745722,0.00409654,-0.666245],
        [0.000951221,0.999974,0.00721322],
        [0.666257,-0.0060128,0.745698],
        [-576.483,6.03001,616.099]
      ]
    }
  },
  {
    "entity": {
      "_template": "vw_kubelwagen",
      "transform": [
        [0.700598,-0.00463072,-0.713541],
        [-0.0010531,0.999971,-0.00752359],
        [0.713555,0.00602245,0.700573],
        [-569.935,6.04025,616.418]
      ]
    }
  },
  {
    "entity": {
      "_template": "vw_kubelwagen",
      "transform": [
        [0.742069,0.00942642,0.670257],
        [-0.00300236,0.999938,-0.010739],
        [-0.670317,0.00595671,0.742051],
        [-578.553,6.12917,554.974]
      ]
    }
  },
  {
    "entity": {
      "_template": "vw_kubelwagen",
      "transform": [
        [0.915196,-0.0257714,-0.402183],
        [0.0111311,0.999189,-0.0386971],
        [0.402854,0.0309387,0.914741],
        [-539.536,5.79654,495.837]
      ]
    }
  },
  {
    "entity": {
      "_template": "vw_kubelwagen",
      "transform": [
        [0.900412,-0.175677,0.39799],
        [0.117072,0.978939,0.167252],
        [-0.41899,-0.104003,0.902015],
        [-544.968,4.80791,676.042]
      ]
    }
  },
  {
    "entity": {
      "_template": "briefing_assault",
      "mission_name": "volokolamsk_manor_assault",
      "mission_outfit": "moscow",
      "loading_images:list<t>": [
        {
          "item": "ui/volokolamsk_manor_01.avif"
        },
        {
          "item": "ui/volokolamsk_manor_02.avif"
        },
        {
          "item": "ui/volokolamsk_manor_03.avif"
        }
      ]
    }
  },
  {
    "entity": {
      "_template": "enemy_attack_marker"
    }
  },
  {
    "entity": {
      "_template": "static_cam",
      "camera__active": true,
      "transform": [
        [0.179713,-0.000935749,0.983718],
        [-0.0947831,0.99533,0.0182625],
        [-0.979142,-0.0965224,0.178785],
        [-476.262,21.4795,571.179]
      ]
    }
  },
  {
    "entity": {
      "_template": "minimap_battle_of_moscow_volokolamsk_countryside_winter"
    }
  },
  {
    "entity": {
      "_template": "wind"
    }
  },
  {
    "entity": {
      "_template": "postfx_color_grading_tonemap_death_alive_enlisted"
    }
  },
  {
    "entity": {
      "_template": "shaderVars",
      "shader_vars__vars:object": {
        "hmap_displacement_up": 0.3,
        "ocean1": "#8e894700",
        "ocean0": "#4c3f0500",
        "ocean_density": 0.1,
        "river1": "#8e894700",
        "river0": "#4c3f0500",
        "hmap_displacement_down": -0.15,
        "puddle_flat_hmap_reduce": 0.03,
        "paint_details_tex": "volokolamsk_building_colors_tex_palette*",
        "level": -0.1,
        "water_color_noise_size": 71.0,
        "river_density": 0.3
      }
    }
  },
  {
    "entity": {
      "_template": "bloom"
    }
  },
  {
    "entity": {
      "_template": "postfx_roundctrl"
    }
  },
  {
    "entity": {
      "_template": "door_mult_ent_generator",
      "ri_extra_gen__blk": "content/enlisted/gamedata/volokolamsk_doors.blk"
    }
  },
  {
    "entity": {
      "_template": "session_finalizer",
      "session_finalizer__timer": 10.0
    }
  },
  {
    "entity": {
      "_template": "respawn_camera",
      "respawnCameraForTeam": 1,
      "transform": [
        [1.0,0.0,0.0],
        [0.0,1.0,0.0],
        [0.0,0.0,1.0],
        [-774.732,299.899,559.248]
      ]
    }
  },
  {
    "entity": {
      "_template": "respawn_camera",
      "respawnCameraForTeam": 2,
      "transform": [
        [1.0,0.0,0.0],
        [0.0,1.0,0.0],
        [0.0,0.0,1.0],
        [-121.18,307.399,619.751]
      ]
    }
  },
  {
    "entity": {
      "_template": "volokolamsk_level",
      "level__blk": "content/enlisted/levels/battle_of_moscow_volokolamsk_countryside_winter.blk"
    }
  },
  {
    "entity": {
      "_template": "clouds_hole_target",
      "transform": [
        [1.0,0.0,0.0],
        [0.0,1.0,0.0],
        [0.0,0.0,1.0],
        [0.0,0.0,0.0]
      ]
    }
  },
  {
    "entity": {
      "_template": "water",
      "water__strength": 1.3,
      "water__level": -0.1
    }
  },
  {
    "entity": {
      "_template": "team_germany_winter+team_narrator_assault_defence+respawn_creators_team",
      "team__countAdd": 0.5,
      "team__memberCount": 0.5,
      "team__scoreCap": 3000.0,
      "team__capturePenalty": 1001.0,
      "team__score": 3000.0,
      "team__id": 2,
      "team__briefing": "assault/defenders_goals",
      "team__winSubtitle": "debriefing/won_defence_subtitle",
      "team__loseSubtitle": "debriefing/lost_defence_subtitle",
      "team__winTitle": "debriefing/axis_won_defence",
      "team__spawnBotArmy": "moscow_axis"
    }
  },
  {
    "entity": {
      "_template": "team_ussr+team_narrator_assault_attack+respawn_creators_team",
      "team__memberCount": 0.0,
      "team__scoreCap": 4000.0,
      "team__score": 4000.0,
      "team__squadSpawnCost": 250,
      "team__firstSpawnCostMul": 0.0,
      "team__zeroScoreFailTimer": 60.0,
      "team__id": 1,
      "team__briefing": "assault/attackers_goals",
      "team__winSubtitle": "debriefing/won_invasion_subtitle",
      "team__loseSubtitle": "debriefing/lost_invasion_subtitle",
      "team__winTitle": "debriefing/ussr_won_invasion",
      "team__spawnBotArmy": "moscow_allies"
    }
  },
  {
    "entity": {
      "_template": "group_activator",
      "activator__activateChoice:object": {
        "sector_1": 1.0
      }
    }
  },
  {
    "entity": {
      "_template": "defend_zone_chained_box+defend_zone_respawnbase",
      "capzone__capRewardPartCap": 1.8,
      "capzone__mustBeCapturedByTeam": 1,
      "capzone__curTeamCapturingZone": -1,
      "groupName": "sector_1",
      "capzone__capTime": 15.0,
      "capzone__capTeam": 2,
      "capzone__progress": 1.0,
      "transform": [
        [16.8631,0.0,-22.2073],
        [0.0,3.34256,0.0],
        [9.81743,0.0,7.45484],
        [-422.567,10.7672,547.919]
      ],
      "active": false,
      "capzone__decapTime": 15.0,
      "capzone__autoDecap": false,
      "capzone__autoCap": false,
      "ui_order": 1,
      "capzone__capReward": 500.0,
      "capzone__title": "A",
      "capzone__caption": "capzone/field_headquarters",
      "capzone__checkAllZonesInGroup": true,
      "decal__thickness": 0.15,
      "decal__height": 0.7,
      "capzone__deactivateAfterTimeout": 25.0,
      "capzone__spawnAtZoneTimeout": 25.0,
      "capzone__createRespawnBaseForTeam": 2,
      "capzone__createRespawnBase": "respawnBaseGroupActivator",
      "capzone__createdRespawnBaseGroup": 3,
      "capzone__activateChoice:object": {
        "sector_2": 1.0
      }
    }
  },
  {
    "entity": {
      "_template": "defend_zone_chained_box+defend_zone_respawnbase",
      "capzone__capRewardPartCap": 1.8,
      "capzone__mustBeCapturedByTeam": 1,
      "capzone__curTeamCapturingZone": -1,
      "groupName": "sector_1",
      "capzone__capTime": 15.0,
      "capzone__capTeam": 2,
      "capzone__progress": 1.0,
      "transform": [
        [4.19101,0.0,-7.93304],
        [0.0,3.34256,0.0],
        [26.6017,0.0,14.0536],
        [-445.323,8.50834,644.823]
      ],
      "active": false,
      "capzone__decapTime": 15.0,
      "capzone__autoDecap": false,
      "capzone__autoCap": false,
      "ui_order": 2,
      "capzone__capReward": 500.0,
      "capzone__title": "B",
      "capzone__caption": "capzone/stable",
      "capzone__checkAllZonesInGroup": true,
      "decal__thickness": 0.15,
      "decal__height": 0.2,
      "capzone__deactivateAfterTimeout": 25.0,
      "capzone__spawnAtZoneTimeout": 25.0,
      "capzone__createRespawnBaseForTeam": 2,
      "capzone__createRespawnBase": "respawnBaseGroupActivator",
      "capzone__createdRespawnBaseGroup": 4,
      "capzone__activateChoice:object": {
        "sector_2": 1.0
      }
    }
  },
  {
    "entity": {
      "_template": "defend_zone_chained_box+defend_zone_respawnbase",
      "capzone__capRewardPartCap": 1.8,
      "capzone__mustBeCapturedByTeam": 1,
      "capzone__curTeamCapturingZone": -1,
      "groupName": "sector_2",
      "capzone__capTime": 15.0,
      "capzone__capTeam": 2,
      "capzone__progress": 1.0,
      "transform": [
        [29.9385,0.0,-0.147536],
        [0.0,3.34256,0.0],
        [0.0914462,0.0,18.5566],
        [-563.839,9.44829,511.938]
      ],
      "active": false,
      "capzone__decapTime": 15.0,
      "capzone__autoDecap": false,
      "capzone__autoCap": false,
      "ui_order": 3,
      "capzone__capReward": 500.0,
      "capzone__title": "C",
      "capzone__caption": "capzone/north_wing",
      "capzone__checkAllZonesInGroup": true,
      "decal__height": 0.3,
      "decal__thickness": 0.15,
      "capzone__deactivateAfterTimeout": 25.0,
      "capzone__spawnAtZoneTimeout": 25.0,
      "capzone__createRespawnBaseForTeam": 2,
      "capzone__createRespawnBase": "respawnBaseGroupActivator",
      "capzone__createdRespawnBaseGroup": 5,
      "capzone__activateChoice:object": {
        "sector_3": 1.0
      }
    }
  },
  {
    "entity": {
      "_template": "defend_zone_chained_box+defend_zone_respawnbase",
      "capzone__capRewardPartCap": 1.8,
      "capzone__mustBeCapturedByTeam": 1,
      "capzone__curTeamCapturingZone": -1,
      "groupName": "sector_2",
      "capzone__capTime": 15.0,
      "capzone__capTeam": 2,
      "capzone__progress": 1.0,
      "transform": [
        [29.9503,0.0,-0.0720664],
        [0.0,3.72014,0.0],
        [0.0455239,0.0,18.9189],
        [-563.879,9.6313,660.942]
      ],
      "active": false,
      "capzone__decapTime": 15.0,
      "capzone__autoDecap": false,
      "capzone__autoCap": false,
      "ui_order": 4,
      "capzone__capReward": 500.0,
      "capzone__title": "D",
      "capzone__caption": "capzone/south_wing",
      "capzone__checkAllZonesInGroup": true,
      "decal__height": 0.3,
      "decal__thickness": 0.15,
      "capzone__deactivateAfterTimeout": 25.0,
      "capzone__spawnAtZoneTimeout": 25.0,
      "capzone__createRespawnBaseForTeam": 2,
      "capzone__createRespawnBase": "respawnBaseGroupActivator",
      "capzone__createdRespawnBaseGroup": 6,
      "capzone__activateChoice:object": {
        "sector_3": 1.0
      }
    }
  },
  {
    "entity": {
      "_template": "defend_zone_chained_box+defend_zone_respawnbase",
      "capzone__capRewardPartCap": 1.8,
      "capzone__mustBeCapturedByTeam": 1,
      "capzone__curTeamCapturingZone": -1,
      "groupName": "sector_3",
      "capzone__capTime": 15.0,
      "capzone__capTeam": 2,
      "capzone__progress": 1.0,
      "transform": [
        [25.8943,0.0,-0.0189031],
        [0.0,3.41681,0.0],
        [0.0485041,0.0,31.2872],
        [-612.883,9.38184,586.413]
      ],
      "active": false,
      "capzone__decapTime": 15.0,
      "capzone__autoDecap": false,
      "capzone__autoCap": false,
      "ui_order": 5,
      "capzone__capReward": 500.0,
      "capzone__title": "E",
      "capzone__caption": "capzone/central_hall",
      "capzone__checkAllZonesInGroup": true,
      "decal__height": 0.1,
      "decal__thickness": 0.15,
      "capzone__deactivateAfterTimeout": 25.0,
      "capzone__spawnAtZoneTimeout": 25.0,
      "capzone__createRespawnBaseForTeam": 2,
      "capzone__createRespawnBase": "respawnBaseGroupActivator",
      "capzone__createdRespawnBaseGroup": 7
    }
  },
  {
    "entity": {
      "_template": "respAircraftInAir",
      "respawnbaseType": "aircraft_fighter",
      "transform": [
        [-0.918455,0.0,-0.395526],
        [0.0,1.0,0.0],
        [0.395526,0.0,-0.918455],
        [2748.95,1000.0,2017.81]
      ],
      "team": 1,
      "maxVehicleOnSpawn": 1,
      "respTime": 120
    }
  },
  {
    "entity": {
      "_template": "respAircraftInAir",
      "respawnbaseType": "aircraft_assault",
      "transform": [
        [-0.906596,0.0,-0.421999],
        [0.0,1.0,0.0],
        [0.421999,0.0,-0.906596],
        [2683.83,800.0,2171.5]
      ],
      "team": 1,
      "maxVehicleOnSpawn": 1,
      "respTime": 120
    }
  },
  {
    "entity": {
      "_template": "respAircraftInAir",
      "respawnbaseType": "aircraft_fighter",
      "transform": [
        [-0.910927,0.0,-0.412568],
        [0.0,1.0,0.0],
        [0.412568,0.0,-0.910927],
        [2683.83,1000.0,2171.5]
      ],
      "team": 1,
      "maxVehicleOnSpawn": 1,
      "respTime": 120
    }
  },
  {
    "entity": {
      "_template": "respAircraftInAir",
      "respawnbaseType": "aircraft_assault",
      "transform": [
        [-0.906584,0.0,-0.422026],
        [0.0,1.0,0.0],
        [0.422026,0.0,-0.906584],
        [2760.94,800.0,1993.34]
      ],
      "team": 1,
      "maxVehicleOnSpawn": 1,
      "respTime": 120
    }
  },
  {
    "entity": {
      "_template": "resupply_in_air_zone",
      "transform": [
        [-0.157002,0.0,-0.987599],
        [0.0,1.0,0.0],
        [0.987599,0.0,-0.157002],
        [1143.36,705.24,2975.6]
      ],
      "resupply_zone__team": 1
    }
  },
  {
    "entity": {
      "_template": "respAircraftInAir",
      "respawnbaseType": "aircraft_fighter",
      "transform": [
        [0.771344,0.0,0.636416],
        [0.0,1.0,-0.0],
        [-0.636416,0.0,0.771344],
        [-3271.08,1000.0,-1652.42]
      ],
      "team": 2,
      "maxVehicleOnSpawn": 1,
      "respTime": 120
    }
  },
  {
    "entity": {
      "_template": "respAircraftInAir",
      "respawnbaseType": "aircraft_assault",
      "transform": [
        [0.797694,0.0,0.603062],
        [0.0,1.0,-0.0],
        [-0.603063,0.0,0.797694],
        [-3271.08,800.0,-1652.42]
      ],
      "team": 2,
      "maxVehicleOnSpawn": 1,
      "respTime": 120
    }
  },
  {
    "entity": {
      "_template": "respAircraftInAir",
      "respawnbaseType": "aircraft_fighter",
      "transform": [
        [0.804843,0.0,0.593487],
        [0.0,1.0,-0.0],
        [-0.593487,0.0,0.804843],
        [-3364.16,1000.0,-1562.81]
      ],
      "team": 2,
      "maxVehicleOnSpawn": 1,
      "respTime": 120
    }
  },
  {
    "entity": {
      "_template": "respAircraftInAir",
      "respawnbaseType": "aircraft_assault",
      "transform": [
        [0.80287,0.0,0.596154],
        [0.0,1.0,-0.0],
        [-0.596154,0.0,0.80287],
        [-3387.95,800.0,-1543.61]
      ],
      "team": 2,
      "maxVehicleOnSpawn": 1,
      "respTime": 120
    }
  },
  {
    "entity": {
      "_template": "resupply_in_air_zone",
      "transform": [
        [0.119539,0.0,0.992829],
        [0.0,1.0,0.0],
        [-0.992829,0.0,0.119539],
        [-1638.98,693.603,-2110.2]
      ],
      "resupply_zone__team": 2
    }
  },
  {
    "entity": {
      "_template": "searchlight_no_base",
      "transform": [
        [-0.862644,0.418461,-0.28414],
        [0.398326,0.908231,0.128265],
        [0.311739,-0.00253313,-0.950164],
        [-639.247,6.72218,622.553]
      ]
    }
  },
  {
    "entity": {
      "_template": "searchlight_no_base",
      "transform": [
        [0.521055,0.418461,0.743903],
        [-0.242355,0.908231,-0.341145],
        [-0.818392,-0.00253313,0.574654],
        [-579.185,6.72218,584.843]
      ]
    }
  },
  {
    "entity": {
      "_template": "respawnChooser+respTeam1",
      "transform": [
        [-0.82054,0.0,-0.571589],
        [0.0,1.0,0.0],
        [0.571589,0.0,-0.82054],
        [-303.097,7.97412,611.458]
      ],
      "groupName": "sector_1",
      "respawnBaseGroup": 1,
      "active": false
    }
  },
  {
    "entity": {
      "_template": "respawnChooser+respTeam1",
      "transform": [
        [-0.848413,0.0,0.529336],
        [0.0,1.0,0.0],
        [-0.529336,0.0,-0.848413],
        [-290.091,12.8001,510.247]
      ],
      "groupName": "sector_1",
      "respawnBaseGroup": 1,
      "active": false
    }
  },
  {
    "entity": {
      "_template": "respawnChooser+respTeam1",
      "transform": [
        [-0.867671,0.0,0.497139],
        [0.0,1.0,0.0],
        [-0.497139,0.0,-0.867671],
        [-318.539,6.23934,720.527]
      ],
      "groupName": "sector_1",
      "respawnBaseGroup": 2,
      "active": false
    }
  },
  {
    "entity": {
      "_template": "respawnChooser+respTeam1",
      "transform": [
        [-0.862084,0.0,-0.506765],
        [0.0,1.0,0.0],
        [0.506765,0.0,-0.862084],
        [-321.381,7.39074,712.714]
      ],
      "groupName": "sector_1",
      "respawnBaseGroup": 2,
      "active": false
    }
  },
  {
    "entity": {
      "_template": "respawnChooser+respVehicle",
      "respTime": 150,
      "groupName": "sector_1",
      "team": 1,
      "maxVehicleOnSpawn": 2,
      "transform": [
        [-0.129667,0.0,0.991559],
        [0.0,1.0,0.0],
        [-0.991559,0.0,-0.129667],
        [-253.156,12.2896,397.337]
      ],
      "respawnBaseGroup": 1,
      "active": false
    }
  },
  {
    "entity": {
      "_template": "respawnChooser+respTeam2",
      "transform": [
        [0.9511,0.0,-0.308879],
        [0.0,1.0,0.0],
        [0.308879,0.0,0.9511],
        [-560.284,5.87691,546.22]
      ],
      "groupName": "sector_1",
      "respawnBaseGroup": 2,
      "active": false
    }
  },
  {
    "entity": {
      "_template": "respawnChooser+respTeam2",
      "transform": [
        [0.945289,0.0,0.32623],
        [0.0,1.0,0.0],
        [-0.32623,0.0,0.945289],
        [-557.19,8.89192,519.312]
      ],
      "groupName": "sector_1",
      "respawnBaseGroup": 2,
      "active": false
    }
  },
  {
    "entity": {
      "_template": "respawnChooser+respTeam2",
      "transform": [
        [0.965996,0.0,-0.258554],
        [0.0,1.0,0.0],
        [0.258554,0.0,0.965996],
        [-555.74,8.89192,505.734]
      ],
      "groupName": "sector_1",
      "respawnBaseGroup": 2,
      "active": false
    }
  },
  {
    "entity": {
      "_template": "respawnChooser+respTeam2",
      "transform": [
        [0.988851,0.0,-0.148901],
        [0.0,1.0,0.0],
        [0.148901,0.0,0.988851],
        [-570.24,8.89192,655.323]
      ],
      "groupName": "sector_1",
      "respawnBaseGroup": 1,
      "active": false
    }
  },
  {
    "entity": {
      "_template": "respawnChooser+respTeam2",
      "transform": [
        [0.999962,0.0,0.00857513],
        [0.0,1.0,0.0],
        [-0.00857513,0.0,0.999962],
        [-570.55,8.89192,667.014]
      ],
      "groupName": "sector_1",
      "respawnBaseGroup": 1,
      "active": false
    }
  },
  {
    "entity": {
      "_template": "respawnChooser+respTeam2",
      "transform": [
        [0.904812,0.0,-0.425808],
        [0.0,1.0,0.0],
        [0.425808,0.0,0.904812],
        [-565.72,5.58627,628.708]
      ],
      "groupName": "sector_1",
      "respawnBaseGroup": 1,
      "active": false
    }
  },
  {
    "entity": {
      "_template": "respawnChooser+respVehicle",
      "respTime": 150,
      "groupName": "sector_1",
      "team": 2,
      "maxVehicleOnSpawn": 2,
      "transform": [
        [0.696407,0.0,-0.717649],
        [0.0,1.0,0.0],
        [0.717649,0.0,0.696407],
        [-648.366,6.37562,698.114]
      ],
      "respawnBaseGroup": 1,
      "active": false
    }
  },
  {
    "entity": {
      "_template": "respawnChooser+respTeam1",
      "transform": [
        [-0.803194,0.0,-0.595718],
        [0.0,1.0,0.0],
        [0.595718,0.0,-0.803194],
        [-414.575,10.6875,544.061]
      ],
      "groupName": "sector_2",
      "respawnBaseGroup": 1,
      "active": false
    }
  },
  {
    "entity": {
      "_template": "respawnChooser+respTeam1",
      "transform": [
        [-0.819233,0.0,-0.573462],
        [0.0,1.0,0.0],
        [0.573462,0.0,-0.819233],
        [-421.527,10.8707,552.959]
      ],
      "groupName": "sector_2",
      "respawnBaseGroup": 1,
      "active": false
    }
  },
  {
    "entity": {
      "_template": "respawnChooser+respTeam1",
      "transform": [
        [-0.894397,0.0,0.447274],
        [0.0,1.0,0.0],
        [-0.447274,0.0,-0.894397],
        [-396.57,7.80236,626.22]
      ],
      "groupName": "sector_2",
      "respawnBaseGroup": 2,
      "active": false
    }
  },
  {
    "entity": {
      "_template": "respawnChooser+respTeam1",
      "transform": [
        [-0.950334,0.0,0.311232],
        [0.0,1.0,0.0],
        [-0.311232,0.0,-0.950334],
        [-403.778,6.66128,663.814]
      ],
      "groupName": "sector_2",
      "respawnBaseGroup": 2,
      "active": false
    }
  },
  {
    "entity": {
      "_template": "respawnChooser+respVehicle",
      "respTime": 150,
      "groupName": "sector_2",
      "team": 1,
      "maxVehicleOnSpawn": 2,
      "transform": [
        [-0.499234,0.0,-0.866469],
        [0.0,1.0,0.0],
        [0.866469,0.0,-0.499234],
        [-366.642,6.56162,646.57]
      ],
      "respawnBaseGroup": 1,
      "active": false
    }
  },
  {
    "entity": {
      "_template": "respawnChooser+respTeam2",
      "transform": [
        [0.815686,0.0,-0.578493],
        [0.0,1.0,0.0],
        [0.578493,0.0,0.815686],
        [-676.998,4.12685,713.273]
      ],
      "groupName": "sector_2",
      "respawnBaseGroup": 1,
      "active": false
    }
  },
  {
    "entity": {
      "_template": "respawnChooser+respTeam2",
      "transform": [
        [0.982783,0.0,-0.18476],
        [0.0,1.0,0.0],
        [0.18476,0.0,0.982783],
        [-681.988,3.43192,683.31]
      ],
      "groupName": "sector_2",
      "respawnBaseGroup": 1,
      "active": false
    }
  },
  {
    "entity": {
      "_template": "respawnChooser+respTeam2",
      "transform": [
        [0.471236,0.0,0.882006],
        [0.0,1.0,0.0],
        [-0.882006,0.0,0.471236],
        [-703.233,3.57983,508.011]
      ],
      "groupName": "sector_2",
      "respawnBaseGroup": 2,
      "active": false
    }
  },
  {
    "entity": {
      "_template": "respawnChooser+respTeam2",
      "transform": [
        [0.983275,0.0,0.182125],
        [0.0,1.0,0.0],
        [-0.182125,0.0,0.983275],
        [-692.03,4.50899,473.859]
      ],
      "groupName": "sector_2",
      "respawnBaseGroup": 2,
      "active": false
    }
  },
  {
    "entity": {
      "_template": "respawnChooser+respTeam1",
      "transform": [
        [-0.863699,0.0,-0.504008],
        [0.0,1.0,0.0],
        [0.504008,0.0,-0.863699],
        [-482.642,6.75029,557.595]
      ],
      "groupName": "sector_3",
      "respawnBaseGroup": 1,
      "active": false
    }
  },
  {
    "entity": {
      "_template": "respawnChooser+respTeam1",
      "transform": [
        [-0.461492,0.0,-0.887145],
        [0.0,1.0,0.0],
        [0.887145,0.0,-0.461492],
        [-495.6,6.56852,629.606]
      ],
      "groupName": "sector_3",
      "respawnBaseGroup": 2,
      "active": false
    }
  },
  {
    "entity": {
      "_template": "respawnChooser+respTeam1",
      "transform": [
        [-0.910108,0.0,-0.414371],
        [0.0,1.0,0.0],
        [0.414371,0.0,-0.910108],
        [-553.213,5.97202,707.507]
      ],
      "groupName": "sector_3",
      "respawnBaseGroup": 2,
      "active": false
    }
  },
  {
    "entity": {
      "_template": "respawnChooser+respVehicle",
      "respTime": 150,
      "groupName": "sector_3",
      "team": 1,
      "maxVehicleOnSpawn": 2,
      "transform": [
        [-0.798364,0.0,-0.602178],
        [0.0,1.0,0.0],
        [0.602178,0.0,-0.798364],
        [-407.872,7.34536,600.253]
      ],
      "respawnBaseGroup": 1,
      "active": false
    }
  },
  {
    "entity": {
      "_template": "respawnChooser+respTeam2",
      "transform": [
        [0.786483,0.0,-0.61761],
        [0.0,1.0,0.0],
        [0.61761,0.0,0.786483],
        [-698.132,3.43192,681.433]
      ],
      "groupName": "sector_3",
      "respawnBaseGroup": 1,
      "active": false
    }
  },
  {
    "entity": {
      "_template": "respawnChooser+respTeam2",
      "transform": [
        [0.311894,0.0,-0.950117],
        [0.0,1.0,0.0],
        [0.950117,0.0,0.311894],
        [-717.281,0.717687,665.12]
      ],
      "groupName": "sector_3",
      "respawnBaseGroup": 1,
      "active": false
    }
  },
  {
    "entity": {
      "_template": "respawnChooser+respTeam2",
      "transform": [
        [0.562402,0.0,-0.826863],
        [0.0,1.0,0.0],
        [0.826863,0.0,0.562402],
        [-736.586,3.54862,604.938]
      ],
      "groupName": "sector_3",
      "respawnBaseGroup": 1,
      "active": false
    }
  },
  {
    "entity": {
      "_template": "respawnChooser+respTeam2",
      "transform": [
        [0.5884,0.0,0.808569],
        [0.0,1.0,0.0],
        [-0.808569,0.0,0.5884],
        [-734.79,2.62314,566.924]
      ],
      "groupName": "sector_3",
      "respawnBaseGroup": 2,
      "active": false
    }
  },
  {
    "entity": {
      "_template": "respawnChooser+respTeam2",
      "transform": [
        [0.489339,0.0,0.872093],
        [0.0,1.0,0.0],
        [-0.872093,0.0,0.489339],
        [-726.464,2.2363,536.849]
      ],
      "groupName": "sector_3",
      "respawnBaseGroup": 2,
      "active": false
    }
  },
  {
    "entity": {
      "_template": "respawnChooser+respTeam2",
      "transform": [
        [0.941151,0.0,-0.337985],
        [0.0,1.0,0.0],
        [0.337985,0.0,0.941151],
        [-724.887,1.15396,529.839]
      ],
      "groupName": "sector_3",
      "respawnBaseGroup": 2,
      "active": false
    }
  },
  {
    "entity": {
      "_template": "respawnChooser+respTeam1",
      "transform": [
        [-0.691012,0.0,0.722845],
        [0.0,1.0,0.0],
        [-0.722845,0.0,-0.691012],
        [-494.745,6.05458,468.416]
      ],
      "groupName": "sector_3",
      "respawnBaseGroup": 1,
      "active": false
    }
  },
  {
    "entity": {
      "_template": "respawnChooser+respVehicle",
      "respTime": 150,
      "groupName": "sector_3",
      "team": 2,
      "maxVehicleOnSpawn": 2,
      "transform": [
        [0.0683585,0.0,0.997662],
        [0.0,1.0,0.0],
        [-0.997662,0.0,0.0683585],
        [-680.254,4.33756,350.956]
      ],
      "respawnBaseGroup": 2,
      "active": false
    }
  },
  {
    "entity": {
      "_template": "respawnBaseWithGroupOnCapturePoint",
      "transform": [
        [0.66517,0.0,0.746692],
        [0.0,1.0,0.0],
        [-0.746692,0.0,0.66517],
        [-432.024,10.6487,553.416]
      ],
      "respawnBaseGroup": 4,
      "groupName": "sector_1",
      "team": 2,
      "active": false
    }
  },
  {
    "entity": {
      "_template": "respawnBaseWithGroupOnCapturePoint",
      "transform": [
        [0.942591,0.0,-0.333948],
        [0.0,1.0,0.0],
        [0.333948,0.0,0.942591],
        [-423.779,10.9181,542.121]
      ],
      "respawnBaseGroup": 4,
      "groupName": "sector_1",
      "team": 2,
      "active": false
    }
  },
  {
    "entity": {
      "_template": "respawnBaseWithGroupOnCapturePoint",
      "transform": [
        [0.678292,0.0,0.734792],
        [0.0,1.0,0.0],
        [-0.734792,0.0,0.678292],
        [-447.887,8.54845,603.417]
      ],
      "respawnBaseGroup": 4,
      "groupName": "sector_1",
      "team": 2,
      "active": false
    }
  },
  {
    "entity": {
      "_template": "respawnBaseWithGroupOnCapturePoint",
      "transform": [
        [0.989458,0.0,0.144826],
        [0.0,1.0,0.0],
        [-0.144826,0.0,0.989458],
        [-455.252,8.11038,640.135]
      ],
      "respawnBaseGroup": 4,
      "groupName": "sector_1",
      "team": 2,
      "active": false
    }
  },
  {
    "entity": {
      "_template": "respawnBaseWithGroupOnCapturePoint",
      "transform": [
        [0.99999,0.0,0.00452946],
        [0.0,1.0,0.0],
        [-0.00452946,0.0,0.99999],
        [-570.248,9.04227,506.563]
      ],
      "respawnBaseGroup": 6,
      "groupName": "sector_2",
      "team": 2,
      "active": false
    }
  },
  {
    "entity": {
      "_template": "respawnBaseWithGroupOnCapturePoint",
      "transform": [
        [0.980434,0.0,0.196849],
        [0.0,1.0,0.0],
        [-0.196849,0.0,0.980434],
        [-570.503,9.04227,513.193]
      ],
      "respawnBaseGroup": 6,
      "groupName": "sector_2",
      "team": 2,
      "active": false
    }
  },
  {
    "entity": {
      "_template": "respawnBaseWithGroupOnCapturePoint",
      "transform": [
        [0.986197,0.0,-0.16558],
        [0.0,1.0,0.0],
        [0.16558,0.0,0.986197],
        [-570.158,9.04227,655.331]
      ],
      "respawnBaseGroup": 6,
      "groupName": "sector_2",
      "team": 2,
      "active": false
    }
  },
  {
    "entity": {
      "_template": "respawnBaseWithGroupOnCapturePoint",
      "transform": [
        [0.999835,0.0,0.0181899],
        [0.0,1.0,0.0],
        [-0.0181899,0.0,0.999835],
        [-561.676,9.04227,667.21]
      ],
      "respawnBaseGroup": 6,
      "groupName": "sector_2",
      "team": 2,
      "active": false
    }
  },
  {
    "entity": {
      "_template": "respawnBaseWithGroupOnCapturePoint",
      "transform": [
        [0.996212,0.0,0.0869544],
        [0.0,1.0,0.0],
        [-0.0869544,0.0,0.996212],
        [-620.152,8.82502,597.572]
      ],
      "respawnBaseGroup": 7,
      "groupName": "sector_3",
      "team": 2,
      "active": false
    }
  },
  {
    "entity": {
      "_template": "respawnBaseWithGroupOnCapturePoint",
      "transform": [
        [0.999648,0.0,0.02652],
        [0.0,1.0,0.0],
        [-0.02652,0.0,0.999648],
        [-619.571,8.82502,586.819]
      ],
      "respawnBaseGroup": 7,
      "groupName": "sector_3",
      "team": 2,
      "active": false
    }
  },
  {
    "entity": {
      "_template": "respawnBaseWithGroupOnCapturePoint",
      "transform": [
        [0.998556,0.0,-0.0537061],
        [0.0,1.0,0.0],
        [0.0537061,0.0,0.998556],
        [-621.122,8.82502,576.261]
      ],
      "respawnBaseGroup": 7,
      "groupName": "sector_3",
      "team": 2,
      "active": false
    }
  },
  {
    "entity": {
      "_template": "respawnChooser+respMotorcycle",
      "active": false,
      "transform": [
        [-0.129667,0.0,0.991559],
        [0.0,1.0,0.0],
        [-0.991559,0.0,-0.129667],
        [-253.283,12.2896,397.017]
      ],
      "team": 1,
      "groupName": "sector_1"
    }
  },
  {
    "entity": {
      "_template": "respawnChooser+respMotorcycle",
      "active": false,
      "transform": [
        [0.696407,0.0,-0.717649],
        [0.0,1.0,0.0],
        [0.717649,0.0,0.696407],
        [-648.352,6.37562,698.141]
      ],
      "team": 2,
      "groupName": "sector_1"
    }
  },
  {
    "entity": {
      "_template": "respawnChooser+respMotorcycle",
      "active": false,
      "transform": [
        [-0.52052,0.0,-0.853852],
        [0.0,1.0,0.0],
        [0.853852,0.0,-0.52052],
        [-359.549,6.56162,655.873]
      ],
      "team": 1,
      "groupName": "sector_2"
    }
  },
  {
    "entity": {
      "_template": "respawnChooser+respMotorcycle",
      "active": false,
      "transform": [
        [-0.798364,0.0,-0.602178],
        [0.0,1.0,0.0],
        [0.602178,0.0,-0.798364],
        [-407.872,7.34536,600.253]
      ],
      "team": 1,
      "groupName": "sector_3"
    }
  },
  {
    "entity": {
      "_template": "respawnChooser+respMotorcycle",
      "active": false,
      "transform": [
        [0.0683585,0.0,0.997662],
        [0.0,1.0,0.0],
        [-0.997662,0.0,0.0683585],
        [-680.254,4.33756,350.956]
      ],
      "team": 2,
      "groupName": "sector_3"
    }
  },
  {
    "entity": {
      "_template": "respawnChooser+respVehicle",
      "respTime": 150,
      "groupName": "sector_1",
      "team": 2,
      "maxVehicleOnSpawn": 2,
      "transform": [
        [0.696407,0.0,-0.717649],
        [0.0,1.0,0.0],
        [0.717649,0.0,0.696407],
        [-651.868,6.37562,510.936]
      ],
      "respawnBaseGroup": 2,
      "active": false
    }
  },
  {
    "entity": {
      "_template": "respawnChooser+respMotorcycle",
      "active": false,
      "transform": [
        [0.696407,0.0,-0.717649],
        [0.0,1.0,0.0],
        [0.717649,0.0,0.696407],
        [-651.855,6.37562,510.963]
      ],
      "team": 2,
      "groupName": "sector_1",
      "respawnBaseGroup": 2
    }
  },
  {
    "entity": {
      "_template": "respawnChooser+respVehicle",
      "respTime": 150,
      "groupName": "sector_2",
