[
  {
    "import": {
      "scene": "content/enlisted/gamedata/scenes/_volokolamsk_sounds.blk"
    }
  },
  {
    "import": {
      "scene": "content/enlisted/gamedata/scenes/_volokolamsk_winter_biome_fx.blk"
    }
  },
  {
    "import": {
      "scene": "content/enlisted/gamedata/scenes/_volokolamsk_winter_monastery_fx.blk"
    }
  },
  {
    "entity": {
      "_template": "battle_area_polygon_point",
      "transform": [
        [0.859014,0.0,0.511952],
        [0.0,1.0,0.0],
        [-0.511952,0.0,0.859014],
        [-214.116,2.88278,-543.952]
      ],
      "battle_area_polygon_point__id": "point1",
      "battle_area_polygon_point__nextId": "point2",
      "battle_area_polygon_point__forBattleAreaId": "area2_3"
    }
  },
  {
    "entity": {
      "_template": "battle_area_polygon_point",
      "transform": [
        [0.859014,0.0,0.511952],
        [0.0,1.0,0.0],
        [-0.511952,0.0,0.859014],
        [-143.206,2.88278,-455.449]
      ],
      "battle_area_polygon_point__id": "point2",
      "battle_area_polygon_point__nextId": "point3",
      "battle_area_polygon_point__forBattleAreaId": "area2_3"
    }
  },
  {
    "entity": {
      "_template": "battle_area_polygon_point",
      "transform": [
        [0.859014,0.0,0.511952],
        [0.0,1.0,0.0],
        [-0.511952,0.0,0.859014],
        [-149.689,2.88278,-274.082]
      ],
      "battle_area_polygon_point__id": "point3",
      "battle_area_polygon_point__nextId": "point4",
      "battle_area_polygon_point__forBattleAreaId": "area2_3"
    }
  },
  {
    "entity": {
      "_template": "battle_area_polygon_point",
      "transform": [
        [0.859014,0.0,0.511952],
        [0.0,1.0,0.0],
        [-0.511952,0.0,0.859014],
        [-252.231,2.88278,-200.851]
      ],
      "battle_area_polygon_point__id": "point4",
      "battle_area_polygon_point__nextId": "point5",
      "battle_area_polygon_point__forBattleAreaId": "area2_3"
    }
  },
  {
    "entity": {
      "_template": "battle_area_polygon_point",
      "transform": [
        [0.859014,0.0,0.511952],
        [0.0,1.0,0.0],
        [-0.511952,0.0,0.859014],
        [-329.882,2.88278,-232.939]
      ],
      "battle_area_polygon_point__id": "point5",
      "battle_area_polygon_point__nextId": "point6",
      "battle_area_polygon_point__forBattleAreaId": "area2_3"
    }
  },
  {
    "entity": {
      "_template": "battle_area_polygon_point",
      "transform": [
        [0.859014,0.0,0.511952],
        [0.0,1.0,0.0],
        [-0.511952,0.0,0.859014],
        [-394.452,2.88278,-261.756]
      ],
      "battle_area_polygon_point__id": "point6",
      "battle_area_polygon_point__nextId": "point7",
      "battle_area_polygon_point__forBattleAreaId": "area2_3"
    }
  },
  {
    "entity": {
      "_template": "battle_area_polygon_point",
      "transform": [
        [0.859014,0.0,0.511952],
        [0.0,1.0,0.0],
        [-0.511952,0.0,0.859014],
        [-460.195,2.88277,-299.554]
      ],
      "battle_area_polygon_point__id": "point7",
      "battle_area_polygon_point__nextId": "point8",
      "battle_area_polygon_point__forBattleAreaId": "area2_3"
    }
  },
  {
    "entity": {
      "_template": "battle_area_polygon_point",
      "transform": [
        [0.859014,0.0,0.511952],
        [0.0,1.0,0.0],
        [-0.511952,0.0,0.859014],
        [-481.63,2.8828,-362.735]
      ],
      "battle_area_polygon_point__id": "point8",
      "battle_area_polygon_point__nextId": "point9",
      "battle_area_polygon_point__forBattleAreaId": "area2_3"
    }
  },
  {
    "entity": {
      "_template": "battle_area_polygon_point",
      "transform": [
        [0.859014,0.0,0.511952],
        [0.0,1.0,0.0],
        [-0.511952,0.0,0.859014],
        [-470.724,2.88278,-427.795]
      ],
      "battle_area_polygon_point__id": "point9",
      "battle_area_polygon_point__nextId": "point10",
      "battle_area_polygon_point__forBattleAreaId": "area2_3"
    }
  },
  {
    "entity": {
      "_template": "battle_area_polygon_point",
      "transform": [
        [0.859014,0.0,0.511952],
        [0.0,1.0,0.0],
        [-0.511952,0.0,0.859014],
        [-345.494,2.88278,-526.243]
      ],
      "battle_area_polygon_point__id": "point10",
      "battle_area_polygon_point__nextId": "point1",
      "battle_area_polygon_point__forBattleAreaId": "area2_3"
    }
  },
  {
    "entity": {
      "_template": "battle_area_polygon_point",
      "transform": [
        [0.859014,0.0,0.511952],
        [0.0,1.0,0.0],
        [-0.511952,0.0,0.859014],
        [-146.005,2.88275,-137.347]
      ],
      "battle_area_polygon_point__id": "point1",
      "battle_area_polygon_point__nextId": "point2",
      "battle_area_polygon_point__forBattleAreaId": "area2_4"
    }
  },
  {
    "entity": {
      "_template": "battle_area_polygon_point",
      "transform": [
        [0.859014,0.0,0.511952],
        [0.0,1.0,0.0],
        [-0.511952,0.0,0.859014],
        [-162.834,2.88278,-129.286]
      ],
      "battle_area_polygon_point__id": "point2",
      "battle_area_polygon_point__nextId": "point3",
      "battle_area_polygon_point__forBattleAreaId": "area2_4"
    }
  },
  {
    "entity": {
      "_template": "battle_area_polygon_point",
      "transform": [
        [0.859014,0.0,0.511952],
        [0.0,1.0,0.0],
        [-0.511952,0.0,0.859014],
        [-178.033,2.88278,-124.701]
      ],
      "battle_area_polygon_point__id": "point3",
      "battle_area_polygon_point__nextId": "point4",
      "battle_area_polygon_point__forBattleAreaId": "area2_4"
    }
  },
  {
    "entity": {
      "_template": "battle_area_polygon_point",
      "transform": [
        [0.859014,0.0,0.511952],
        [0.0,1.0,0.0],
        [-0.511952,0.0,0.859014],
        [-272.01,2.88278,-105.116]
      ],
      "battle_area_polygon_point__id": "point4",
      "battle_area_polygon_point__nextId": "point5",
      "battle_area_polygon_point__forBattleAreaId": "area2_4"
    }
  },
  {
    "entity": {
      "_template": "battle_area_polygon_point",
      "transform": [
        [0.859014,0.0,0.511952],
        [0.0,1.0,0.0],
        [-0.511952,0.0,0.859014],
        [-346.633,2.88278,-143.217]
      ],
      "battle_area_polygon_point__id": "point5",
      "battle_area_polygon_point__nextId": "point6",
      "battle_area_polygon_point__forBattleAreaId": "area2_4"
    }
  },
  {
    "entity": {
      "_template": "battle_area_polygon_point",
      "transform": [
        [0.859014,0.0,0.511952],
        [0.0,1.0,0.0],
        [-0.511952,0.0,0.859014],
        [-441.508,2.88278,-234.202]
      ],
      "battle_area_polygon_point__id": "point6",
      "battle_area_polygon_point__nextId": "point7",
      "battle_area_polygon_point__forBattleAreaId": "area2_4"
    }
  },
  {
    "entity": {
      "_template": "battle_area_polygon_point",
      "transform": [
        [0.859014,0.0,0.511952],
        [0.0,1.0,0.0],
        [-0.511952,0.0,0.859014],
        [-471.319,2.88278,-289.606]
      ],
      "battle_area_polygon_point__id": "point7",
      "battle_area_polygon_point__nextId": "point8",
      "battle_area_polygon_point__forBattleAreaId": "area2_4"
    }
  },
  {
    "entity": {
      "_template": "battle_area_polygon_point",
      "transform": [
        [0.859014,0.0,0.511952],
        [0.0,1.0,0.0],
        [-0.511952,0.0,0.859014],
        [-485.924,2.88278,-360.335]
      ],
      "battle_area_polygon_point__id": "point8",
      "battle_area_polygon_point__nextId": "point9",
      "battle_area_polygon_point__forBattleAreaId": "area2_4"
    }
  },
  {
    "entity": {
      "_template": "battle_area_polygon_point",
      "transform": [
        [0.859014,0.0,0.511952],
        [0.0,1.0,0.0],
        [-0.511952,0.0,0.859014],
        [-335.33,2.88278,-485.771]
      ],
      "battle_area_polygon_point__id": "point9",
      "battle_area_polygon_point__nextId": "point10",
      "battle_area_polygon_point__forBattleAreaId": "area2_4"
    }
  },
  {
    "entity": {
      "_template": "battle_area_polygon_point",
      "transform": [
        [0.859014,0.0,0.511952],
        [0.0,1.0,0.0],
        [-0.511952,0.0,0.859014],
        [-136.704,2.88278,-454.349]
      ],
      "battle_area_polygon_point__id": "point10",
      "battle_area_polygon_point__nextId": "point11",
      "battle_area_polygon_point__forBattleAreaId": "area2_4"
    }
  },
  {
    "entity": {
      "_template": "battle_area_polygon_point",
      "transform": [
        [0.859014,0.0,0.511952],
        [0.0,1.0,0.0],
        [-0.511952,0.0,0.859014],
        [-0.125374,2.88278,-260.606]
      ],
      "battle_area_polygon_point__id": "point11",
      "battle_area_polygon_point__nextId": "point12",
      "battle_area_polygon_point__forBattleAreaId": "area2_4"
    }
  },
  {
    "entity": {
      "_template": "battle_area_polygon_point",
      "transform": [
        [0.859014,0.0,0.511952],
        [0.0,1.0,0.0],
        [-0.511952,0.0,0.859014],
        [-44.0551,2.88278,-199.969]
      ],
      "battle_area_polygon_point__id": "point12",
      "battle_area_polygon_point__nextId": "point13",
      "battle_area_polygon_point__forBattleAreaId": "area2_4"
    }
  },
  {
    "entity": {
      "_template": "battle_area_polygon_point",
      "transform": [
        [0.859014,0.0,0.511952],
        [0.0,1.0,0.0],
        [-0.511952,0.0,0.859014],
        [-72.18,2.88278,-168.97]
      ],
      "battle_area_polygon_point__id": "point13",
      "battle_area_polygon_point__nextId": "point14",
      "battle_area_polygon_point__forBattleAreaId": "area2_4"
    }
  },
  {
    "entity": {
      "_template": "battle_area_polygon_point",
      "transform": [
        [0.859014,0.0,0.511952],
        [0.0,1.0,0.0],
        [-0.511952,0.0,0.859014],
        [-106.241,2.88278,-148.495]
      ],
      "battle_area_polygon_point__id": "point14",
      "battle_area_polygon_point__nextId": "point1",
      "battle_area_polygon_point__forBattleAreaId": "area2_4"
    }
  },
  {
    "entity": {
      "_template": "battle_area_polygon_point",
      "transform": [
        [0.859014,0.0,0.511952],
        [0.0,1.0,0.0],
        [-0.511952,0.0,0.859014],
        [17.5531,2.88278,-204.916]
      ],
      "battle_area_polygon_point__id": "point1",
      "battle_area_polygon_point__nextId": "point2",
      "battle_area_polygon_point__forBattleAreaId": "area2_5"
    }
  },
  {
    "entity": {
      "_template": "battle_area_polygon_point",
      "transform": [
        [0.859014,0.0,0.511952],
        [0.0,1.0,0.0],
        [-0.511952,0.0,0.859014],
        [14.1843,2.88278,-111.198]
      ],
      "battle_area_polygon_point__id": "point2",
      "battle_area_polygon_point__nextId": "point3",
      "battle_area_polygon_point__forBattleAreaId": "area2_5"
    }
  },
  {
    "entity": {
      "_template": "battle_area_polygon_point",
      "transform": [
        [0.859014,0.0,0.511952],
        [0.0,1.0,0.0],
        [-0.511952,0.0,0.859014],
        [-72.2416,2.88278,-54.4414]
      ],
      "battle_area_polygon_point__id": "point3",
      "battle_area_polygon_point__nextId": "point4",
      "battle_area_polygon_point__forBattleAreaId": "area2_5"
    }
  },
  {
    "entity": {
      "_template": "battle_area_polygon_point",
      "transform": [
        [0.859014,0.0,0.511952],
        [0.0,1.0,0.0],
        [-0.511952,0.0,0.859014],
        [-133.346,2.88278,-37.2265]
      ],
      "battle_area_polygon_point__id": "point4",
      "battle_area_polygon_point__nextId": "point5",
      "battle_area_polygon_point__forBattleAreaId": "area2_5"
    }
  },
  {
    "entity": {
      "_template": "battle_area_polygon_point",
      "transform": [
        [0.859014,0.0,0.511952],
        [0.0,1.0,0.0],
        [-0.511952,0.0,0.859014],
        [-409.101,2.88278,-75.327]
      ],
      "battle_area_polygon_point__id": "point5",
      "battle_area_polygon_point__nextId": "point6",
      "battle_area_polygon_point__forBattleAreaId": "area2_5"
    }
  },
  {
    "entity": {
      "_template": "battle_area_polygon_point",
      "transform": [
        [0.859014,0.0,0.511952],
        [0.0,1.0,0.0],
        [-0.511952,0.0,0.859014],
        [-391.433,2.88278,-196.642]
      ],
      "battle_area_polygon_point__id": "point6",
      "battle_area_polygon_point__nextId": "point7",
      "battle_area_polygon_point__forBattleAreaId": "area2_5"
    }
  },
  {
    "entity": {
      "_template": "battle_area_polygon_point",
      "transform": [
        [0.859014,0.0,0.511952],
        [0.0,1.0,0.0],
        [-0.511952,0.0,0.859014],
        [-376.731,2.88278,-270.955]
      ],
      "battle_area_polygon_point__id": "point7",
      "battle_area_polygon_point__nextId": "point8",
      "battle_area_polygon_point__forBattleAreaId": "area2_5"
    }
  },
  {
    "entity": {
      "_template": "battle_area_polygon_point",
      "transform": [
        [0.859014,0.0,0.511952],
        [0.0,1.0,0.0],
        [-0.511952,0.0,0.859014],
        [-376.614,2.88278,-271.669]
      ],
      "battle_area_polygon_point__id": "point8",
      "battle_area_polygon_point__nextId": "point9",
      "battle_area_polygon_point__forBattleAreaId": "area2_5"
    }
  },
  {
    "entity": {
      "_template": "battle_area_polygon_point",
      "transform": [
        [0.859014,0.0,0.511952],
        [0.0,1.0,0.0],
        [-0.511952,0.0,0.859014],
        [-298.651,2.88278,-352.785]
      ],
      "battle_area_polygon_point__id": "point9",
      "battle_area_polygon_point__nextId": "point10",
      "battle_area_polygon_point__forBattleAreaId": "area2_5"
    }
  },
  {
    "entity": {
      "_template": "battle_area_polygon_point",
      "transform": [
        [0.859014,0.0,0.511952],
        [0.0,1.0,0.0],
        [-0.511952,0.0,0.859014],
        [-30.5945,4.63123,-298.741]
      ],
      "battle_area_polygon_point__id": "point10",
      "battle_area_polygon_point__nextId": "point1",
      "battle_area_polygon_point__forBattleAreaId": "area2_5"
    }
  },
  {
    "entity": {
      "_template": "battle_area_polygon_point",
      "transform": [
        [0.859014,0.0,0.511952],
        [0.0,1.0,0.0],
        [-0.511952,0.0,0.859014],
        [-2.3891,2.88278,-239.393]
      ],
      "battle_area_polygon_point__id": "point1",
      "battle_area_polygon_point__nextId": "point2",
      "battle_area_polygon_point__forBattleAreaId": "area1_3"
    }
  },
  {
    "entity": {
      "_template": "battle_area_polygon_point",
      "transform": [
        [0.859014,0.0,0.511952],
        [0.0,1.0,0.0],
        [-0.511952,0.0,0.859014],
        [16.4564,2.88278,-131.053]
      ],
      "battle_area_polygon_point__id": "point2",
      "battle_area_polygon_point__nextId": "point3",
      "battle_area_polygon_point__forBattleAreaId": "area1_3"
    }
  },
  {
    "entity": {
      "_template": "battle_area_polygon_point",
      "transform": [
        [0.859014,0.0,0.511952],
        [0.0,1.0,0.0],
        [-0.511952,0.0,0.859014],
        [-153.31,2.88278,-80.6301]
      ],
      "battle_area_polygon_point__id": "point3",
      "battle_area_polygon_point__nextId": "point4",
      "battle_area_polygon_point__forBattleAreaId": "area1_3"
    }
  },
  {
    "entity": {
      "_template": "battle_area_polygon_point",
      "transform": [
        [0.859014,0.0,0.511952],
        [0.0,1.0,0.0],
        [-0.511952,0.0,0.859014],
        [-275.339,2.88278,-93.7021]
      ],
      "battle_area_polygon_point__id": "point4",
      "battle_area_polygon_point__nextId": "point5",
      "battle_area_polygon_point__forBattleAreaId": "area1_3"
    }
  },
  {
    "entity": {
      "_template": "battle_area_polygon_point",
      "transform": [
        [0.859014,0.0,0.511952],
        [0.0,1.0,0.0],
        [-0.511952,0.0,0.859014],
        [-310.898,2.88278,-119.747]
      ],
      "battle_area_polygon_point__id": "point5",
      "battle_area_polygon_point__nextId": "point6",
      "battle_area_polygon_point__forBattleAreaId": "area1_3"
    }
  },
  {
    "entity": {
      "_template": "battle_area_polygon_point",
      "transform": [
        [0.859014,0.0,0.511952],
        [0.0,1.0,0.0],
        [-0.511952,0.0,0.859014],
        [-358.863,2.88278,-301.073]
      ],
      "battle_area_polygon_point__id": "point6",
      "battle_area_polygon_point__nextId": "point7",
      "battle_area_polygon_point__forBattleAreaId": "area1_3"
    }
  },
  {
    "entity": {
      "_template": "battle_area_polygon_point",
      "transform": [
        [0.859014,0.0,0.511952],
        [0.0,1.0,0.0],
        [-0.511952,0.0,0.859014],
        [-306.243,2.88278,-351.914]
      ],
      "battle_area_polygon_point__id": "point7",
      "battle_area_polygon_point__nextId": "point8",
      "battle_area_polygon_point__forBattleAreaId": "area1_3"
    }
  },
  {
    "entity": {
      "_template": "battle_area_polygon_point",
      "transform": [
        [0.859014,0.0,0.511952],
        [0.0,1.0,0.0],
        [-0.511952,0.0,0.859014],
        [-283.347,2.88279,-396.669]
      ],
      "battle_area_polygon_point__id": "point8",
      "battle_area_polygon_point__nextId": "point9",
      "battle_area_polygon_point__forBattleAreaId": "area1_3"
    }
  },
  {
    "entity": {
      "_template": "battle_area_polygon_point",
      "transform": [
        [0.859014,0.0,0.511952],
        [0.0,1.0,0.0],
        [-0.511952,0.0,0.859014],
        [-212.301,2.88278,-440.969]
      ],
      "battle_area_polygon_point__id": "point9",
      "battle_area_polygon_point__nextId": "point10",
      "battle_area_polygon_point__forBattleAreaId": "area1_3"
    }
  },
  {
    "entity": {
      "_template": "battle_area_polygon_point",
      "transform": [
        [0.859014,0.0,0.511952],
        [0.0,1.0,0.0],
        [-0.511952,0.0,0.859014],
        [-122.313,2.88278,-456.914]
      ],
      "battle_area_polygon_point__id": "point10",
      "battle_area_polygon_point__nextId": "point1",
      "battle_area_polygon_point__forBattleAreaId": "area1_3"
    }
  },
  {
    "entity": {
      "_template": "battle_area_polygon_point",
      "transform": [
        [0.859014,0.0,0.511952],
        [0.0,1.0,0.0],
        [-0.511952,0.0,0.859014],
        [15.6987,2.88278,-129.785]
      ],
      "battle_area_polygon_point__id": "point1",
      "battle_area_polygon_point__nextId": "point2",
      "battle_area_polygon_point__forBattleAreaId": "area1_4"
    }
  },
  {
    "entity": {
      "_template": "battle_area_polygon_point",
      "transform": [
        [0.859014,0.0,0.511952],
        [0.0,1.0,0.0],
        [-0.511952,0.0,0.859014],
        [7.26639,2.88278,-38.8669]
      ],
      "battle_area_polygon_point__id": "point2",
      "battle_area_polygon_point__nextId": "point3",
      "battle_area_polygon_point__forBattleAreaId": "area1_4"
    }
  },
  {
    "entity": {
      "_template": "battle_area_polygon_point",
      "transform": [
        [0.859014,0.0,0.511952],
        [0.0,1.0,0.0],
        [-0.511952,0.0,0.859014],
        [-128.398,2.88278,14.8071]
      ],
      "battle_area_polygon_point__id": "point3",
      "battle_area_polygon_point__nextId": "point4",
      "battle_area_polygon_point__forBattleAreaId": "area1_4"
    }
  },
  {
    "entity": {
      "_template": "battle_area_polygon_point",
      "transform": [
        [0.859014,0.0,0.511952],
        [0.0,1.0,0.0],
        [-0.511952,0.0,0.859014],
        [-326.363,2.88278,-23.8451]
      ],
      "battle_area_polygon_point__id": "point4",
      "battle_area_polygon_point__nextId": "point5",
      "battle_area_polygon_point__forBattleAreaId": "area1_4"
    }
  },
  {
    "entity": {
      "_template": "battle_area_polygon_point",
      "transform": [
        [0.859014,0.0,0.511952],
        [0.0,1.0,0.0],
        [-0.511952,0.0,0.859014],
        [-310.942,2.88278,-119.789]
      ],
      "battle_area_polygon_point__id": "point5",
      "battle_area_polygon_point__nextId": "point6",
      "battle_area_polygon_point__forBattleAreaId": "area1_4"
    }
  },
  {
    "entity": {
      "_template": "battle_area_polygon_point",
      "transform": [
        [0.859014,0.0,0.511952],
        [0.0,1.0,0.0],
        [-0.511952,0.0,0.859014],
        [-302.523,2.88278,-168.7]
      ],
      "battle_area_polygon_point__id": "point6",
      "battle_area_polygon_point__nextId": "point7",
      "battle_area_polygon_point__forBattleAreaId": "area1_4"
    }
  },
  {
    "entity": {
      "_template": "battle_area_polygon_point",
      "transform": [
        [0.859014,0.0,0.511952],
        [0.0,1.0,0.0],
        [-0.511952,0.0,0.859014],
        [-235.591,2.88278,-243.549]
      ],
      "battle_area_polygon_point__id": "point7",
      "battle_area_polygon_point__nextId": "point8",
      "battle_area_polygon_point__forBattleAreaId": "area1_4"
    }
  },
  {
    "entity": {
      "_template": "battle_area_polygon_point",
      "transform": [
        [0.859014,0.0,0.511952],
        [0.0,1.0,0.0],
        [-0.511952,0.0,0.859014],
        [-188.62,2.88278,-276.826]
      ],
      "battle_area_polygon_point__id": "point8",
      "battle_area_polygon_point__nextId": "point9",
      "battle_area_polygon_point__forBattleAreaId": "area1_4"
    }
  },
  {
    "entity": {
      "_template": "battle_area_polygon_point",
      "transform": [
        [0.859014,0.0,0.511952],
        [0.0,1.0,0.0],
        [-0.511952,0.0,0.859014],
        [-67.0364,2.88278,-288.63]
      ],
      "battle_area_polygon_point__id": "point9",
      "battle_area_polygon_point__nextId": "point10",
      "battle_area_polygon_point__forBattleAreaId": "area1_4"
    }
  },
  {
    "entity": {
      "_template": "battle_area_polygon_point",
      "transform": [
        [0.859014,0.0,0.511952],
        [0.0,1.0,0.0],
        [-0.511952,0.0,0.859014],
        [-2.43372,2.88278,-239.273]
      ],
      "battle_area_polygon_point__id": "point10",
      "battle_area_polygon_point__nextId": "point1",
      "battle_area_polygon_point__forBattleAreaId": "area1_4"
    }
  },
  {
    "entity": {
      "_template": "battle_area_polygon_point",
      "transform": [
        [0.859014,0.0,0.511952],
        [0.0,1.0,0.0],
        [-0.511952,0.0,0.859014],
        [16.3944,2.88278,-130.102]
      ],
      "battle_area_polygon_point__id": "point1",
      "battle_area_polygon_point__nextId": "point2",
      "battle_area_polygon_point__forBattleAreaId": "area1_5"
    }
  },
  {
    "entity": {
      "_template": "battle_area_polygon_point",
      "transform": [
        [0.859014,0.0,0.511952],
        [0.0,1.0,0.0],
        [-0.511952,0.0,0.859014],
        [47.7635,2.88278,65.6252]
      ],
      "battle_area_polygon_point__id": "point2",
      "battle_area_polygon_point__nextId": "point3",
      "battle_area_polygon_point__forBattleAreaId": "area1_5"
    }
  },
  {
    "entity": {
      "_template": "battle_area_polygon_point",
      "transform": [
        [0.859014,0.0,0.511952],
        [0.0,1.0,0.0],
        [-0.511952,0.0,0.859014],
        [-114.543,2.88278,126.819]
      ],
      "battle_area_polygon_point__id": "point3",
      "battle_area_polygon_point__nextId": "point4",
      "battle_area_polygon_point__forBattleAreaId": "area1_5"
    }
  },
  {
    "entity": {
      "_template": "battle_area_polygon_point",
      "transform": [
        [0.859014,0.0,0.511952],
        [0.0,1.0,0.0],
        [-0.511952,0.0,0.859014],
        [-342.496,2.88278,82.1425]
      ],
      "battle_area_polygon_point__id": "point4",
      "battle_area_polygon_point__nextId": "point5",
      "battle_area_polygon_point__forBattleAreaId": "area1_5"
    }
  },
  {
    "entity": {
      "_template": "battle_area_polygon_point",
      "transform": [
        [0.859014,0.0,0.511952],
        [0.0,1.0,0.0],
        [-0.511952,0.0,0.859014],
        [-310.531,2.88278,-119.377]
      ],
      "battle_area_polygon_point__id": "point5",
      "battle_area_polygon_point__nextId": "point6",
      "battle_area_polygon_point__forBattleAreaId": "area1_5"
    }
  },
  {
    "entity": {
      "_template": "battle_area_polygon_point",
      "transform": [
        [0.859014,0.0,0.511952],
        [0.0,1.0,0.0],
        [-0.511952,0.0,0.859014],
        [-277.488,2.88278,-131.483]
      ],
      "battle_area_polygon_point__id": "point6",
      "battle_area_polygon_point__nextId": "point7",
      "battle_area_polygon_point__forBattleAreaId": "area1_5"
    }
  },
  {
    "entity": {
      "_template": "battle_area_polygon_point",
      "transform": [
        [0.859014,0.0,0.511952],
        [0.0,1.0,0.0],
        [-0.511952,0.0,0.859014],
        [-62.6292,2.88278,-222.058]
      ],
      "battle_area_polygon_point__id": "point7",
      "battle_area_polygon_point__nextId": "point8",
      "battle_area_polygon_point__forBattleAreaId": "area1_5"
    }
  },
  {
    "entity": {
      "_template": "battle_area_polygon_point",
      "transform": [
        [0.859014,0.0,0.511952],
        [0.0,1.0,0.0],
        [-0.511952,0.0,0.859014],
        [2.26376,2.88278,-165.257]
      ],
      "battle_area_polygon_point__id": "point8",
      "battle_area_polygon_point__nextId": "point1",
      "battle_area_polygon_point__forBattleAreaId": "area1_5"
    }
  },
  {
    "entity": {
      "_template": "poly_battle_area",
      "transform": [
        [1.0,0.0,0.0],
        [0.0,1.0,0.0],
        [0.0,0.0,1.0],
        [0.0,0.0,0.0]
      ],
      "groupName": "sector_1",
      "active": false,
      "battle_area__team": 2,
      "battleAreaId": "area2_3"
    }
  },
  {
    "entity": {
      "_template": "poly_battle_area",
      "transform": [
        [1.0,0.0,0.0],
        [0.0,1.0,0.0],
        [0.0,0.0,1.0],
        [0.0,0.0,0.0]
      ],
      "groupName": "sector_2",
      "active": false,
      "battle_area__team": 2,
      "battleAreaId": "area2_4"
    }
  },
  {
    "entity": {
      "_template": "poly_battle_area",
      "transform": [
        [1.0,0.0,0.0],
        [0.0,1.0,0.0],
        [0.0,0.0,1.0],
        [0.0,0.0,0.0]
      ],
      "groupName": "sector_3",
      "active": false,
      "battle_area__team": 2,
      "battleAreaId": "area2_5"
    }
  },
  {
    "entity": {
      "_template": "poly_battle_area",
      "transform": [
        [1.0,0.0,0.0],
        [0.0,1.0,0.0],
        [0.0,0.0,1.0],
        [0.0,0.0,0.0]
      ],
      "groupName": "sector_1",
      "active": false,
      "battle_area__team": 1,
      "battleAreaId": "area1_3"
    }
  },
  {
    "entity": {
      "_template": "poly_battle_area",
      "transform": [
        [1.0,0.0,0.0],
        [0.0,1.0,0.0],
        [0.0,0.0,1.0],
        [0.0,0.0,0.0]
      ],
      "groupName": "sector_2",
      "active": false,
      "battle_area__team": 1,
      "battleAreaId": "area1_4"
    }
  },
  {
    "entity": {
      "_template": "poly_battle_area",
      "transform": [
        [1.0,0.0,0.0],
        [0.0,1.0,0.0],
        [0.0,0.0,1.0],
        [0.0,0.0,0.0]
      ],
      "groupName": "sector_3",
      "active": false,
      "battle_area__team": 1,
      "battleAreaId": "area1_5"
    }
  },
  {
    "entity": {
      "_template": "aircraft_box_battle_area",
      "transform": [
        [8000.54,0.0,-8000.38],
        [0.0,8000.36,0.0],
        [8000.55,0.0,8000.12],
        [-133.617,240.99,428.499]
      ],
      "battle_area__team": -1
    }
  },
  {
    "entity": {
      "_template": "minimap_battle_of_moscow_volokolamsk_countryside_winter"
    }
  },
  {
    "entity": {
      "_template": "wind"
    }
  },
  {
    "entity": {
      "_template": "postfx_color_grading_tonemap_death_alive_enlisted"
    }
  },
  {
    "entity": {
      "_template": "shaderVars",
      "shader_vars__vars:object": {
        "hmap_displacement_up": 0.3,
        "ocean1": "#8e894700",
        "ocean0": "#4c3f0500",
        "ocean_density": 0.1,
        "land_selfillum_worldscale": 0.9,
        "river1": "#8e894700",
        "river0": "#4c3f0500",
        "hmap_displacement_down": -0.15,
        "puddle_flat_hmap_reduce": 0.03,
        "autodetect_land_selfillum_color": [0.53,0.0,0.0,0.16],
        "paint_details_tex": "volokolamsk_building_colors_tex_palette*",
        "land_selfillum_strength": 32.0,
        "water_color_noise_size": 71.0,
        "river_density": 0.3
      }
    }
  },
  {
    "entity": {
      "_template": "bloom"
    }
  },
  {
    "entity": {
      "_template": "postfx_roundctrl"
    }
  },
  {
    "entity": {
      "_template": "door_mult_ent_generator",
      "ri_extra_gen__blk": "content/enlisted/gamedata/volokolamsk_doors.blk"
    }
  },
  {
    "entity": {
      "_template": "session_finalizer",
      "session_finalizer__timer": 10.0
    }
  },
  {
    "entity": {
      "_template": "briefing_destruction",
      "mission_name": "volokolamsk_monastery_bomb",
      "mission_outfit": "moscow",
      "loading_images:list<t>": [
        {
          "item": "ui/volokolamsk_monastery_01.avif"
        },
        {
          "item": "ui/volokolamsk_monastery_02.avif"
        },
        {
          "item": "ui/volokolamsk_monastery_03.avif"
        }
      ]
    }
  },
  {
    "entity": {
      "_template": "team_ussr+team_narrator_assault_defence+respawn_creators_team",
      "team__countAdd": 0.5,
      "team__memberCount": 0.5,
      "team__scoreCap": 3000.0,
      "team__capturePenalty": 1001.0,
      "team__score": 3000.0,
      "team__id": 1,
      "team__briefing": "assault/defenders_goals",
      "team__winSubtitle": "debriefing/won_defence_subtitle",
      "team__loseSubtitle": "debriefing/lost_defence_subtitle",
      "team__winTitle": "debriefing/ussr_won_destruction_defence_title",
      "team__spawnBotArmy": "moscow_allies"
    }
  },
  {
    "entity": {
      "_template": "team_germany_winter+team_narrator_assault_attack+respawn_creators_team",
      "team__memberCount": 0.0,
      "team__scoreCap": 3500.0,
      "team__score": 3500.0,
      "team__squadSpawnCost": 250,
      "team__firstSpawnCostMul": 0.0,
      "team__zeroScoreFailTimer": 60.0,
      "team__id": 2,
      "team__briefing": "assault/attackers_goals",
      "team__winSubtitle": "debriefing/won_invasion_subtitle",
      "team__loseSubtitle": "debriefing/lost_invasion_subtitle",
      "team__winTitle": "debriefing/axis_won_destruction_attack_title",
      "team__spawnBotArmy": "moscow_axis"
    }
  },
  {
    "entity": {
      "_template": "enemy_attack_marker"
    }
  },
  {
    "entity": {
      "_template": "static_cam",
      "camera__active": true,
      "transform": [
        [0.185817,0.0253055,-0.982259],
        [-0.0707014,0.997421,0.0123213],
        [0.980037,0.0671575,0.187127],
        [-310.306,23.9302,-276.175]
      ]
    }
  },
  {
    "entity": {
      "_template": "group_activator",
      "activator__activateChoice:object": {
        "sector_1": 1.0
      }
    }
  },
  {
    "entity": {
      "_template": "bomb_site_zone_chained_sphere+defend_zone_respawnbase",
      "transform": [
        [-0.99992,0.00391945,-0.0120606],
        [0.00322448,0.998362,0.057112],
        [0.0122647,0.0570686,-0.998296],
        [-263.326,6.37083,-276.611]
      ],
      "groupName": "sector_1",
      "capzone__capRewardPartCap": 1.8,
      "capzone__mustBeCapturedByTeam": 2,
      "capzone__caption": "capzone/field_headquarters",
      "active": false,
      "ui_order": 1,
      "capzone__capReward": 500.0,
      "capzone__checkAllZonesInGroup": true,
      "capzone__deactivateAfterTimeout": 25.0,
      "capzone__spawnAtZoneTimeout": 25.0,
      "capzone__createRespawnBaseForTeam": 1,
      "sphere_zone__radius": 14.0,
      "capzone__createRespawnBase": "respawnBaseGroupActivator",
      "capzone__createdRespawnBaseGroup": 3,
      "capzone__plantingTeam": 2,
      "capzone__timeToPlant": 20.0,
      "capzone__timeToDefuse": 30.0,
      "capzone__timeToExplosion": 40.0,
      "capzone__bombTemplate": "bomb_site+bomb_site_radar_hardware_animchar_02_without_antenna",
      "capzone__bombTransformLocalPos": [
        [-0.0493417,0.0,0.998783],
        [0.0,1.0,0.0],
        [-0.998784,0.0,-0.0493417],
        [-0.269196,-1.97894,-0.0874634]
      ],
      "capzone__activateChoice:object": {
        "sector_2": 1.0
      }
    }
  },
  {
    "entity": {
      "_template": "bomb_site_zone_chained_sphere+defend_zone_respawnbase",
      "transform": [
        [-0.363747,0.0209106,-0.931263],
        [0.0210139,0.999678,0.0142388],
        [0.93126,-0.0143901,-0.364069],
        [-216.69,6.85822,-299.543]
      ],
      "groupName": "sector_1",
      "capzone__capRewardPartCap": 1.8,
      "capzone__mustBeCapturedByTeam": 2,
      "capzone__caption": "capzone/artillery_emplacement",
      "active": false,
      "ui_order": 1,
      "capzone__capReward": 500.0,
      "capzone__checkAllZonesInGroup": true,
      "capzone__deactivateAfterTimeout": 25.0,
      "capzone__spawnAtZoneTimeout": 25.0,
      "capzone__createRespawnBaseForTeam": 1,
      "sphere_zone__radius": 14.0,
      "capzone__createRespawnBase": "respawnBaseGroupActivator",
      "capzone__createdRespawnBaseGroup": 3,
      "capzone__plantingTeam": 2,
      "capzone__timeToPlant": 20.0,
      "capzone__timeToDefuse": 30.0,
      "capzone__timeToExplosion": 40.0,
      "capzone__bombTemplate": "bomb_site+bomb_site_radar_hardware_animchar_01_without_antenna",
      "capzone__bombTransformLocalPos": [
        [0.954665,0.0,0.297687],
        [0.0,1.0,-0.0],
        [-0.297687,0.0,0.954665],
        [0.0293427,-1.91354,-0.205322]
      ],
      "capzone__activateChoice:object": {
        "sector_2": 1.0
      }
    }
  },
  {
    "entity": {
      "_template": "bomb_site_zone_chained_sphere+defend_zone_respawnbase",
      "transform": [
        [-0.357334,0.0,-1.34311],
        [0.0,1.10884,0.0],
        [0.840297,0.0,-0.22356],
        [-171.866,18.7791,-186.758]
      ],
      "groupName": "sector_2",
      "capzone__capRewardPartCap": 1.8,
      "capzone__mustBeCapturedByTeam": 2,
      "capzone__caption": "capzone/gate",
      "active": false,
      "ui_order": 1,
      "capzone__capReward": 500.0,
      "capzone__checkAllZonesInGroup": true,
      "capzone__deactivateAfterTimeout": 25.0,
      "capzone__spawnAtZoneTimeout": 25.0,
      "capzone__createRespawnBaseForTeam": 1,
      "sphere_zone__radius": 14.0,
      "capzone__createRespawnBase": "respawnBaseGroupActivator",
      "capzone__createdRespawnBaseGroup": 4,
      "capzone__plantingTeam": 2,
      "capzone__timeToPlant": 20.0,
      "capzone__timeToDefuse": 30.0,
      "capzone__timeToExplosion": 40.0,
      "capzone__bombTemplate": "bomb_site+bomb_site_radar_hardware_animchar_03",
      "capzone__bombTransformLocalPos": [
        [0.703244,0.0,0.710951],
        [0.0,1.0,-0.0],
        [-0.710951,0.0,0.703244],
        [0.30368,-1.77432,0.427261]
      ],
      "capzone__activateChoice:object": {
        "sector_3": 1.0
      }
    }
  },
  {
    "entity": {
      "_template": "bomb_site_zone_chained_box+defend_zone_respawnbase",
      "transform": [
        [-20.2893,0.0,3.81478],
        [0.0,7.43715,0.0],
        [-3.81478,0.0,-20.2893],
        [-93.3509,28.1562,-124.863]
      ],
      "capzone__capRewardPartCap": 1.8,
      "capzone__mustBeCapturedByTeam": 2,
      "groupName": "sector_3",
      "active": false,
      "ui_order": 2,
      "capzone__capReward": 500.0,
      "capzone__caption": "capzone/сathedral",
      "capzone__timeToPlant": 20.0,
      "capzone__timeToDefuse": 30.0,
      "capzone__timeToExplosion": 40.0,
      "capzone__checkAllZonesInGroup": true,
      "capzone__deactivateAfterTimeout": 25.0,
      "capzone__spawnAtZoneTimeout": 25.0,
      "capzone__createRespawnBaseForTeam": 1,
      "capzone__createdRespawnBaseGroup": 5,
      "capzone__createRespawnBase": "respawnBaseGroupActivator",
      "capzone__plantingTeam": 2,
      "capzone__bombTemplate": "bomb_site+bomb_site_radar_hardware_animchar_04",
      "capzone__bombTransformLocalPos": [
        [-0.94921,0.0,0.314642],
        [0.0,1.0,0.0],
        [-0.314642,0.0,-0.94921],
        [-0.419548,-1.94024,-0.264244]
      ]
    }
  },
  {
    "entity": {
      "_template": "bomb_site_zone_chained_box+defend_zone_respawnbase",
      "transform": [
        [-17.0334,0.0,-3.94061],
        [0.0,3.71804,0.0],
        [3.94374,0.0,-17.0469],
        [-218.998,22.6294,-81.1346]
      ],
      "capzone__capRewardPartCap": 1.8,
      "capzone__mustBeCapturedByTeam": 2,
      "groupName": "sector_3",
      "active": false,
      "ui_order": 2,
      "capzone__capReward": 500.0,
      "capzone__caption": "capzone/warehouse",
      "capzone__timeToPlant": 20.0,
      "capzone__timeToDefuse": 30.0,
      "capzone__timeToExplosion": 40.0,
      "capzone__checkAllZonesInGroup": true,
      "capzone__deactivateAfterTimeout": 25.0,
      "capzone__spawnAtZoneTimeout": 25.0,
      "capzone__createRespawnBaseForTeam": 1,
      "capzone__createdRespawnBaseGroup": 5,
      "capzone__createRespawnBase": "respawnBaseGroupActivator",
      "capzone__plantingTeam": 2,
      "capzone__bombTemplate": "bomb_site+bomb_site_radar_hardware_animchar_05",
      "capzone__bombTransformLocalPos": [
        [0.284444,0.0,0.958692],
        [0.0,1.0,-0.0],
        [-0.958692,0.0,0.284444],
        [-0.198669,-1.94024,-0.168137]
      ]
    }
  },
  {
    "entity": {
      "_template": "respawnChooser+respTeam1",
      "transform": [
        [-0.982458,0.0,-0.186483],
        [0.0,1.0,0.0],
        [0.186483,0.0,-0.982457],
        [-87.7459,5.50588,-288.22]
      ],
      "respawnBaseGroup": 1,
      "groupName": "sector_1",
      "active": false
    }
  },
  {
    "entity": {
      "_template": "respawnChooser+respTeam1",
      "transform": [
        [-0.988479,0.0,-0.151358],
        [0.0,1.0,0.0],
        [0.151358,0.0,-0.988479],
        [-84.1776,7.34348,-279.578]
      ],
      "respawnBaseGroup": 1,
      "groupName": "sector_1",
      "active": false
    }
  },
  {
    "entity": {
      "_template": "respawnChooser+respTeam1",
      "transform": [
        [-0.435485,0.0,-0.900196],
        [0.0,1.0,0.0],
        [0.900196,0.0,-0.435485],
        [-184.272,18.65,-175.132]
      ],
      "respawnBaseGroup": 2,
      "groupName": "sector_1",
      "active": false
    }
  },
  {
    "entity": {
      "_template": "respawnChooser+respTeam1",
      "transform": [
        [-0.396673,0.0,-0.91796],
        [0.0,1.0,0.0],
        [0.91796,0.0,-0.396673],
        [-151.964,16.3497,-183.504]
      ],
      "respawnBaseGroup": 2,
      "groupName": "sector_1",
      "active": false
    }
  },
  {
    "entity": {
      "_template": "respawnChooser+respTeam2",
      "transform": [
        [0.999794,0.0,-0.0202301],
        [0.0,1.0,0.0],
        [0.0202301,-0.0,0.999794],
        [-417.434,3.60984,-320.998]
      ],
      "respawnBaseGroup": 1,
      "groupName": "sector_1",
      "active": false
    }
  },
  {
    "entity": {
      "_template": "respawnChooser+respTeam2",
      "transform": [
        [0.952322,0.0,0.305093],
        [0.0,1.0,-0.0],
        [-0.305093,0.0,0.952323],
        [-311.159,6.01992,-409.496]
      ],
      "respawnBaseGroup": 2,
      "groupName": "sector_1",
      "active": false
    }
  },
  {
    "entity": {
      "_template": "respawnChooser+respVehicle",
      "respTime": 150,
      "groupName": "sector_1",
      "team": 1,
      "maxVehicleOnSpawn": 2,
      "transform": [
        [-0.83511,0.0,-0.550084],
        [0.0,1.0,0.0],
        [0.550084,0.0,-0.83511],
        [-43.7397,14.0969,-227.698]
      ],
      "active": false,
      "respawnBaseGroup": 1
    }
  },
  {
    "entity": {
      "_template": "respawnChooser+respVehicle",
      "respTime": 150,
      "groupName": "sector_1",
      "team": 2,
      "maxVehicleOnSpawn": 2,
      "transform": [
        [0.828177,0.0,0.560468],
        [0.0,1.0,0.0],
        [-0.560468,0.0,0.828177],
        [-412.743,3.71998,-415.718]
      ],
      "active": false,
      "respawnBaseGroup": 1
    }
  },
  {
    "entity": {
      "_template": "respawnChooser+respVehicle",
      "transform": [
        [-0.986899,0.0,-0.161346],
        [0.0,1.0,0.0],
        [0.161346,0.0,-0.986899],
