[
  {
    "import": {
      "scene": "content/enlisted/gamedata/scenes/_volokolamsk_sounds.blk"
    }
  },
  {
    "import": {
      "scene": "content/enlisted/gamedata/scenes/_volokolamsk_winter_biome_fx.blk"
    }
  },
  {
    "import": {
      "scene": "content/enlisted/gamedata/scenes/_volokolamsk_winter_city_fx.blk"
    }
  },
  {
    "entity": {
      "_template": "poly_battle_area",
      "transform": [
        [1.0,0.0,0.0],
        [0.0,1.0,0.0],
        [0.0,0.0,1.0],
        [0.0,0.0,0.0]
      ],
      "battle_area__team": 1,
      "battleAreaId": "area2_1",
      "groupName": "sector_1",
      "active": false,
      "poly_area__points:list<p3>": [
        {
          "item": [-1101.91,-2.922,231.998]
        },
        {
          "item": [-1094.87,17.7301,365.879]
        },
        {
          "item": [-1102.21,-2.922,400.604]
        },
        {
          "item": [-1156.82,-2.922,511.543]
        },
        {
          "item": [-1154.52,-2.922,527.596]
        },
        {
          "item": [-1350.01,-2.922,594.901]
        },
        {
          "item": [-1516.57,0.0,663.851]
        },
        {
          "item": [-1627.16,3.66791,393.296]
        }
      ]
    }
  },
  {
    "entity": {
      "_template": "poly_battle_area",
      "transform": [
        [1.0,0.0,0.0],
        [0.0,1.0,0.0],
        [0.0,0.0,1.0],
        [0.0,0.0,0.0]
      ],
      "battle_area__team": 2,
      "battleAreaId": "area1_1",
      "groupName": "sector_1",
      "active": false,
      "poly_area__points:list<p3>": [
        {
          "item": [-1539.08,0.0,597.046]
        },
        {
          "item": [-1438.69,4.53732,523.584]
        },
        {
          "item": [-1380.3,7.69138,501.23]
        },
        {
          "item": [-1290.99,12.0981,468.752]
        },
        {
          "item": [-1227.39,13.2161,464.168]
        },
        {
          "item": [-1177.92,-2.922,463.471]
        },
        {
          "item": [-1083.97,-2.922,730.248]
        },
        {
          "item": [-1430.48,4.25351,867.661]
        }
      ]
    }
  },
  {
    "entity": {
      "_template": "poly_battle_area",
      "transform": [
        [1.0,0.0,0.0],
        [0.0,1.0,0.0],
        [0.0,0.0,1.0],
        [0.0,0.0,0.0]
      ],
      "battle_area__team": 1,
      "battleAreaId": "area2_2",
      "groupName": "sector_2",
      "active": false,
      "poly_area__points:list<p3>": [
        {
          "item": [-1215.46,-2.922,326.955]
        },
        {
          "item": [-1167.25,-2.922,488.752]
        },
        {
          "item": [-1146.43,-2.922,552.767]
        },
        {
          "item": [-1210.46,-2.922,620.712]
        },
        {
          "item": [-1228.14,5.07721,630.534]
        },
        {
          "item": [-1239.56,5.28353,634.618]
        },
        {
          "item": [-1248.06,5.08999,644.396]
        },
        {
          "item": [-1255.13,5.07484,647.084]
        },
        {
          "item": [-1254.03,5.07484,649.521]
        },
        {
          "item": [-1259.48,5.06281,651.77]
        },
        {
          "item": [-1260.41,5.07484,648.937]
        },
        {
          "item": [-1265.47,5.37862,650.94]
        },
        {
          "item": [-1275.68,6.09447,655.365]
        },
        {
          "item": [-1293.29,5.11226,662.536]
        },
        {
          "item": [-1303.47,4.53407,665.527]
        },
        {
          "item": [-1318.74,4.12903,670.016]
        },
        {
          "item": [-1339.47,3.53381,673.262]
        },
        {
          "item": [-1346.26,3.53381,675.886]
        },
        {
          "item": [-1345.35,3.53381,678.693]
        },
        {
          "item": [-1351.65,3.53381,680.958]
        },
        {
          "item": [-1378.88,2.29038,665.668]
        },
        {
          "item": [-1403.15,2.23205,675.703]
        },
        {
          "item": [-1415.95,0.901253,676.791]
        },
        {
          "item": [-1423.98,0.846796,680.1]
        },
        {
          "item": [-1499.73,-6.10352e-05,700.641]
        },
        {
          "item": [-1592.68,0.969788,473.278]
        }
      ]
    }
  },
  {
    "entity": {
      "_template": "poly_battle_area",
      "transform": [
        [1.0,0.0,0.0],
        [0.0,1.0,0.0],
        [0.0,0.0,1.0],
        [0.0,0.0,0.0]
      ],
      "battle_area__team": 2,
      "battleAreaId": "area1_2",
      "groupName": "sector_2",
      "active": false,
      "poly_area__points:list<p3>": [
        {
          "item": [-1443.74,1.54062,602.3]
        },
        {
          "item": [-1408.14,3.04311,587.712]
        },
        {
          "item": [-1384.49,3.76091,577.748]
        },
        {
          "item": [-1353.15,5.05363,563.278]
        },
        {
          "item": [-1325.61,6.37286,551.106]
        },
        {
          "item": [-1288.76,6.74982,540.124]
        },
        {
          "item": [-1257.4,7.42696,531.377]
        },
        {
          "item": [-1164.51,-2.922,501.701]
        },
        {
          "item": [-1081.71,-2.922,737.101]
        },
        {
          "item": [-1425.57,4.99088,877.401]
        },
        {
          "item": [-1521.41,0.0,639.302]
        }
      ]
    }
  },
  {
    "entity": {
      "_template": "poly_battle_area",
      "transform": [
        [1.0,0.0,0.0],
        [0.0,1.0,0.0],
        [0.0,0.0,1.0],
        [0.0,0.0,0.0]
      ],
      "battle_area__team": 1,
      "battleAreaId": "area2_3",
      "groupName": "sector_3",
      "active": false,
      "poly_area__points:list<p3>": [
        {
          "item": [-1193.07,-2.922,401.702]
        },
        {
          "item": [-1134.29,-2.922,586.539]
        },
        {
          "item": [-1170.92,6.265,663.827]
        },
        {
          "item": [-1189.69,7.96824,691.889]
        },
        {
          "item": [-1200.68,7.34246,700.296]
        },
        {
          "item": [-1215.92,5.90176,705.609]
        },
        {
          "item": [-1248.23,6.28418,718.439]
        },
        {
          "item": [-1280.81,7.18432,740.528]
        },
        {
          "item": [-1287.12,5.37344,743.197]
        },
        {
          "item": [-1297.08,5.12744,744.874]
        },
        {
          "item": [-1312.74,4.10627,739.465]
        },
        {
          "item": [-1332.8,7.38934,745.698]
        },
        {
          "item": [-1466.44,-7.62939e-06,779.694]
        },
        {
          "item": [-1570.86,0.0,523.326]
        }
      ]
    }
  },
  {
    "entity": {
      "_template": "poly_battle_area",
      "transform": [
        [1.0,0.0,0.0],
        [0.0,1.0,0.0],
        [0.0,0.0,1.0],
        [0.0,0.0,0.0]
      ],
      "battle_area__team": 2,
      "battleAreaId": "area1_3",
      "groupName": "sector_3",
      "active": false,
      "poly_area__points:list<p3>": [
        {
          "item": [-1402.92,2.25254,675.609]
        },
        {
          "item": [-1378.85,2.30459,665.395]
        },
        {
          "item": [-1360.78,3.58388,652.67]
        },
        {
          "item": [-1346.48,3.58092,646.719]
        },
        {
          "item": [-1332.38,4.21596,626.098]
        },
        {
          "item": [-1306.18,4.35432,615.296]
        },
        {
          "item": [-1294.79,5.52048,610.5]
        },
        {
          "item": [-1286.68,5.53429,607.545]
        },
        {
          "item": [-1281.05,6.2127,601.815]
        },
        {
          "item": [-1265.9,5.23224,596.248]
        },
        {
          "item": [-1252.16,6.36656,597.526]
        },
        {
          "item": [-1243.98,6.27985,594.416]
        },
        {
          "item": [-1144.35,-2.922,559.206]
        },
        {
          "item": [-1058.39,-2.922,804.68]
        },
        {
          "item": [-1391.74,6.87134,960.166]
        },
        {
          "item": [-1487.33,3.05176e-05,719.908]
        },
        {
          "item": [-1419.81,0.864829,689.271]
        },
        {
          "item": [-1412.43,1.07575,686.053]
        }
      ]
    }
  },
  {
    "entity": {
      "_template": "aircraft_box_battle_area",
      "transform": [
        [8000.0,0.0,-8000.0],
        [0.0,8000.0,0.0],
        [8000.0,0.0,8000.0],
        [-1303.68,240.916,576.337]
      ],
      "battle_area__team": -1
    }
  },
  {
    "entity": {
      "_template": "minimap_battle_of_moscow_volokolamsk_countryside_winter"
    }
  },
  {
    "entity": {
      "_template": "wind"
    }
  },
  {
    "entity": {
      "_template": "postfx_color_grading_tonemap_death_alive_enlisted"
    }
  },
  {
    "entity": {
      "_template": "shaderVars",
      "shader_vars__vars:object": {
        "hmap_displacement_up": 0.3,
        "ocean1": "#8e894700",
        "ocean0": "#4c3f0500",
        "ocean_density": 0.1,
        "land_selfillum_worldscale": 0.9,
        "river1": "#8e894700",
        "river0": "#4c3f0500",
        "hmap_displacement_down": -0.15,
        "puddle_flat_hmap_reduce": 0.03,
        "autodetect_land_selfillum_color": [0.53,0.0,0.0,0.16],
        "paint_details_tex": "volokolamsk_building_colors_tex_palette*",
        "land_selfillum_strength": 32.0,
        "water_color_noise_size": 71.0,
        "river_density": 0.3
      }
    }
  },
  {
    "entity": {
      "_template": "bloom"
    }
  },
  {
    "entity": {
      "_template": "postfx_roundctrl"
    }
  },
  {
    "entity": {
      "_template": "door_mult_ent_generator",
      "ri_extra_gen__blk": "content/enlisted/gamedata/volokolamsk_doors.blk"
    }
  },
  {
    "entity": {
      "_template": "session_finalizer",
      "session_finalizer__timer": 10.0
    }
  },
  {
    "entity": {
      "_template": "briefing_destruction",
      "mission_name": "volokolamsk_city_bomb",
      "mission_outfit": "moscow",
      "loading_images:list<t>": [
        {
          "item": "ui/volokolamsk_city_01.avif"
        },
        {
          "item": "ui/volokolamsk_city_02.avif"
        },
        {
          "item": "ui/volokolamsk_city_03.avif"
        }
      ]
    }
  },
  {
    "entity": {
      "_template": "team_ussr+team_narrator_destruction_attack+respawn_creators_team",
      "team__memberCount": 0.0,
      "team__scoreCap": 3500.0,
      "team__score": 3500.0,
      "team__squadSpawnCost": 250,
      "team__firstSpawnCostMul": 0.0,
      "team__zeroScoreFailTimer": 60.0,
      "team__id": 1,
      "team__briefing": "destruction/attackers_goals",
      "team__winSubtitle": "debriefing/won_invasion_destruction",
      "team__loseSubtitle": "debriefing/lost_invasion_destruction",
      "team__winTitle": "debriefing/ussr_won_destruction_attack_title",
      "team__spawnBotArmy": "moscow_allies"
    }
  },
  {
    "entity": {
      "_template": "team_germany_winter+team_narrator_destruction_defence+respawn_creators_team",
      "team__countAdd": 0.5,
      "team__memberCount": 0.5,
      "team__scoreCap": 3000.0,
      "team__capturePenalty": 1001.0,
      "team__score": 3000.0,
      "team__id": 2,
      "team__briefing": "destruction/defenders_goals",
      "team__winSubtitle": "debriefing/won_defence_destruction",
      "team__loseSubtitle": "debriefing/lost_defence_destruction",
      "team__winTitle": "debriefing/axis_won_destruction_defence_title",
      "team__spawnBotArmy": "moscow_axis"
    }
  },
  {
    "entity": {
      "_template": "volokolamsk_level",
      "level__blk": "content/enlisted/levels/battle_of_moscow_volokolamsk_countryside_winter.blk"
    }
  },
  {
    "entity": {
      "_template": "clouds_hole_target",
      "transform": [
        [1.0,0.0,0.0],
        [0.0,1.0,0.0],
        [0.0,0.0,1.0],
        [0.0,0.0,0.0]
      ]
    }
  },
  {
    "entity": {
      "_template": "water",
      "water__strength": 1.3
    }
  },
  {
    "entity": {
      "_template": "enemy_attack_marker",
      "transform": [
        [0.479919,0.0,0.877313],
        [0.0,1.0,0.0],
        [-0.877313,0.0,0.479919],
        [-1449.95,9.56583,353.303]
      ]
    }
  },
  {
    "entity": {
      "_template": "static_cam",
      "camera__active": true,
      "transform": [
        [0.43282,-0.0204921,0.901248],
        [-0.0291269,0.998901,0.0367013],
        [-0.901009,-0.0421359,0.431748],
        [-1259.16,9.69618,564.678]
      ]
    }
  },
  {
    "entity": {
      "_template": "group_activator",
      "activator__activateChoice:object": {
        "sector_1": 1.0
      }
    }
  },
  {
    "entity": {
      "_template": "bomb_site_zone_chained_box+defend_zone_respawnbase",
      "transform": [
        [-7.59746,0.0,-20.0804],
        [0.0,6.19422,0.0],
        [18.0428,0.0,-6.81359],
        [-1424.75,6.0098,562.724]
      ],
      "capzone__capRewardPartCap": 1.8,
      "capzone__mustBeCapturedByTeam": 1,
      "groupName": "sector_1",
      "active": false,
      "ui_order": 0,
      "capzone__capReward": 500.0,
      "capzone__caption": "capzone/artillery_emplacement",
      "capzone__timeToPlant": 20.0,
      "capzone__timeToDefuse": 30.0,
      "capzone__timeToExplosion": 40.0,
      "capzone__checkAllZonesInGroup": true,
      "capzone__deactivateAfterTimeout": 25.0,
      "capzone__spawnAtZoneTimeout": 25.0,
      "capzone__createRespawnBaseForTeam": 2,
      "capzone__createdRespawnBaseGroup": 3,
      "capzone__createRespawnBase": "respawnBaseGroupActivator",
      "capzone__plantingTeam": 1,
      "capzone__bombTemplate": "bomb_site+bomb_site_radar_hardware_animchar_01",
      "capzone__bombTransformLocalPos": [
        [-0.937601,0.0,-0.347711],
        [0.0,1.0,0.0],
        [0.347711,0.0,-0.937601],
        [0.0551758,-1.85853,0.0323486]
      ],
      "capzone__activateChoice:object": {
        "sector_2": 1.0
      }
    }
  },
  {
    "entity": {
      "_template": "bomb_site_zone_chained_box+defend_zone_respawnbase",
      "transform": [
        [-30.3987,0.0,9.78696],
        [0.0,6.44105,0.0],
        [-4.66785,0.0,-15.0822],
        [-1287.42,10.8011,518.13]
      ],
      "capzone__capRewardPartCap": 1.8,
      "capzone__mustBeCapturedByTeam": 1,
      "groupName": "sector_1",
      "active": false,
      "ui_order": 1,
      "capzone__capReward": 500.0,
      "capzone__caption": "capzone/stable",
      "capzone__timeToPlant": 20.0,
      "capzone__timeToDefuse": 30.0,
      "capzone__timeToExplosion": 40.0,
      "capzone__checkAllZonesInGroup": true,
      "capzone__deactivateAfterTimeout": 25.0,
      "capzone__spawnAtZoneTimeout": 25.0,
      "capzone__createRespawnBaseForTeam": 2,
      "capzone__createdRespawnBaseGroup": 4,
      "capzone__createRespawnBase": "respawnBaseGroupActivator",
      "capzone__plantingTeam": 1,
      "capzone__bombTemplate": "bomb_site+bomb_site_radar_hardware_animchar_02",
      "capzone__bombTransformLocalPos": [
        [-0.943324,0.0,0.331871],
        [0.0,1.0,0.0],
        [-0.331871,0.0,-0.943324],
        [-0.0400391,-2.13861,-0.399414]
      ],
      "capzone__activateChoice:object": {
        "sector_2": 1.0
      }
    }
  },
  {
    "entity": {
      "_template": "bomb_site_zone_chained_box+defend_zone_respawnbase",
      "transform": [
        [-17.4011,0.0,7.0526],
        [0.0,4.57708,0.0],
        [-4.27099,0.0,-10.8909],
        [-1333.2,7.14656,612.416]
      ],
      "capzone__capRewardPartCap": 1.8,
      "capzone__mustBeCapturedByTeam": 1,
      "groupName": "sector_2",
      "active": false,
      "ui_order": 2,
      "capzone__capReward": 500.0,
      "capzone__caption": "capzone/shop",
      "capzone__timeToPlant": 20.0,
      "capzone__timeToDefuse": 30.0,
      "capzone__timeToExplosion": 40.0,
      "capzone__checkAllZonesInGroup": true,
      "capzone__deactivateAfterTimeout": 25.0,
      "capzone__spawnAtZoneTimeout": 25.0,
      "capzone__createRespawnBaseForTeam": 2,
      "capzone__createdRespawnBaseGroup": 5,
      "capzone__createRespawnBase": "respawnBaseGroupActivator",
      "capzone__plantingTeam": 1,
      "capzone__bombTemplate": "bomb_site+bomb_site_radar_hardware_animchar_04_without_antenna",
      "capzone__bombTransformLocalPos": [
        [-0.381027,0.0,-0.924563],
        [0.0,1.0,0.0],
        [0.924563,0.0,-0.381027],
        [0.200806,-1.94024,-0.441589]
      ],
      "capzone__activateChoice:object": {
        "sector_3": 1.0
      }
    }
  },
  {
    "entity": {
      "_template": "bomb_site_zone_chained_box+defend_zone_respawnbase",
      "transform": [
        [-11.3048,0.0,4.19905],
        [0.0,4.01286,0.0],
        [-6.58956,0.0,-18.6592],
        [-1329.18,6.1774,703.769]
      ],
      "capzone__capRewardPartCap": 1.8,
      "capzone__mustBeCapturedByTeam": 1,
      "groupName": "sector_3",
      "active": false,
      "ui_order": 4,
      "capzone__capReward": 500.0,
      "capzone__caption": "capzone/canteen",
      "capzone__timeToPlant": 20.0,
      "capzone__timeToDefuse": 30.0,
      "capzone__timeToExplosion": 40.0,
      "capzone__checkAllZonesInGroup": true,
      "capzone__deactivateAfterTimeout": 25.0,
      "capzone__spawnAtZoneTimeout": 25.0,
      "capzone__createRespawnBaseForTeam": 2,
      "capzone__createdRespawnBaseGroup": 6,
      "capzone__createRespawnBase": "respawnBaseGroupActivator",
      "capzone__plantingTeam": 1,
      "capzone__bombTemplate": "bomb_site+bomb_site_radar_hardware_animchar_03",
      "capzone__bombTransformLocalPos": [
        [-0.338803,0.0,-0.940857],
        [0.0,1.0,0.0],
        [0.940857,0.0,-0.338803],
        [-0.17334,-1.64264,-0.524597]
      ]
    }
  },
  {
    "entity": {
      "_template": "bomb_site_zone_chained_box+defend_zone_respawnbase",
      "transform": [
        [-15.5181,0.0,5.70466],
        [0.0,5.88492,0.0],
        [-3.5999,0.0,-10.1452],
        [-1230.66,7.40108,658.085]
      ],
      "capzone__capRewardPartCap": 1.8,
      "capzone__mustBeCapturedByTeam": 1,
      "groupName": "sector_3",
      "active": false,
      "ui_order": 5,
      "capzone__capReward": 500.0,
      "capzone__caption": "capzone/garage",
      "capzone__timeToPlant": 20.0,
      "capzone__timeToDefuse": 30.0,
      "capzone__timeToExplosion": 40.0,
      "capzone__checkAllZonesInGroup": true,
      "capzone__deactivateAfterTimeout": 25.0,
      "capzone__spawnAtZoneTimeout": 25.0,
      "capzone__createRespawnBaseForTeam": 2,
      "capzone__createdRespawnBaseGroup": 7,
      "capzone__createRespawnBase": "respawnBaseGroupActivator",
      "capzone__plantingTeam": 1,
      "capzone__bombTemplate": "bomb_site+bomb_site_radar_hardware_animchar_04",
      "capzone__bombTransformLocalPos": [
        [-0.409413,0.0,-0.912349],
        [0.0,1.0,0.0],
        [0.912349,0.0,-0.409413],
        [0.201416,-1.8705,-0.448425]
      ]
    }
  },
  {
    "entity": {
      "_template": "respawnChooser+respTeam1",
      "transform": [
        [-0.0477206,0.0,0.998859],
        [0.0,1.0,0.0],
        [-0.998859,0.0,-0.0477206],
        [-1371.21,11.3348,437.407]
      ],
      "groupName": "sector_1",
      "respawnBaseGroup": 1,
      "active": false
    }
  },
  {
    "entity": {
      "_template": "respawnChooser+respTeam1",
      "transform": [
        [0.320612,0.0,0.947209],
        [0.0,1.0,0.0],
        [-0.947209,0.0,0.320612],
        [-1430.1,8.5642,439.514]
      ],
      "groupName": "sector_1",
      "respawnBaseGroup": 1,
      "active": false
    }
  },
  {
    "entity": {
      "_template": "respawnChooser+respTeam2",
      "transform": [
        [-0.0100254,0.0,-0.999949],
        [0.0,1.0,0.0],
        [0.999949,0.0,-0.0100254],
        [-1326.69,6.13589,620.969]
      ],
      "groupName": "sector_1",
      "respawnBaseGroup": 2,
      "active": false
    }
  },
  {
    "entity": {
      "_template": "respawnChooser+respTeam2",
      "transform": [
        [0.316064,0.0,-0.948737],
        [0.0,1.0,0.0],
        [0.948737,0.0,0.316064],
        [-1311.84,5.82774,613.752]
      ],
      "groupName": "sector_1",
      "respawnBaseGroup": 2,
      "active": false
    }
  },
  {
    "entity": {
      "_template": "respawnChooser+respTeam2",
      "transform": [
        [-0.868807,0.0,-0.49515],
        [0.0,1.0,0.0],
        [0.49515,0.0,-0.868806],
        [-1357.38,5.39612,649.492]
      ],
      "groupName": "sector_1",
      "respawnBaseGroup": 1,
      "active": false
    }
  },
  {
    "entity": {
      "_template": "respawnChooser+respTeam2",
      "transform": [
        [0.52276,0.0,-0.85248],
        [0.0,1.0,0.0],
        [0.85248,0.0,0.52276],
        [-1381.83,3.30077,672.061]
      ],
      "groupName": "sector_1",
      "respawnBaseGroup": 1,
      "active": false
    }
  },
  {
    "entity": {
      "_template": "respawnChooser+respTeam1",
      "transform": [
        [0.928679,0.0,0.370885],
        [0.0,1.0,0.0],
        [-0.370885,0.0,0.928679],
        [-1428.06,5.01962,561.381]
      ],
      "groupName": "sector_2",
      "active": false,
      "respawnBaseGroup": 1
    }
  },
  {
    "entity": {
      "_template": "respawnChooser+respTeam1",
      "transform": [
        [0.547065,0.0,0.83709],
        [0.0,1.0,0.0],
        [-0.83709,0.0,0.547065],
        [-1362.68,9.01198,496.804]
      ],
      "respawnBaseGroup": 2,
      "groupName": "sector_2",
      "active": false
    }
  },
  {
    "entity": {
      "_template": "respawnChooser+respTeam1",
      "transform": [
        [0.985105,0.0,-0.171948],
        [0.0,1.0,0.0],
        [0.171948,0.0,0.985105],
        [-1398.47,5.08661,541.797]
      ],
      "respawnBaseGroup": 1,
      "groupName": "sector_2",
      "active": false
    }
  },
  {
    "entity": {
      "_template": "respawnChooser+respVehicle",
      "groupName": "sector_2",
      "active": false,
      "respTime": 120,
      "respawnBaseGroup": 2,
      "team": 1,
      "maxVehicleOnSpawn": 2,
      "transform": [
        [0.618699,0.0,0.785629],
        [0.0,1.0,0.0],
        [-0.785629,0.0,0.618699],
        [-1446.4,10.3011,445.677]
      ]
    }
  },
  {
    "entity": {
      "_template": "respawnChooser+respTeam2",
      "transform": [
        [0.646459,0.0,-0.762948],
        [0.0,1.0,0.0],
        [0.762948,0.0,0.646459],
        [-1364.0,4.68652,706.248]
      ],
      "respawnBaseGroup": 1,
      "groupName": "sector_2",
      "active": false
    }
  },
  {
    "entity": {
      "_template": "respawnChooser+respTeam2",
      "transform": [
        [-0.541881,0.0,-0.840456],
        [0.0,1.0,0.0],
        [0.840456,0.0,-0.541881],
        [-1302.26,6.47481,688.585]
      ],
      "respawnBaseGroup": 1,
      "groupName": "sector_2",
      "active": false
    }
  },
  {
    "entity": {
      "_template": "respawnChooser+respTeam2",
      "transform": [
        [-0.999358,0.0,0.0358716],
        [0.0,1.0,0.0],
        [-0.0358716,0.0,-0.999358],
        [-1227.78,6.26392,653.847]
      ],
      "respawnBaseGroup": 2,
      "groupName": "sector_2",
      "active": false
    }
  },
  {
    "entity": {
      "_template": "respawnChooser+respTeam2",
      "transform": [
        [-0.999997,0.0,0.00222809],
        [0.0,1.0,0.0],
        [-0.00222809,0.0,-0.999997],
        [-1261.95,6.502,683.146]
      ],
      "respawnBaseGroup": 2,
      "groupName": "sector_2",
      "active": false
    }
  },
  {
    "entity": {
      "_template": "respawnChooser+respTeam2",
      "transform": [
        [-0.18654,0.0,-0.982448],
        [0.0,1.0,0.0],
        [0.982448,0.0,-0.18654],
        [-1338.95,5.07762,705.147]
      ],
      "respawnBaseGroup": 1,
      "groupName": "sector_2",
      "active": false
    }
  },
  {
    "entity": {
      "_template": "respawnChooser+respVehicle",
      "groupName": "sector_2",
      "active": false,
      "respTime": 120,
      "respawnBaseGroup": 2,
      "team": 2,
      "maxVehicleOnSpawn": 2,
      "transform": [
        [0.977822,0.0,-0.209434],
        [0.0,1.0,0.0],
        [0.209434,0.0,0.977822],
        [-1377.17,4.24316,792.651]
      ]
    }
  },
  {
    "entity": {
      "_template": "respawnChooser+respTeam1",
      "transform": [
        [0.413104,0.0,0.910683],
        [0.0,1.0,0.0],
        [-0.910683,0.0,0.413104],
        [-1346.12,6.63601,571.508]
      ],
      "groupName": "sector_3",
      "respawnBaseGroup": 1,
      "active": false
    }
  },
  {
    "entity": {
      "_template": "respawnChooser+respTeam1",
      "transform": [
        [0.905803,0.0,0.423698],
        [0.0,1.0,0.0],
        [-0.423698,0.0,0.905803],
        [-1417.42,3.61361,601.047]
      ],
      "groupName": "sector_3",
      "respawnBaseGroup": 2,
      "active": false
    }
  },
  {
    "entity": {
      "_template": "respawnChooser+respTeam1",
      "transform": [
        [-0.00569126,0.0,0.999983],
        [0.0,1.0,0.0],
        [-0.999983,0.0,-0.00569128],
        [-1328.58,7.3122,563.39]
      ],
      "groupName": "sector_3",
      "respawnBaseGroup": 1,
      "active": false
    }
  },
  {
    "entity": {
      "_template": "respawnChooser+respTeam2",
      "transform": [
        [-0.924068,0.0,-0.382225],
        [0.0,1.0,0.0],
        [0.382225,0.0,-0.924068],
        [-1129.56,5.02304,697.58]
      ],
      "groupName": "sector_3",
      "respawnBaseGroup": 1,
      "active": false
    }
  },
  {
    "entity": {
      "_template": "respawnChooser+respTeam2",
      "transform": [
        [-0.138873,0.0,-0.990309],
        [0.0,1.0,0.0],
        [0.990309,0.0,-0.138873],
        [-1327.23,5.66501,821.388]
      ],
      "groupName": "sector_3",
      "respawnBaseGroup": 2,
      "active": false
    }
  },
  {
    "entity": {
      "_template": "respawnChooser+respTeam2",
      "transform": [
        [-0.884348,0.0,-0.466825],
        [0.0,1.0,0.0],
        [0.466825,0.0,-0.884348],
        [-1140.15,6.46296,710.264]
      ],
      "groupName": "sector_3",
      "respawnBaseGroup": 1,
      "active": false
    }
  },
  {
    "entity": {
      "_template": "respawnChooser+respTeam1",
      "transform": [
        [0.724075,0.0,0.689721],
        [0.0,1.0,0.0],
        [-0.689721,0.0,0.724075],
        [-1497.02,3.49174,476.799]
      ],
      "groupName": "sector_1",
      "respawnBaseGroup": 1,
      "active": false
    }
  },
  {
    "entity": {
      "_template": "respawnChooser+respVehicle",
      "respTime": 150,
      "transform": [
        [0.336748,0.0,-0.941593],
        [0.0,1.0,0.0],
        [0.941593,0.0,0.336748],
        [-1318.43,5.05018,755.127]
      ],
      "groupName": "sector_1",
      "team": 2,
      "respawnBaseGroup": 1,
      "maxVehicleOnSpawn": 2,
      "active": false
    }
  },
  {
    "entity": {
      "_template": "respawnChooser+respVehicle",
      "respTime": 150,
      "transform": [
        [0.65358,0.0,0.756856],
        [0.0,1.0,0.0],
        [-0.756856,0.0,0.65358],
        [-1492.5,15.5593,387.978]
      ],
      "groupName": "sector_1",
      "team": 1,
      "respawnBaseGroup": 1,
      "maxVehicleOnSpawn": 2,
      "active": false
    }
  },
  {
    "entity": {
      "_template": "respawnChooser+respVehicle",
      "respTime": 150,
      "groupName": "sector_3",
      "team": 2,
      "maxVehicleOnSpawn": 2,
      "transform": [
        [-0.864663,0.0,-0.50235],
        [0.0,1.0,0.0],
        [0.50235,0.0,-0.864663],
        [-1261.54,12.962,838.791]
      ],
      "active": false,
      "respawnBaseGroup": 1
    }
  },
  {
    "entity": [
      {
        "_template": "respawnChooser+respVehicle"
      },
      {
        "respTime": 150
      },
      {
        "transform": [
          [0.998374,0.0,0.0569855],
          [0.0,1.0,0.0],
          [-0.0569855,0.0,0.998374],
          [-1402.0,5.02181,536.478]
        ]
      },
      {
        "team": 1
      },
      {
        "respawnBaseGroup": 1
      },
      {
        "respawnBaseGroup": 1
      },
      {
        "maxVehicleOnSpawn": 2
      },
      {
        "groupName": "sector_3"
      },
      {
        "active": false
      }
    ]
  },
  {
    "entity": {
      "_template": "mbs_ger_radio_kw_e_a",
      "transform": [
        [-0.443143,0.0,-0.896451],
        [0.0,1.0,0.0],
        [0.896451,0.0,-0.443143],
        [-1261.99,7.50177,618.041]
      ]
    }
  },
  {
    "entity": {
      "_template": "mbs_desktop_stuff_a_folder",
      "transform": [
        [-1.05309,0.0,1.37848],
        [0.0,1.7347,0.0],
        [-1.37848,0.0,-1.05309],
        [-1262.27,7.52739,617.74]
      ]
    }
  },
  {
    "entity": {
      "_template": "respawnChooser+respTeam2",
      "transform": [
        [-0.512006,0.0,-0.85898],
        [0.0,1.0,0.0],
        [0.85898,0.0,-0.512006],
        [-1284.82,6.82928,800.859]
      ],
      "groupName": "sector_3",
      "respawnBaseGroup": 2,
      "active": false
    }
  },
  {
    "entity": {
      "_template": "respAircraftInAir",
      "respawnbaseType": "aircraft_fighter",
      "transform": [
        [0.476982,0.0,0.878912],
        [0.0,1.0,-0.0],
        [-0.878912,0.0,0.476982],
        [-3242.38,1000.0,-2417.75]
      ],
      "team": 1,
      "maxVehicleOnSpawn": 1,
      "respTime": 120
    }
  },
  {
    "entity": {
      "_template": "respAircraftInAir",
      "respawnbaseType": "aircraft_assault",
      "transform": [
        [0.476982,0.0,0.878912],
        [0.0,1.0,-0.0],
        [-0.878912,0.0,0.476982],
        [-3105.92,800.0,-2492.33]
      ],
      "team": 1,
      "maxVehicleOnSpawn": 1,
      "respTime": 120
    }
  },
  {
    "entity": {
      "_template": "respAircraftInAir",
      "respawnbaseType": "aircraft_fighter",
      "transform": [
        [0.476982,0.0,0.878912],
        [0.0,1.0,-0.0],
        [-0.878912,0.0,0.476982],
        [-3105.92,1000.0,-2492.33]
      ],
      "team": 1,
      "maxVehicleOnSpawn": 1,
      "respTime": 120
    }
  },
  {
    "entity": {
      "_template": "respAircraftInAir",
      "respawnbaseType": "aircraft_assault",
      "transform": [
        [0.476982,0.0,0.878912],
        [0.0,1.0,-0.0],
        [-0.878912,0.0,0.476982],
        [-3240.96,800.0,-2403.86]
      ],
      "team": 1,
      "maxVehicleOnSpawn": 1,
      "respTime": 120
    }
  },
  {
    "entity": {
      "_template": "resupply_in_air_zone",
      "transform": [
        [0.403239,0.0,0.915094],
        [0.0,1.0,0.0],
        [-0.915094,0.0,0.403239],
        [-959.823,434.522,-2267.88]
      ],
      "resupply_zone__team": 1
    }
  },
  {
    "entity": {
      "_template": "respAircraftInAir",
      "respawnbaseType": "aircraft_fighter",
      "transform": [
        [-0.381774,0.0,-0.924257],
        [0.0,1.0,0.0],
        [0.924257,0.0,-0.381774],
        [-43.7034,1000.0,3946.93]
      ],
      "team": 2,
      "maxVehicleOnSpawn": 1,
      "respTime": 120
    }
  },
  {
    "entity": {
      "_template": "respAircraftInAir",
      "respawnbaseType": "aircraft_assault",
      "transform": [
        [-0.381774,0.0,-0.924257],
        [0.0,1.0,0.0],
        [0.924257,0.0,-0.381774],
        [92.6474,800.0,3881.12]
      ],
      "team": 2,
      "maxVehicleOnSpawn": 1,
      "respTime": 120
    }
  },
  {
    "entity": {
      "_template": "respAircraftInAir",
      "respawnbaseType": "aircraft_fighter",
      "transform": [
        [-0.381774,0.0,-0.924257],
        [0.0,1.0,0.0],
        [0.924257,0.0,-0.381774],
        [85.9722,1000.0,3889.19]
      ],
      "team": 2,
      "maxVehicleOnSpawn": 1,
      "respTime": 120
    }
  },
  {
    "entity": {
      "_template": "respAircraftInAir",
      "respawnbaseType": "aircraft_assault",
      "transform": [
        [-0.381774,0.0,-0.924257],
        [0.0,1.0,0.0],
        [0.924257,0.0,-0.381774],
        [-43.7034,800.0,3946.93]
      ],
      "team": 2,
      "maxVehicleOnSpawn": 1,
      "respTime": 120
    }
  },
  {
    "entity": {
      "_template": "resupply_in_air_zone",
      "transform": [
        [-0.387956,0.0,-0.921679],
        [0.0,1.0,0.0],
        [0.921679,0.0,-0.387956],
        [-1821.57,480.309,3509.73]
      ],
      "resupply_zone__team": 2
    }
  },
  {
    "entity": {
      "_template": "mbs_desktop_stuff_a",
      "transform": [
        [0.601775,0.0,-0.276732],
        [0.0,0.662354,0.0],
        [0.276732,0.0,0.601775],
        [-162.222,7.30514,244.433]
      ]
    }
  },
  {
    "entity": {
      "_template": "mbs_desktop_stuff_a",
      "transform": [
        [0.662354,0.0,0.0],
        [0.0,0.662354,0.0],
        [0.0,0.0,0.662354],
        [-1356.41,9.80097,626.654]
      ]
    }
  },
  {
    "entity": {
      "_template": "bag_stack_c",
      "transform": [
        [1.0,0.0,0.0],
        [0.0,1.0,0.0],
        [0.0,0.0,1.0],
        [-1356.44,8.8,627.805]
      ]
    }
  },
  {
    "entity": {
      "_template": "bag_stack_a",
      "transform": [
        [1.0,0.0,0.0],
        [0.0,1.0,0.0],
        [0.0,0.0,1.0],
        [-1357.19,8.8,624.773]
      ]
    }
  },
  {
    "entity": {
      "_template": "bag_stack_b",
      "transform": [
        [1.0,0.0,0.0],
        [0.0,1.0,0.0],
        [0.0,0.0,1.0],
        [-1358.1,8.8,629.989]
      ]
    }
  },
  {
    "entity": {
      "_template": "bag_stack_b",
      "transform": [
        [0.809202,0.0,0.58753],
        [0.0,1.0,0.0],
        [-0.58753,0.0,0.809202],
        [-1358.73,8.8,631.332]
      ]
    }
  },
  {
    "entity": {
      "_template": "bag_grain_flat_a",
      "transform": [
        [1.0,0.0,0.0],
        [0.0,1.0,0.0],
        [0.0,0.0,1.0],
        [-1357.65,11.8095,632.983]
      ]
    }
  },
  {
    "entity": {
      "_template": "bag_grain_flat_a",
      "transform": [
        [0.235262,0.0,-0.971932],
        [0.0,1.0,0.0],
        [0.971932,0.0,0.235262],
        [-1359.49,8.87867,634.143]
      ]
    }
  },
  {
    "entity": {
      "_template": "bag_grain_stand_a",
      "transform": [
        [0.606873,0.0466289,-0.79343],
        [-0.332417,0.921663,-0.200092],
        [0.721944,0.38518,0.574833],
        [-1358.14,8.81464,631.865]
      ]
    }
  },
  {
    "entity": {
      "_template": "bag_grain_stand_a",
      "transform": [
        [-0.982197,0.0,-0.187851],
        [0.0,1.0,0.0],
        [0.187851,0.0,-0.982197],
        [-1359.03,8.86504,628.931]
      ]
    }
  },
  {
    "entity": {
      "_template": "bag_grain_stand_a",
      "transform": [
        [0.210411,0.0502195,-0.976322],
        [-0.232152,0.972679,0.0],
        [0.949649,0.226655,0.216321],
        [-1359.22,8.85803,628.452]
      ]
    }
  },
  {
    "entity": {
      "_template": "bag_stack_c",
      "transform": [
        [-0.880088,0.0,0.47481],
        [0.0,1.0,0.0],
        [-0.47481,0.0,-0.880088],
        [-1354.89,8.8,629.764]
      ]
    }
  },
  {
    "entity": {
      "_template": "bag_grain_flat_a",
      "transform": [
        [0.846303,0.141261,0.513631],
        [-0.164638,0.986354,0.0],
        [-0.506622,-0.084563,0.858011],
        [-1355.65,8.87866,628.554]
      ]
    }
  },
  {
    "entity": {
      "_template": "bag_grain_stand_a",
      "transform": [
        [0.438583,0.0,-0.898691],
        [0.0,1.0,0.0],
        [0.898691,0.0,0.438583],
        [-1358.76,8.78689,630.256]
      ]
    }
  },
  {
    "entity": {
      "_template": "bag_stack_a",
      "transform": [
        [1.0,0.0,0.0],
        [0.0,1.0,0.0],
        [0.0,0.0,1.0],
        [-1361.49,8.8,622.237]
      ]
    }
  },
  {
    "entity": {
      "_template": "bag_stack_b",
      "transform": [
        [-0.0781957,0.0,0.996938],
        [0.0,1.0,0.0],
        [-0.996938,0.0,-0.0781957],
        [-1360.18,8.8,622.777]
      ]
    }
  },
  {
    "entity": {
      "_template": "bag_stack_b",
      "transform": [
        [0.960258,0.0,-0.279114],
        [0.0,1.0,0.0],
        [0.279114,0.0,0.960258],
        [-1361.05,8.8,623.946]
      ]
    }
  },
  {
    "entity": {
      "_template": "bag_stack_c",
      "transform": [
        [-0.880088,0.0,0.47481],
        [0.0,1.0,0.0],
        [-0.47481,0.0,-0.880088],
        [-1363.35,8.8,622.722]
      ]
    }
  },
  {
    "entity": {
      "_template": "bag_stack_c",
      "transform": [
        [-0.880088,0.0,0.47481],
        [0.0,1.0,0.0],
        [-0.47481,0.0,-0.880088],
        [-1362.63,8.8,624.057]
      ]
    }
  },
  {
    "entity": {
      "_template": "bag_stack_c",
      "transform": [
        [-0.880088,0.0,0.47481],
        [0.0,1.0,0.0],
        [-0.47481,0.0,-0.880088],
        [-1362.06,8.8,625.541]
      ]
    }
  },
  {
    "entity": {
      "_template": "bag_stack_c",
      "transform": [
        [-0.880088,0.0,0.47481],
        [0.0,1.0,0.0],
        [-0.47481,0.0,-0.880088],
        [-1361.46,8.8,626.979]
      ]
    }
  },
  {
    "entity": {
      "_template": "bag_stack_c",
      "transform": [
        [-0.880088,0.0,0.47481],
        [0.0,1.0,0.0],
        [-0.47481,0.0,-0.880088],
        [-1361.68,8.8,629.501]
      ]
    }
  },
  {
    "entity": {
      "_template": "bag_stack_a",
      "transform": [
        [1.0,0.0,0.0],
        [0.0,1.0,0.0],
        [0.0,0.0,1.0],
        [-1361.39,8.8,628.404]
      ]
    }
  },
  {
    "entity": {
      "_template": "bag_stack_a",
      "transform": [
        [1.0,0.0,0.0],
        [0.0,1.0,0.0],
        [0.0,0.0,1.0],
        [-1362.18,8.8,627.78]
      ]
    }
  },
  {
    "entity": {
      "_template": "bag_stack_a",
      "transform": [
        [1.0,0.0,0.0],
        [0.0,1.0,0.0],
        [0.0,0.0,1.0],
        [-1362.61,8.8,626.746]
      ]
    }
  },
  {
    "entity": {
      "_template": "bag_stack_a",
      "transform": [
        [1.0,0.0,0.0],
        [0.0,1.0,0.0],
        [0.0,0.0,1.0],
        [-1363.07,8.8,625.695]
      ]
    }
  },
  {
    "entity": {
      "_template": "bag_stack_a",
      "transform": [
        [1.0,0.0,0.0],
        [0.0,1.0,0.0],
        [0.0,0.0,1.0],
        [-1363.39,8.8,624.636]
      ]
    }
  },
  {
    "entity": {
      "_template": "bag_stack_a",
      "transform": [
        [1.0,0.0,0.0],
        [0.0,1.0,0.0],
        [0.0,0.0,1.0],
        [-1364.7,8.8,622.439]
      ]
    }
  },
  {
    "entity": {
      "_template": "bag_grain_stand_a",
      "transform": [
        [0.202452,0.0762095,-0.976322],
        [-0.352298,0.935888,0.0],
        [0.913728,0.343956,0.216321],
        [-1362.71,9.5175,628.076]
      ]
    }
  },
  {
    "entity": {
      "_template": "bag_stack_c",
      "transform": [
        [0.934978,0.0,-0.354704],
        [0.0,1.0,0.0],
        [0.354704,0.0,0.934978],
        [-1360.14,8.8,626.056]
      ]
    }
  },
  {
    "entity": {
      "_template": "bag_grain_flat_a",
      "transform": [
        [-0.089717,0.141261,0.985899],
        [-0.0723131,0.986354,-0.147907],
        [-0.993338,-0.084563,-0.0782778],
        [-1360.89,9.53063,629.453]
      ]
    }
  },
  {
    "entity": {
      "_template": "bag_grain_flat_a",
      "transform": [
        [0.959328,0.141261,0.244407],
        [-0.157477,0.986354,0.0480281],
        [-0.234287,-0.084563,0.968482],
        [-1362.26,9.5147,628.955]
      ]
    }
  },
  {
    "entity": {
      "_template": "bag_grain_flat_a",
      "transform": [
        [-0.299663,0.141261,0.943529],
        [-0.0388092,0.986354,-0.159998],
        [-0.953255,-0.084563,-0.290091],
        [-1361.79,9.65604,626.651]
      ]
    }
  },
  {
    "entity": {
      "_template": "bag_grain_flat_a",
      "transform": [
        [0.846303,0.141261,0.513631],
        [-0.164638,0.986354,0.0],
        [-0.506622,-0.084563,0.858011],
        [-1362.82,9.65605,625.818]
      ]
    }
  },
  {
    "entity": {
      "_template": "bag_grain_flat_a",
      "transform": [
        [0.570749,0.141261,-0.808883],
        [-0.0113493,0.986354,0.164246],
        [0.821046,-0.084563,0.564564],
        [-1363.96,9.45581,622.567]
      ]
    }
  },
  {
    "entity": {
      "_template": "bag_grain_flat_a",
      "transform": [
        [-0.340823,0.217415,0.914642],
        [0.181942,0.969752,-0.162718],
        [-0.922354,0.110954,-0.370071],
        [-1361.04,9.65605,628.569]
      ]
    }
  },
  {
    "entity": {
      "_template": "bag_grain_flat_a",
      "transform": [
        [0.567772,-0.152786,-0.808883],
        [0.467703,0.868491,0.164246],
        [0.677413,-0.471571,0.564564],
        [-1363.88,9.33527,623.736]
      ]
    }
  },
  {
    "entity": {
