[
  {
    "import": {
      "scene": "content/enlisted/gamedata/scenes/_volokolamsk_zombie_sounds.blk"
    }
  },
  {
    "import": {
      "scene": "content/enlisted/gamedata/scenes/_volokolamsk_winter_biome_fx.blk"
    }
  },
  {
    "import": {
      "scene": "content/enlisted/gamedata/scenes/_volokolamsk_winter_village_fx.blk"
    }
  },
  {
    "entity": {
      "_template": "box_battle_area",
      "transform": [
        [563.626,0.0,-148.252],
        [0.0,88.8871,0.0],
        [95.9111,-0.0,364.635],
        [-113.665,47.3434,-114.76]
      ],
      "battle_area__team": 3
    }
  },
  {
    "entity": {
      "_template": "box_battle_area",
      "transform": [
        [68.3885,0.0,-17.9884],
        [0.0,88.8871,0.0],
        [20.5446,-0.0,78.1065],
        [-113.665,47.3434,-114.76]
      ]
    }
  },
  {
    "entity": {
      "_template": "minimap_battle_of_moscow_volokolamsk_countryside_winter"
    }
  },
  {
    "entity": {
      "_template": "wind"
    }
  },
  {
    "entity": {
      "_template": "noBotsMode"
    }
  },
  {
    "entity": {
      "_template": "postfx_color_grading_tonemap_death_alive_enlisted"
    }
  },
  {
    "entity": {
      "_template": "volfog_snow_affect",
      "volfog_snow__intensityChangeTime": 1.0,
      "volfog_snow__maxIntensity": 4.0,
      "volfog_snow__maxIntensityRange": [1.2,3.5],
      "volfog_snow__intensitySpeed": 1.0,
      "volfog_snow__intensityNextChangeTimer": 0.0,
      "volfog_snow__intensity": 1.2
    }
  },
  {
    "entity": {
      "_template": "postfx_color_grading_tonemap_zombie_night_enlisted"
    }
  },
  {
    "entity": {
      "_template": "zombie_level_night",
      "level__blk": "content/dev/levels/battle_of_moscow_volokolamsk_countryside_winter_night.blk"
    }
  },
  {
    "entity": {
      "_template": "shaderVars",
      "shader_vars__vars:object": {
        "hmap_displacement_up": 0.3,
        "ocean1": "#8e894700",
        "ocean0": "#4c3f0500",
        "ocean_density": 0.1,
        "land_selfillum_worldscale": 0.9,
        "river1": "#8e894700",
        "river0": "#4c3f0500",
        "hmap_displacement_down": -0.15,
        "puddle_flat_hmap_reduce": 0.03,
        "autodetect_land_selfillum_color": [0.53,0.0,0.0,0.16],
        "paint_details_tex": "volokolamsk_building_colors_tex_palette*",
        "land_selfillum_strength": 32.0,
        "water_color_noise_size": 71.0,
        "river_density": 0.3
      }
    }
  },
  {
    "entity": {
      "_template": "bloom",
      "bloom__threshold": 17.0,
      "bloom__radius": 0.1
    }
  },
  {
    "entity": {
      "_template": "postfx_roundctrl"
    }
  },
  {
    "entity": {
      "_template": "door_mult_ent_generator",
      "ri_extra_gen__blk": "content/enlisted/gamedata/volokolamsk_doors.blk"
    }
  },
  {
    "entity": {
      "_template": "session_finalizer",
      "session_finalizer__timer": 10.0
    }
  },
  {
    "entity": {
      "_template": "custom_profile",
      "customProfile": "%enlSqGlob/data/zombie_profile.json"
    }
  },
  {
    "entity": {
      "_template": "team_usa+team_narrator_invasion_defence+respawn_creators_team",
      "team__countAdd": 0.5,
      "team__memberCount": 0.5,
      "team__scoreCap": 5000.0,
      "team__capturePenalty": 1001.0,
      "team__score": 5000.0,
      "team__id": 1,
      "team__briefing": "invasion/defenders_goals",
      "team__winSubtitle": "debriefing/won_defence_subtitle",
      "team__loseSubtitle": "debriefing/lost_defence_subtitle",
      "team__winTitle": "debriefing/ussr_won_defence",
      "team__spawnBotArmy": "normandy_allies"
    }
  },
  {
    "entity": {
      "_template": "team_usa+team_narrator_invasion_attack+respawn_creators_team",
      "team__memberCount": 0.0,
      "team__scoreCap": 30.0,
      "team__score": 30.0,
      "team__squadSpawnCost": 0,
      "team__firstSpawnCostMul": 0.0,
      "team__zeroScoreFailTimer": 0.0,
      "team__deathPenalty": 1.0,
      "team__id": 2,
      "team__briefing": "invasion/attackers_goals",
      "team__winSubtitle": "debriefing/won_invasion_subtitle",
      "team__loseSubtitle": "debriefing/lost_invasion_subtitle",
      "team__winTitle": "debriefing/axis_won_invasion",
      "team__spawnBotArmy": "normandy_axis"
    }
  },
  {
    "entity": {
      "_template": "enemy_attack_marker"
    }
  },
  {
    "entity": {
      "_template": "zombie_spawn_mode"
    }
  },
  {
    "entity": {
      "_template": "static_cam",
      "camera__active": true,
      "transform": [
        [-0.947294,0.003136,-0.320349],
        [0.0293118,0.996606,-0.0769229],
        [0.31902,-0.082259,-0.944171],
        [-228.196,15.3665,175.475]
      ]
    }
  },
  {
    "entity": {
      "_template": "respawnChooser+respTeam1",
      "transform": [
        [-0.983292,0.0,0.182035],
        [0.0,1.0,0.0],
        [-0.182035,0.0,-0.983292],
        [-88.4869,26.6278,-126.112]
      ],
      "active": true
    }
  },
  {
    "entity": {
      "_template": "respawnChooser+respTeam2",
      "transform": [
        [-0.983292,0.0,0.182035],
        [0.0,1.0,0.0],
        [-0.182035,0.0,-0.983292],
        [-88.4869,26.6278,-126.112]
      ],
      "active": true
    }
  },
  {
    "entity": {
      "_template": "mbs_desktop_stuff_a_deflection_board",
      "transform": [
        [1.0,0.0,0.0],
        [0.0,1.0,0.0],
        [0.0,0.0,1.0],
        [11.0536,4.63219,134.642]
      ]
    }
  },
  {
    "entity": {
      "_template": "mbs_desktop_stuff_a_map",
      "transform": [
        [2.09986,0.0,-2.26458],
        [0.0,3.08832,0.0],
        [2.26458,0.0,2.09986],
        [10.8974,4.62183,134.226]
      ]
    }
  },
  {
    "entity": {
      "_template": "mbs_desktop_stuff_a_binoculars",
      "transform": [
        [0.500561,0.0,0.865701],
        [0.0,1.0,0.0],
        [-0.865701,0.0,0.500561],
        [10.6071,4.62497,134.335]
      ]
    }
  },
  {
    "entity": {
      "_template": "mbs_desktop_stuff_a_folder",
      "transform": [
        [-1.15601,0.0,-1.29338],
        [0.0,1.7347,0.0],
        [1.29338,0.0,-1.15601],
        [10.638,4.63245,133.888]
      ]
    }
  },
  {
    "entity": {
      "_template": "mbs_ger_radio_kw_e_a",
      "transform": [
        [-0.998926,0.0,-0.0463341],
        [0.0,1.0,0.0],
        [0.0463341,0.0,-0.998926],
        [14.8871,4.6145,133.696]
      ]
    }
  },
  {
    "entity": {
      "_template": "mbs_desktop_stuff_a_map",
      "transform": [
        [2.15096,0.0,1.85298],
        [0.0,2.83904,0.0],
        [-1.85298,0.0,2.15096],
        [14.1801,4.62451,134.358]
      ]
    }
  },
  {
    "entity": {
      "_template": "mbs_desktop_stuff_a_deflection_board",
      "transform": [
        [0.875158,0.0,-0.483836],
        [0.0,1.0,0.0],
        [0.483836,0.0,0.875158],
        [14.2131,4.62861,134.822]
      ]
    }
  },
  {
    "entity": {
      "_template": "mbs_desktop_stuff_a_binoculars",
      "transform": [
        [-0.505793,0.0,-0.862655],
        [0.0,1.0,0.0],
        [0.862655,0.0,-0.505793],
        [14.5478,4.61305,133.479]
      ]
    }
  },
  {
    "entity": {
      "_template": "mbs_desktop_stuff_a_map",
      "transform": [
        [2.74371,0.0,0.0],
        [0.0,2.74371,0.0],
        [0.0,0.0,2.74371],
        [254.442,5.82286,144.633]
      ]
    }
  },
  {
    "entity": {
      "_template": "mbs_desktop_stuff_a_tablet",
      "transform": [
        [0.310923,0.0,-0.950435],
        [0.0,1.0,0.0],
        [0.950435,0.0,0.310923],
        [254.574,5.81393,145.252]
      ]
    }
  },
  {
    "entity": {
      "_template": "mbs_ger_radio_kw_e_a",
      "transform": [
        [-0.856554,0.0,0.516058],
        [0.0,1.0,0.0],
        [-0.516058,0.0,-0.856554],
        [254.526,5.80448,143.748]
      ]
    }
  },
  {
    "entity": {
      "_template": "mbs_ger_radio_feld_fu",
      "transform": [
        [-1.00185,0.0,1.65781],
        [0.0,1.93702,0.0],
        [-1.65781,0.0,-1.00185],
        [250.893,5.82387,140.722]
      ]
    }
  },
  {
    "entity": {
      "_template": "mbs_desktop_stuff_a_map",
      "transform": [
        [1.57025,0.0,1.95979],
        [0.0,2.50786,0.0],
        [-1.95543,0.0,1.57375],
        [257.101,5.82489,141.098]
      ]
    }
  },
  {
    "entity": {
      "_template": "mbs_desktop_stuff_a_folder",
      "transform": [
        [0.186362,0.0,1.53763],
        [0.0,1.54888,0.0],
        [-1.53763,0.0,0.186362],
        [257.199,5.83423,140.719]
      ]
    }
  },
  {
    "entity": {
      "_template": "respawn_camera",
      "respawnCameraForTeam": 1,
      "moveCameraToHeight": 170.0,
      "respawnSelectorDistanceMult": 1.7,
      "transform": [
        [1.0,0.0,0.0],
        [0.0,1.0,0.0],
        [0.0,0.0,1.0],
        [440.588,175.827,45.4173]
      ]
    }
  },
  {
    "entity": {
      "_template": "respawn_camera",
      "respawnCameraForTeam": 2,
      "moveCameraToHeight": 170.0,
      "respawnSelectorDistanceMult": 1.7,
      "transform": [
        [1.0,0.0,0.0],
        [0.0,1.0,0.0],
        [0.0,0.0,1.0],
        [-346.874,178.352,276.188]
      ]
    }
  },
  {
    "entity": {
      "_template": "bm_13n_gameobj",
      "transform": [
        [0.437911,0.0504372,0.897602],
        [0.110148,0.987893,-0.109248],
        [-0.892245,0.14671,0.427054],
        [-211.639,3.46925,136.346]
      ]
    }
  },
  {
    "entity": {
      "_template": "bm_13n_gameobj",
      "transform": [
        [0.553942,0.0530419,0.830864],
        [0.0468014,0.994407,-0.0946852],
        [-0.831239,0.0913357,0.548361],
        [-221.816,3.84549,142.12]
      ]
    }
  },
  {
    "entity": {
      "_template": "bm_13n_gameobj",
      "transform": [
        [0.16648,0.0637769,0.98398],
        [0.0191947,0.997507,-0.0679012],
        [-0.985858,0.0301914,0.164841],
        [-201.264,3.27518,131.043]
      ]
    }
  },
  {
    "entity": {
      "_template": "bm_13n_gameobj",
      "transform": [
        [0.511574,0.0505887,0.857749],
        [0.0356684,0.996155,-0.0800247],
        [-0.858499,0.071533,0.507802],
        [-231.844,3.98901,145.859]
      ]
    }
  },
  {
    "entity": {
      "_template": "volokolamsk_level",
      "level__blk": "content/enlisted/levels/battle_of_moscow_volokolamsk_countryside_winter.blk"
    }
  },
  {
    "entity": {
      "_template": "clouds_hole_target",
      "transform": [
        [1.0,0.0,0.0],
        [0.0,1.0,0.0],
        [0.0,0.0,1.0],
        [0.0,0.0,0.0]
      ]
    }
  },
  {
    "entity": {
      "_template": "water",
      "water__strength": 1.3
    }
  },
  {
    "entity": {
      "_template": "zombie_spawn_zone",
      "transform": [
        [1.0,0.0,0.0],
        [0.0,1.0,0.0],
        [0.0,0.0,1.0],
        [-211.553,16.1863,-161.762]
      ]
    }
  },
  {
    "entity": {
      "_template": "zombie_spawn_zone",
      "transform": [
        [0.938337,0.0,0.345722],
        [0.0,1.0,-0.0],
        [-0.345722,0.0,0.938337],
        [-206.178,16.4562,-162.019]
      ]
    }
  },
  {
    "entity": {
      "_template": "zombie_spawn_zone",
      "transform": [
        [0.938337,0.0,0.345722],
        [0.0,1.0,-0.0],
        [-0.345722,0.0,0.938337],
        [-202.845,16.064,-159.385]
      ]
    }
  },
  {
    "entity": {
      "_template": "zombie_spawn_zone",
      "transform": [
        [0.824229,0.0,0.566256],
        [0.0,1.0,-0.0],
        [-0.566256,0.0,0.824229],
        [-172.724,15.4078,-210.613]
      ]
    }
  },
  {
    "entity": {
      "_template": "zombie_spawn_zone",
      "transform": [
        [0.725769,0.0,0.687938],
        [0.0,1.0,-0.0],
        [-0.687938,0.0,0.725769],
        [-71.8462,16.1467,-190.383]
      ]
    }
  },
  {
    "entity": {
      "_template": "zombie_spawn_zone",
      "transform": [
        [0.824229,0.0,0.566256],
        [0.0,1.0,-0.0],
        [-0.566256,0.0,0.824229],
        [-172.206,15.3733,-212.638]
      ]
    }
  },
  {
    "entity": {
      "_template": "zombie_spawn_zone",
      "transform": [
        [0.725769,0.0,0.687938],
        [0.0,1.0,-0.0],
        [-0.687938,0.0,0.725769],
        [-66.3789,16.5926,-184.401]
      ]
    }
  },
  {
    "entity": {
      "_template": "zombie_spawn_zone",
      "transform": [
        [0.725769,0.0,0.687938],
        [0.0,1.0,-0.0],
        [-0.687938,0.0,0.725769],
        [-68.0186,16.3534,-190.01]
      ]
    }
  },
  {
    "entity": {
      "_template": "zombie_spawn_zone",
      "transform": [
        [0.725769,0.0,0.687938],
        [0.0,1.0,-0.0],
        [-0.687938,0.0,0.725769],
        [-69.1245,16.3815,-188.122]
      ]
    }
  },
  {
    "entity": {
      "_template": "zombie_spawn_zone",
      "transform": [
        [1.0,0.0,0.0],
        [0.0,1.0,0.0],
        [0.0,0.0,1.0],
        [-60.6931,15.9534,-69.5816]
      ]
    }
  },
  {
    "entity": {
      "_template": "zombie_spawn_zone",
      "transform": [
        [1.0,0.0,0.0],
        [0.0,1.0,0.0],
        [0.0,0.0,1.0],
        [-120.446,19.1179,-38.9701]
      ]
    }
  },
  {
    "entity": {
      "_template": "zombie_spawn_zone",
      "transform": [
        [1.0,0.0,0.0],
        [0.0,1.0,0.0],
        [0.0,0.0,1.0],
        [-59.5824,15.614,-72.4157]
      ]
    }
  },
  {
    "entity": {
      "_template": "zombie_spawn_zone",
      "transform": [
        [1.0,0.0,0.0],
        [0.0,1.0,0.0],
        [0.0,0.0,1.0],
        [-109.339,18.4424,-41.8156]
      ]
    }
  },
  {
    "entity": {
      "_template": "zombie_spawn_zone",
      "transform": [
        [-0.999289,0.0,0.037694],
        [0.0,1.0,0.0],
        [-0.037694,0.0,-0.999289],
        [-23.695,17.5446,-110.245]
      ]
    }
  },
  {
    "entity": {
      "_template": "zombie_spawn_zone",
      "transform": [
        [-0.999289,0.0,0.037694],
        [0.0,1.0,0.0],
        [-0.037694,0.0,-0.999289],
        [-23.8791,17.4415,-113.582]
      ]
    }
  },
  {
    "entity": {
      "_template": "zombie_spawn_zone",
      "transform": [
        [-0.999289,0.0,0.037694],
        [0.0,1.0,0.0],
        [-0.037694,0.0,-0.999289],
        [-24.7107,17.501,-111.93]
      ]
    }
  },
  {
    "entity": {
      "_template": "zombie_spawn_zone",
      "transform": [
        [-0.999289,0.0,0.037694],
        [0.0,1.0,0.0],
        [-0.037694,0.0,-0.999289],
        [-24.0454,17.736,-115.393]
      ]
    }
  },
  {
    "entity": {
      "_template": "zombie_spawn_zone",
      "transform": [
        [1.0,0.0,0.0],
        [0.0,1.0,0.0],
        [0.0,0.0,1.0],
        [-110.179,18.9643,-43.7886]
      ]
    }
  },
  {
    "entity": {
      "_template": "zombie_spawn_zone",
      "transform": [
        [1.0,0.0,0.0],
        [0.0,1.0,0.0],
        [0.0,0.0,1.0],
        [-114.231,18.6356,-38.7653]
      ]
    }
  },
  {
    "entity": {
      "_template": "zombie_spawn_zone",
      "transform": [
        [1.0,0.0,0.0],
        [0.0,1.0,0.0],
        [0.0,0.0,1.0],
        [-120.827,18.7117,-39.5819]
      ]
    }
  },
  {
    "entity": {
      "_template": "zombie_spawn_zone",
      "transform": [
        [0.137602,0.0,0.990488],
        [0.0,1.0,-0.0],
        [-0.990488,0.0,0.137602],
        [-144.982,15.6074,-226.024]
      ]
    }
  },
  {
    "entity": {
      "_template": "zombie_spawn_zone",
      "transform": [
        [0.824229,0.0,0.566256],
        [0.0,1.0,-0.0],
        [-0.566256,0.0,0.824229],
        [-175.008,16.7043,-206.298]
      ]
    }
  },
  {
    "entity": {
      "_template": "zombie_spawn_zone",
      "transform": [
        [-0.126552,0.0,0.99196],
        [0.0,1.0,0.0],
        [-0.99196,0.0,-0.126552],
        [-143.288,15.1676,-227.039]
      ]
    }
  },
  {
    "entity": {
      "_template": "zombie_spawn_zone",
      "transform": [
        [0.861332,0.0,-0.508042],
        [0.0,1.0,0.0],
        [0.508042,-0.0,0.861332],
        [-156.956,15.8755,-43.0792]
      ]
    }
  },
  {
    "entity": {
      "_template": "zombie_spawn_zone",
      "transform": [
        [0.861332,0.0,-0.508042],
        [0.0,1.0,0.0],
        [0.508042,-0.0,0.861332],
        [-160.043,16.2901,-47.5474]
      ]
    }
  },
  {
    "entity": {
      "_template": "zombie_spawn_zone",
      "transform": [
        [1.0,0.0,0.0],
        [0.0,1.0,0.0],
        [0.0,0.0,1.0],
        [-167.759,16.3438,-51.8687]
      ]
    }
  },
  {
    "entity": {
      "_template": "zombie_spawn_zone",
      "transform": [
        [0.88854,0.0,-0.4588],
        [0.0,1.0,0.0],
        [0.4588,-0.0,0.88854],
        [-166.782,16.4462,-46.4675]
      ]
    }
  },
  {
    "entity": {
      "_template": "zombie_spawn_zone",
      "transform": [
        [1.0,0.0,0.0],
        [0.0,1.0,0.0],
        [0.0,0.0,1.0],
        [-188.147,15.7804,-133.501]
      ]
    }
  },
  {
    "entity": {
      "_template": "zombie_spawn_zone",
      "transform": [
        [1.0,0.0,0.0],
        [0.0,1.0,0.0],
        [0.0,0.0,1.0],
        [-183.979,15.6915,-136.931]
      ]
    }
  },
  {
    "entity": {
      "_template": "zombie_spawn_zone",
      "transform": [
        [1.0,0.0,0.0],
        [0.0,1.0,0.0],
        [0.0,0.0,1.0],
        [-181.084,15.5749,-143.283]
      ]
    }
  },
  {
    "entity": {
      "_template": "zombie_spawn_zone",
      "transform": [
        [0.50302,0.0,0.864275],
        [0.0,1.0,-0.0],
        [-0.864275,0.0,0.50302],
        [-193.351,18.4479,-181.72]
      ]
    }
  },
  {
    "entity": {
      "_template": "zombie_spawn_zone",
      "transform": [
        [0.50302,0.0,0.864275],
        [0.0,1.0,-0.0],
        [-0.864275,0.0,0.50302],
        [-194.414,18.8062,-182.854]
      ]
    }
  },
  {
    "entity": {
      "_template": "zombie_spawn_zone",
      "transform": [
        [0.50302,0.0,0.864275],
        [0.0,1.0,-0.0],
        [-0.864275,0.0,0.50302],
        [-194.26,18.6398,-181.211]
      ]
    }
  },
  {
    "entity": {
      "_template": "zombie_spawn_zone",
      "transform": [
        [1.0,0.0,0.0],
        [0.0,1.0,0.0],
        [0.0,0.0,1.0],
        [-213.515,15.9968,-157.137]
      ]
    }
  },
  {
    "entity": {
      "_template": "zombie_spawn_zone",
      "transform": [
        [0.938337,0.0,0.345722],
        [0.0,1.0,-0.0],
        [-0.345722,0.0,0.938337],
        [-206.703,16.4322,-158.122]
      ]
    }
  },
  {
    "entity": {
      "_template": "zombie_spawn_zone",
      "transform": [
        [0.725769,0.0,0.687938],
        [0.0,1.0,-0.0],
        [-0.687938,0.0,0.725769],
        [-70.6733,16.4929,-188.971]
      ]
    }
  },
  {
    "entity": {
      "_template": "sandbags_wall_8",
      "transform": [
        [0.969176,0.0,-0.246371],
        [0.0,1.0,0.0],
        [0.246371,-0.0,0.969176],
        [-121.373,25.2045,-129.776]
      ]
    }
  },
  {
    "entity": {
      "_template": "sandbags_wall_8",
      "transform": [
        [-0.264436,0.0,-0.964403],
        [0.0,1.0,0.0],
        [0.964403,0.0,-0.264436],
        [-109.081,25.2,-131.79]
      ]
    }
  },
  {
    "entity": {
      "_template": "sandbags_wall_8",
      "transform": [
        [1.0,0.0,0.0],
        [0.0,1.0,0.0],
        [0.0,0.0,1.0],
        [-99.2259,26.1954,-134.062]
      ]
    }
  },
  {
    "entity": {
      "_template": "sandbags_wall_8",
      "transform": [
        [0.960646,0.0,-0.277777],
        [0.0,1.0,0.0],
        [0.277777,-0.0,0.960646],
        [-115.652,25.2,-104.671]
      ]
    }
  },
  {
    "entity": {
      "_template": "sandbags_wall_8",
      "transform": [
        [0.22575,0.0,0.974185],
        [0.0,1.0,-0.0],
        [-0.974185,0.0,0.22575],
        [-101.704,25.0383,-141.684]
      ]
    }
  },
  {
    "entity": {
      "_template": "sandbags_wall_8",
      "transform": [
        [0.969176,0.0,-0.246371],
        [0.0,1.0,0.0],
        [0.246371,-0.0,0.969176],
        [-121.373,27.2023,-129.776]
      ]
    }
  },
  {
    "entity": {
      "_template": "sandbags_wall_8",
      "transform": [
        [-0.264436,0.0,-0.964403],
        [0.0,1.0,0.0],
        [0.964403,0.0,-0.264436],
        [-109.081,27.2385,-131.79]
      ]
    }
  },
  {
    "entity": {
      "_template": "sandbags_wall_8",
      "transform": [
        [0.960646,0.0,-0.277777],
        [0.0,1.0,0.0],
        [0.277777,-0.0,0.960646],
        [-115.652,27.0479,-104.671]
      ]
    }
  },
  {
    "entity": {
      "_template": "sandbags_wall_8",
      "transform": [
        [0.22575,0.0,0.974185],
        [0.0,1.0,-0.0],
        [-0.974185,0.0,0.22575],
        [-101.704,27.9509,-141.684]
      ]
    }
  },
  {
    "entity": {
      "_template": "respawnChooser+respTeam1",
      "transform": [
        [-0.983292,0.0,0.182035],
        [0.0,1.0,0.0],
        [-0.182035,0.0,-0.983292],
        [-88.7135,26.6278,-117.216]
      ],
      "active": true
    }
  },
  {
    "entity": {
      "_template": "respawnChooser+respTeam2",
      "transform": [
        [-0.983292,0.0,0.182035],
        [0.0,1.0,0.0],
        [-0.182035,0.0,-0.983292],
        [-88.7135,26.6278,-117.216]
      ],
      "active": true
    }
  },
  {
    "entity": {
      "_template": "respawnChooser+respTeam1",
      "transform": [
        [-0.983292,0.0,0.182035],
        [0.0,1.0,0.0],
        [-0.182035,0.0,-0.983292],
        [-92.1182,26.6278,-133.183]
      ],
      "active": true
    }
  },
  {
    "entity": {
      "_template": "respawnChooser+respTeam2",
      "transform": [
        [-0.983292,0.0,0.182035],
        [0.0,1.0,0.0],
        [-0.182035,0.0,-0.983292],
        [-92.1182,26.6278,-133.183]
      ],
      "active": true
    }
  },
  {
    "entity": {
      "_template": "spot_light_long_projector",
      "transform": [
        [0.171101,0.208596,0.962919],
        [-0.603997,0.794352,-0.0647556],
        [-0.778404,-0.57052,0.261905],
        [-117.9,35.6223,-118.161]
      ],
      "light__brightness": 8.0,
      "light__color": "#ff460aff"
    }
  },
  {
    "entity": {
      "_template": "spot_light_long_projector",
      "transform": [
        [1.0,0.0,0.0],
        [-0.0,0.700798,0.71336],
        [0.0,-0.71336,0.700798],
        [-112.045,33.319,-114.581]
      ],
      "light__color": "#ff460aff",
      "light__brightness": 8.0
    }
  },
  {
    "entity": {
      "_template": "spot_light_long_projector",
      "transform": [
        [-0.986538,0.135665,0.0913103],
        [7.45058e-09,0.558365,-0.829595],
        [-0.163532,-0.818427,-0.550848],
        [-115.268,33.319,-125.424]
      ],
      "light__brightness": 5.0,
      "light__color": "#ff460aff"
    }
  }
]