[
  {
    "import": [
      {
        "scene": "content/enlisted/gamedata/scenes/_volokolamsk_sounds.blk"
      },
      {
        "scene": "content/enlisted/gamedata/scenes/_volokolamsk_winter_biome_fx.blk"
      },
      {
        "scene": "content/enlisted/gamedata/scenes/_volokolamsk_winter_village_fx.blk"
      }
    ]
  },
  {
    "entity": {
      "_template": "minimap_battle_of_moscow_volokolamsk_countryside_winter"
    }
  },
  {
    "entity": {
      "_template": "wind"
    }
  },
  {
    "entity": {
      "_template": "postfx_color_grading_tonemap_death_alive_enlisted"
    }
  },
  {
    "entity": {
      "_template": "shaderVars",
      "shader_vars__vars:object": {
        "hmap_displacement_up": 0.3,
        "ocean1": "#8e894700",
        "ocean0": "#4c3f0500",
        "ocean_density": 0.1,
        "land_selfillum_worldscale": 0.9,
        "river1": "#8e894700",
        "river0": "#4c3f0500",
        "hmap_displacement_down": -0.15,
        "puddle_flat_hmap_reduce": 0.03,
        "autodetect_land_selfillum_color": [0.53,0.0,0.0,0.16],
        "paint_details_tex": "volokolamsk_building_colors_tex_palette*",
        "land_selfillum_strength": 32.0,
        "water_color_noise_size": 71.0,
        "river_density": 0.3
      }
    }
  },
  {
    "entity": {
      "_template": "bloom"
    }
  },
  {
    "entity": {
      "_template": "postfx_roundctrl"
    }
  },
  {
    "entity": {
      "_template": "door_mult_ent_generator",
      "ri_extra_gen__blk": "content/enlisted/gamedata/volokolamsk_doors.blk"
    }
  },
  {
    "entity": {
      "_template": "session_finalizer",
      "session_finalizer__timer": 10.0
    }
  },
  {
    "entity": {
      "_template": "briefing_assault",
      "mission_name": "volokolamsk_village_assault",
      "mission_outfit": "moscow",
      "loading_images:list<t>": [
        {
          "item": "ui/volokolamsk_village_01.avif"
        },
        {
          "item": "ui/volokolamsk_village_02.avif"
        },
        {
          "item": "ui/volokolamsk_village_03.avif"
        }
      ]
    }
  },
  {
    "entity": {
      "_template": "team_ussr+team_narrator_assault_defence+respawn_creators_team",
      "team__countAdd": 0.5,
      "team__memberCount": 0.5,
      "team__scoreCap": 3000.0,
      "team__capturePenalty": 1001.0,
      "team__score": 3000.0,
      "team__id": 1,
      "team__briefing": "assault/defenders_goals",
      "team__winSubtitle": "debriefing/won_defence_subtitle",
      "team__loseSubtitle": "debriefing/lost_defence_subtitle",
      "team__winTitle": "debriefing/ussr_won_defence",
      "team__spawnBotArmy": "moscow_allies"
    }
  },
  {
    "entity": {
      "_template": "team_germany_winter+team_narrator_assault_attack+respawn_creators_team",
      "team__memberCount": 0.0,
      "team__scoreCap": 2000.0,
      "team__score": 2000.0,
      "team__squadSpawnCost": 250,
      "team__firstSpawnCostMul": 0.0,
      "team__zeroScoreFailTimer": 60.0,
      "team__id": 2,
      "team__briefing": "assault/attackers_goals",
      "team__winSubtitle": "debriefing/won_invasion_subtitle",
      "team__loseSubtitle": "debriefing/lost_invasion_subtitle",
      "team__winTitle": "debriefing/axis_won_invasion",
      "team__spawnBotArmy": "moscow_axis"
    }
  },
  {
    "entity": {
      "_template": "poly_battle_area",
      "transform": [
        [1.0,0.0,0.0],
        [0.0,1.0,0.0],
        [0.0,0.0,1.0],
        [0.0,0.0,0.0]
      ],
      "groupName": "sector_1",
      "active": false,
      "battle_area__team": 2,
      "battleAreaId": "area1_2"
    }
  },
  {
    "entity": {
      "_template": "battle_area_polygon_point",
      "transform": [
        [0.859014,0.0,0.511952],
        [0.0,1.0,0.0],
        [-0.511952,0.0,0.859014],
        [48.1547,-2.922,101.952]
      ],
      "battle_area_polygon_point__id": "point1",
      "battle_area_polygon_point__nextId": "point2",
      "battle_area_polygon_point__forBattleAreaId": "area1_2"
    }
  },
  {
    "entity": {
      "_template": "battle_area_polygon_point",
      "transform": [
        [0.859014,0.0,0.511952],
        [0.0,1.0,0.0],
        [-0.511952,0.0,0.859014],
        [59.2832,-2.922,165.427]
      ],
      "battle_area_polygon_point__id": "point2",
      "battle_area_polygon_point__nextId": "point3",
      "battle_area_polygon_point__forBattleAreaId": "area1_2"
    }
  },
  {
    "entity": {
      "_template": "battle_area_polygon_point",
      "transform": [
        [0.859014,0.0,0.511952],
        [0.0,1.0,0.0],
        [-0.511952,0.0,0.859014],
        [75.0194,-2.922,225.343]
      ],
      "battle_area_polygon_point__id": "point3",
      "battle_area_polygon_point__nextId": "point4",
      "battle_area_polygon_point__forBattleAreaId": "area1_2"
    }
  },
  {
    "entity": {
      "_template": "battle_area_polygon_point",
      "transform": [
        [0.859014,0.0,0.511952],
        [0.0,1.0,0.0],
        [-0.511952,0.0,0.859014],
        [97.1839,-2.922,309.624]
      ],
      "battle_area_polygon_point__id": "point4",
      "battle_area_polygon_point__nextId": "point5",
      "battle_area_polygon_point__forBattleAreaId": "area1_2"
    }
  },
  {
    "entity": {
      "_template": "battle_area_polygon_point",
      "transform": [
        [0.859014,0.0,0.511952],
        [0.0,1.0,0.0],
        [-0.511952,0.0,0.859014],
        [-83.2387,-2.922,419.445]
      ],
      "battle_area_polygon_point__id": "point5",
      "battle_area_polygon_point__nextId": "point6",
      "battle_area_polygon_point__forBattleAreaId": "area1_2"
    }
  },
  {
    "entity": {
      "_template": "battle_area_polygon_point",
      "transform": [
        [0.859014,0.0,0.511952],
        [0.0,1.0,0.0],
        [-0.511952,0.0,0.859014],
        [-173.777,-2.922,441.625]
      ],
      "battle_area_polygon_point__id": "point6",
      "battle_area_polygon_point__nextId": "point7",
      "battle_area_polygon_point__forBattleAreaId": "area1_2"
    }
  },
  {
    "entity": {
      "_template": "battle_area_polygon_point",
      "transform": [
        [0.859014,0.0,0.511952],
        [0.0,1.0,0.0],
        [-0.511952,0.0,0.859014],
        [-263.439,-2.922,435.085]
      ],
      "battle_area_polygon_point__id": "point7",
      "battle_area_polygon_point__nextId": "point8",
      "battle_area_polygon_point__forBattleAreaId": "area1_2"
    }
  },
  {
    "entity": {
      "_template": "battle_area_polygon_point",
      "transform": [
        [0.859014,0.0,0.511952],
        [0.0,1.0,0.0],
        [-0.511952,0.0,0.859014],
        [-293.538,-2.922,268.275]
      ],
      "battle_area_polygon_point__id": "point8",
      "battle_area_polygon_point__nextId": "point9",
      "battle_area_polygon_point__forBattleAreaId": "area1_2"
    }
  },
  {
    "entity": {
      "_template": "battle_area_polygon_point",
      "transform": [
        [0.859014,0.0,0.511952],
        [0.0,1.0,0.0],
        [-0.511952,0.0,0.859014],
        [-358.899,-2.922,121.03]
      ],
      "battle_area_polygon_point__id": "point9",
      "battle_area_polygon_point__nextId": "point10",
      "battle_area_polygon_point__forBattleAreaId": "area1_2"
    }
  },
  {
    "entity": {
      "_template": "battle_area_polygon_point",
      "transform": [
        [0.859014,0.0,0.511952],
        [0.0,1.0,0.0],
        [-0.511952,0.0,0.859014],
        [-174.555,-2.922,37.6801]
      ],
      "battle_area_polygon_point__id": "point10",
      "battle_area_polygon_point__nextId": "point11",
      "battle_area_polygon_point__forBattleAreaId": "area1_2"
    }
  },
  {
    "entity": {
      "_template": "battle_area_polygon_point",
      "transform": [
        [0.859014,0.0,0.511952],
        [0.0,1.0,0.0],
        [-0.511952,0.0,0.859014],
        [-95.8077,-2.922,3.42387]
      ],
      "battle_area_polygon_point__id": "point11",
      "battle_area_polygon_point__nextId": "point12",
      "battle_area_polygon_point__forBattleAreaId": "area1_2"
    }
  },
  {
    "entity": {
      "_template": "battle_area_polygon_point",
      "transform": [
        [0.859014,0.0,0.511952],
        [0.0,1.0,0.0],
        [-0.511952,0.0,0.859014],
        [-2.82665,-2.922,-31.2484]
      ],
      "battle_area_polygon_point__id": "point12",
      "battle_area_polygon_point__nextId": "point1",
      "battle_area_polygon_point__forBattleAreaId": "area1_2"
    }
  },
  {
    "entity": {
      "_template": "poly_battle_area",
      "transform": [
        [1.0,0.0,0.0],
        [0.0,1.0,0.0],
        [0.0,0.0,1.0],
        [0.0,0.0,0.0]
      ],
      "groupName": "sector_1",
      "active": false,
      "battle_area__team": 1,
      "battleAreaId": "area1_1"
    }
  },
  {
    "entity": {
      "_template": "battle_area_polygon_point",
      "transform": [
        [0.859014,0.0,0.511952],
        [0.0,1.0,0.0],
        [-0.511952,0.0,0.859014],
        [146.966,-2.922,-56.2228]
      ],
      "battle_area_polygon_point__id": "point1",
      "battle_area_polygon_point__nextId": "point2",
      "battle_area_polygon_point__forBattleAreaId": "area1_1"
    }
  },
  {
    "entity": {
      "_template": "battle_area_polygon_point",
      "transform": [
        [0.859014,0.0,0.511952],
        [0.0,1.0,0.0],
        [-0.511952,0.0,0.859014],
        [275.792,-2.922,-65.9447]
      ],
      "battle_area_polygon_point__id": "point2",
      "battle_area_polygon_point__nextId": "point3",
      "battle_area_polygon_point__forBattleAreaId": "area1_1"
    }
  },
  {
    "entity": {
      "_template": "battle_area_polygon_point",
      "transform": [
        [0.859014,0.0,0.511952],
        [0.0,1.0,0.0],
        [-0.511952,0.0,0.859014],
        [307.377,-2.922,21.644]
      ],
      "battle_area_polygon_point__id": "point3",
      "battle_area_polygon_point__nextId": "point4",
      "battle_area_polygon_point__forBattleAreaId": "area1_1"
    }
  },
  {
    "entity": {
      "_template": "battle_area_polygon_point",
      "transform": [
        [0.859014,0.0,0.511952],
        [0.0,1.0,0.0],
        [-0.511952,0.0,0.859014],
        [325.712,-2.922,114.958]
      ],
      "battle_area_polygon_point__id": "point4",
      "battle_area_polygon_point__nextId": "point5",
      "battle_area_polygon_point__forBattleAreaId": "area1_1"
    }
  },
  {
    "entity": {
      "_template": "battle_area_polygon_point",
      "transform": [
        [0.859014,0.0,0.511952],
        [0.0,1.0,0.0],
        [-0.511952,0.0,0.859014],
        [334.112,-2.922,282.941]
      ],
      "battle_area_polygon_point__id": "point5",
      "battle_area_polygon_point__nextId": "point6",
      "battle_area_polygon_point__forBattleAreaId": "area1_1"
    }
  },
  {
    "entity": {
      "_template": "battle_area_polygon_point",
      "transform": [
        [0.859014,0.0,0.511952],
        [0.0,1.0,0.0],
        [-0.511952,0.0,0.859014],
        [243.285,-2.922,281.441]
      ],
      "battle_area_polygon_point__id": "point6",
      "battle_area_polygon_point__nextId": "point7",
      "battle_area_polygon_point__forBattleAreaId": "area1_1"
    }
  },
  {
    "entity": {
      "_template": "battle_area_polygon_point",
      "transform": [
        [0.859014,0.0,0.511952],
        [0.0,1.0,0.0],
        [-0.511952,0.0,0.859014],
        [95.5412,-2.922,308.947]
      ],
      "battle_area_polygon_point__id": "point7",
      "battle_area_polygon_point__nextId": "point8",
      "battle_area_polygon_point__forBattleAreaId": "area1_1"
    }
  },
  {
    "entity": {
      "_template": "battle_area_polygon_point",
      "transform": [
        [0.859014,0.0,0.511952],
        [0.0,1.0,0.0],
        [-0.511952,0.0,0.859014],
        [35.7426,-2.922,264.573]
      ],
      "battle_area_polygon_point__id": "point8",
      "battle_area_polygon_point__nextId": "point9",
      "battle_area_polygon_point__forBattleAreaId": "area1_1"
    }
  },
  {
    "entity": {
      "_template": "battle_area_polygon_point",
      "transform": [
        [0.859014,0.0,0.511952],
        [0.0,1.0,0.0],
        [-0.511952,0.0,0.859014],
        [-6.27706,-2.922,223.48]
      ],
      "battle_area_polygon_point__id": "point9",
      "battle_area_polygon_point__nextId": "point10",
      "battle_area_polygon_point__forBattleAreaId": "area1_1"
    }
  },
  {
    "entity": {
      "_template": "battle_area_polygon_point",
      "transform": [
        [0.859014,0.0,0.511952],
        [0.0,1.0,0.0],
        [-0.511952,0.0,0.859014],
        [-48.5174,-2.922,132.427]
      ],
      "battle_area_polygon_point__id": "point10",
      "battle_area_polygon_point__nextId": "point11",
      "battle_area_polygon_point__forBattleAreaId": "area1_1"
    }
  },
  {
    "entity": {
      "_template": "battle_area_polygon_point",
      "transform": [
        [0.859014,0.0,0.511952],
        [0.0,1.0,0.0],
        [-0.511952,0.0,0.859014],
        [-48.1698,-2.922,51.2019]
      ],
      "battle_area_polygon_point__id": "point11",
      "battle_area_polygon_point__nextId": "point12",
      "battle_area_polygon_point__forBattleAreaId": "area1_1"
    }
  },
  {
    "entity": {
      "_template": "battle_area_polygon_point",
      "transform": [
        [0.859014,0.0,0.511952],
        [0.0,1.0,0.0],
        [-0.511952,0.0,0.859014],
        [-38.6868,-2.922,-16.0172]
      ],
      "battle_area_polygon_point__id": "point12",
      "battle_area_polygon_point__nextId": "point1",
      "battle_area_polygon_point__forBattleAreaId": "area1_1"
    }
  },
  {
    "entity": {
      "_template": "poly_battle_area",
      "transform": [
        [1.0,0.0,0.0],
        [0.0,1.0,0.0],
        [0.0,0.0,1.0],
        [0.0,0.0,0.0]
      ],
      "groupName": "sector_2",
      "active": false,
      "battle_area__team": 2,
      "battleAreaId": "area2_2"
    }
  },
  {
    "entity": {
      "_template": "battle_area_polygon_point",
      "transform": [
        [0.859014,0.0,0.511952],
        [0.0,1.0,0.0],
        [-0.511952,0.0,0.859014],
        [128.299,-2.922,112.196]
      ],
      "battle_area_polygon_point__id": "point1",
      "battle_area_polygon_point__nextId": "point2",
      "battle_area_polygon_point__forBattleAreaId": "area2_2"
    }
  },
  {
    "entity": {
      "_template": "battle_area_polygon_point",
      "transform": [
        [0.859014,0.0,0.511952],
        [0.0,1.0,0.0],
        [-0.511952,0.0,0.859014],
        [130.313,-2.922,180.248]
      ],
      "battle_area_polygon_point__id": "point2",
      "battle_area_polygon_point__nextId": "point3",
      "battle_area_polygon_point__forBattleAreaId": "area2_2"
    }
  },
  {
    "entity": {
      "_template": "battle_area_polygon_point",
      "transform": [
        [0.859014,0.0,0.511952],
        [0.0,1.0,0.0],
        [-0.511952,0.0,0.859014],
        [144.097,-2.922,289.941]
      ],
      "battle_area_polygon_point__id": "point3",
      "battle_area_polygon_point__nextId": "point4",
      "battle_area_polygon_point__forBattleAreaId": "area2_2"
    }
  },
  {
    "entity": {
      "_template": "battle_area_polygon_point",
      "transform": [
        [0.859014,0.0,0.511952],
        [0.0,1.0,0.0],
        [-0.511952,0.0,0.859014],
        [95.9491,-2.922,309.075]
      ],
      "battle_area_polygon_point__id": "point4",
      "battle_area_polygon_point__nextId": "point5",
      "battle_area_polygon_point__forBattleAreaId": "area2_2"
    }
  },
  {
    "entity": {
      "_template": "battle_area_polygon_point",
      "transform": [
        [0.859014,0.0,0.511952],
        [0.0,1.0,0.0],
        [-0.511952,0.0,0.859014],
        [-79.2873,-2.922,416.035]
      ],
      "battle_area_polygon_point__id": "point5",
      "battle_area_polygon_point__nextId": "point6",
      "battle_area_polygon_point__forBattleAreaId": "area2_2"
    }
  },
  {
    "entity": {
      "_template": "battle_area_polygon_point",
      "transform": [
        [0.859014,0.0,0.511952],
        [0.0,1.0,0.0],
        [-0.511952,0.0,0.859014],
        [-161.85,-2.92208,265.264]
      ],
      "battle_area_polygon_point__id": "point6",
      "battle_area_polygon_point__nextId": "point7",
      "battle_area_polygon_point__forBattleAreaId": "area2_2"
    }
  },
  {
    "entity": {
      "_template": "battle_area_polygon_point",
      "transform": [
        [0.859014,0.0,0.511952],
        [0.0,1.0,0.0],
        [-0.511952,0.0,0.859014],
        [-256.84,-2.922,74.8192]
      ],
      "battle_area_polygon_point__id": "point7",
      "battle_area_polygon_point__nextId": "point8",
      "battle_area_polygon_point__forBattleAreaId": "area2_2"
    }
  },
  {
    "entity": {
      "_template": "battle_area_polygon_point",
      "transform": [
        [0.859014,0.0,0.511952],
        [0.0,1.0,0.0],
        [-0.511952,0.0,0.859014],
        [-174.639,-2.922,37.683]
      ],
      "battle_area_polygon_point__id": "point8",
      "battle_area_polygon_point__nextId": "point9",
      "battle_area_polygon_point__forBattleAreaId": "area2_2"
    }
  },
  {
    "entity": {
      "_template": "battle_area_polygon_point",
      "transform": [
        [0.859014,0.0,0.511952],
        [0.0,1.0,0.0],
        [-0.511952,0.0,0.859014],
        [-95.8974,-2.922,3.41652]
      ],
      "battle_area_polygon_point__id": "point9",
      "battle_area_polygon_point__nextId": "point10",
      "battle_area_polygon_point__forBattleAreaId": "area2_2"
    }
  },
  {
    "entity": {
      "_template": "battle_area_polygon_point",
      "transform": [
        [0.859014,0.0,0.511952],
        [0.0,1.0,0.0],
        [-0.511952,0.0,0.859014],
        [-2.83502,-2.922,-31.2276]
      ],
      "battle_area_polygon_point__id": "point10",
      "battle_area_polygon_point__nextId": "point11",
      "battle_area_polygon_point__forBattleAreaId": "area2_2"
    }
  },
  {
    "entity": {
      "_template": "battle_area_polygon_point",
      "transform": [
        [0.859014,0.0,0.511952],
        [0.0,1.0,0.0],
        [-0.511952,0.0,0.859014],
        [87.8244,-2.922,-48.0817]
      ],
      "battle_area_polygon_point__id": "point11",
      "battle_area_polygon_point__nextId": "point1",
      "battle_area_polygon_point__forBattleAreaId": "area2_2"
    }
  },
  {
    "entity": {
      "_template": "poly_battle_area",
      "transform": [
        [1.0,0.0,0.0],
        [0.0,1.0,0.0],
        [0.0,0.0,1.0],
        [0.0,0.0,0.0]
      ],
      "groupName": "sector_2",
      "active": false,
      "battle_area__team": 1,
      "battleAreaId": "area2_1"
    }
  },
  {
    "entity": {
      "_template": "battle_area_polygon_point",
      "transform": [
        [0.859014,0.0,0.511952],
        [0.0,1.0,0.0],
        [-0.511952,0.0,0.859014],
        [147.132,-2.922,-55.6962]
      ],
      "battle_area_polygon_point__id": "point1",
      "battle_area_polygon_point__nextId": "point2",
      "battle_area_polygon_point__forBattleAreaId": "area2_1"
    }
  },
  {
    "entity": {
      "_template": "battle_area_polygon_point",
      "transform": [
        [0.859014,0.0,0.511952],
        [0.0,1.0,0.0],
        [-0.511952,0.0,0.859014],
        [327.063,-2.922,-68.3259]
      ],
      "battle_area_polygon_point__id": "point2",
      "battle_area_polygon_point__nextId": "point3",
      "battle_area_polygon_point__forBattleAreaId": "area2_1"
    }
  },
  {
    "entity": {
      "_template": "battle_area_polygon_point",
      "transform": [
        [0.859014,0.0,0.511952],
        [0.0,1.0,0.0],
        [-0.511952,0.0,0.859014],
        [351.356,-2.922,8.59945]
      ],
      "battle_area_polygon_point__id": "point3",
      "battle_area_polygon_point__nextId": "point4",
      "battle_area_polygon_point__forBattleAreaId": "area2_1"
    }
  },
  {
    "entity": {
      "_template": "battle_area_polygon_point",
      "transform": [
        [0.859014,0.0,0.511952],
        [0.0,1.0,0.0],
        [-0.511952,0.0,0.859014],
        [372.913,-2.922,147.855]
      ],
      "battle_area_polygon_point__id": "point4",
      "battle_area_polygon_point__nextId": "point5",
      "battle_area_polygon_point__forBattleAreaId": "area2_1"
    }
  },
  {
    "entity": {
      "_template": "battle_area_polygon_point",
      "transform": [
        [0.859014,0.0,0.511952],
        [0.0,1.0,0.0],
        [-0.511952,0.0,0.859014],
        [375.268,-1.65993,283.468]
      ],
      "battle_area_polygon_point__id": "point5",
      "battle_area_polygon_point__nextId": "point6",
      "battle_area_polygon_point__forBattleAreaId": "area2_1"
    }
  },
  {
    "entity": {
      "_template": "battle_area_polygon_point",
      "transform": [
        [0.859014,0.0,0.511952],
        [0.0,1.0,0.0],
        [-0.511952,0.0,0.859014],
        [243.305,-2.922,281.37]
      ],
      "battle_area_polygon_point__id": "point6",
      "battle_area_polygon_point__nextId": "point7",
      "battle_area_polygon_point__forBattleAreaId": "area2_1"
    }
  },
  {
    "entity": {
      "_template": "battle_area_polygon_point",
      "transform": [
        [0.859014,0.0,0.511952],
        [0.0,1.0,0.0],
        [-0.511952,0.0,0.859014],
        [95.9731,-2.922,309.603]
      ],
      "battle_area_polygon_point__id": "point7",
      "battle_area_polygon_point__nextId": "point8",
      "battle_area_polygon_point__forBattleAreaId": "area2_1"
    }
  },
  {
    "entity": {
      "_template": "battle_area_polygon_point",
      "transform": [
        [0.859014,0.0,0.511952],
        [0.0,1.0,0.0],
        [-0.511952,0.0,0.859014],
        [54.0327,-2.922,240.463]
      ],
      "battle_area_polygon_point__id": "point8",
      "battle_area_polygon_point__nextId": "point9",
      "battle_area_polygon_point__forBattleAreaId": "area2_1"
    }
  },
  {
    "entity": {
      "_template": "battle_area_polygon_point",
      "transform": [
        [0.859014,0.0,0.511952],
        [0.0,1.0,0.0],
        [-0.511952,0.0,0.859014],
        [45.2013,-2.922,171.88]
      ],
      "battle_area_polygon_point__id": "point9",
      "battle_area_polygon_point__nextId": "point10",
      "battle_area_polygon_point__forBattleAreaId": "area2_1"
    }
  },
  {
    "entity": {
      "_template": "battle_area_polygon_point",
      "transform": [
        [0.859014,0.0,0.511952],
        [0.0,1.0,0.0],
        [-0.511952,0.0,0.859014],
        [45.4014,-2.922,118.409]
      ],
      "battle_area_polygon_point__id": "point10",
      "battle_area_polygon_point__nextId": "point11",
      "battle_area_polygon_point__forBattleAreaId": "area2_1"
    }
  },
  {
    "entity": {
      "_template": "battle_area_polygon_point",
      "transform": [
        [0.859014,0.0,0.511952],
        [0.0,1.0,0.0],
        [-0.511952,0.0,0.859014],
        [42.035,-2.922,46.9268]
      ],
      "battle_area_polygon_point__id": "point11",
      "battle_area_polygon_point__nextId": "point12",
      "battle_area_polygon_point__forBattleAreaId": "area2_1"
    }
  },
  {
    "entity": {
      "_template": "battle_area_polygon_point",
      "transform": [
        [0.859014,0.0,0.511952],
        [0.0,1.0,0.0],
        [-0.511952,0.0,0.859014],
        [52.5003,-2.922,-35.7733]
      ],
      "battle_area_polygon_point__id": "point12",
      "battle_area_polygon_point__nextId": "point1",
      "battle_area_polygon_point__forBattleAreaId": "area2_1"
    }
  },
  {
    "entity": {
      "_template": "poly_battle_area",
      "transform": [
        [1.0,0.0,0.0],
        [0.0,1.0,0.0],
        [0.0,0.0,1.0],
        [0.0,0.0,0.0]
      ],
      "groupName": "sector_3",
      "active": false,
      "battle_area__team": 2,
      "battleAreaId": "area3_2"
    }
  },
  {
    "entity": {
      "_template": "battle_area_polygon_point",
      "transform": [
        [0.859014,0.0,0.511952],
        [0.0,1.0,0.0],
        [-0.511952,0.0,0.859014],
        [302.186,-2.922,109.438]
      ],
      "battle_area_polygon_point__id": "point1",
      "battle_area_polygon_point__nextId": "point2",
      "battle_area_polygon_point__forBattleAreaId": "area3_2"
    }
  },
  {
    "entity": {
      "_template": "battle_area_polygon_point",
      "transform": [
        [0.859014,0.0,0.511952],
        [0.0,1.0,0.0],
        [-0.511952,0.0,0.859014],
        [298.806,-2.922,283.374]
      ],
      "battle_area_polygon_point__id": "point2",
      "battle_area_polygon_point__nextId": "point3",
      "battle_area_polygon_point__forBattleAreaId": "area3_2"
    }
  },
  {
    "entity": {
      "_template": "battle_area_polygon_point",
      "transform": [
        [0.859014,0.0,0.511952],
        [0.0,1.0,0.0],
        [-0.511952,0.0,0.859014],
        [144.097,-2.922,289.941]
      ],
      "battle_area_polygon_point__id": "point3",
      "battle_area_polygon_point__nextId": "point4",
      "battle_area_polygon_point__forBattleAreaId": "area3_2"
    }
  },
  {
    "entity": {
      "_template": "battle_area_polygon_point",
      "transform": [
        [0.859014,0.0,0.511952],
        [0.0,1.0,0.0],
        [-0.511952,0.0,0.859014],
        [4.307,-2.922,308.637]
      ],
      "battle_area_polygon_point__id": "point4",
      "battle_area_polygon_point__nextId": "point5",
      "battle_area_polygon_point__forBattleAreaId": "area3_2"
    }
  },
  {
    "entity": {
      "_template": "battle_area_polygon_point",
      "transform": [
        [0.859014,0.0,0.511952],
        [0.0,1.0,0.0],
        [-0.511952,0.0,0.859014],
        [-12.6126,-2.922,241.373]
      ],
      "battle_area_polygon_point__id": "point5",
      "battle_area_polygon_point__nextId": "point6",
      "battle_area_polygon_point__forBattleAreaId": "area3_2"
    }
  },
  {
    "entity": {
      "_template": "battle_area_polygon_point",
      "transform": [
        [0.859014,0.0,0.511952],
        [0.0,1.0,0.0],
        [-0.511952,0.0,0.859014],
        [-47.882,-2.922,115.222]
      ],
      "battle_area_polygon_point__id": "point6",
      "battle_area_polygon_point__nextId": "point7",
      "battle_area_polygon_point__forBattleAreaId": "area3_2"
    }
  },
  {
    "entity": {
      "_template": "battle_area_polygon_point",
      "transform": [
        [0.859014,0.0,0.511952],
        [0.0,1.0,0.0],
        [-0.511952,0.0,0.859014],
        [-85.8178,-2.922,-0.82133]
      ],
      "battle_area_polygon_point__id": "point7",
      "battle_area_polygon_point__nextId": "point8",
      "battle_area_polygon_point__forBattleAreaId": "area3_2"
    }
  },
  {
    "entity": {
      "_template": "battle_area_polygon_point",
      "transform": [
        [0.859014,0.0,0.511952],
        [0.0,1.0,0.0],
        [-0.511952,0.0,0.859014],
        [-2.84957,-2.922,-31.2691]
      ],
      "battle_area_polygon_point__id": "point8",
      "battle_area_polygon_point__nextId": "point9",
      "battle_area_polygon_point__forBattleAreaId": "area3_2"
    }
  },
  {
    "entity": {
      "_template": "battle_area_polygon_point",
      "transform": [
        [0.859014,0.0,0.511952],
        [0.0,1.0,0.0],
        [-0.511952,0.0,0.859014],
        [280.586,-2.922,-76.9149]
      ],
      "battle_area_polygon_point__id": "point9",
      "battle_area_polygon_point__nextId": "point1",
      "battle_area_polygon_point__forBattleAreaId": "area3_2"
    }
  },
  {
    "entity": {
      "_template": "poly_battle_area",
      "transform": [
        [1.0,0.0,0.0],
        [0.0,1.0,0.0],
        [0.0,0.0,1.0],
        [0.0,0.0,0.0]
      ],
      "groupName": "sector_3",
      "active": false,
      "battle_area__team": 1,
      "battleAreaId": "area3_1"
    }
  },
  {
    "entity": {
      "_template": "battle_area_polygon_point",
      "transform": [
        [0.859014,0.0,0.511952],
        [0.0,1.0,0.0],
        [-0.511952,0.0,0.859014],
        [146.966,-2.922,-56.2228]
      ],
      "battle_area_polygon_point__id": "point1",
      "battle_area_polygon_point__nextId": "point2",
      "battle_area_polygon_point__forBattleAreaId": "area3_1"
    }
  },
  {
    "entity": {
      "_template": "battle_area_polygon_point",
      "transform": [
        [0.859014,0.0,0.511952],
        [0.0,1.0,0.0],
        [-0.511952,0.0,0.859014],
        [484.698,-2.922,-80.8884]
      ],
      "battle_area_polygon_point__id": "point2",
      "battle_area_polygon_point__nextId": "point3",
      "battle_area_polygon_point__forBattleAreaId": "area3_1"
    }
  },
  {
    "entity": {
      "_template": "battle_area_polygon_point",
      "transform": [
        [0.859014,0.0,0.511952],
        [0.0,1.0,0.0],
        [-0.511952,0.0,0.859014],
        [512.472,-2.922,86.4024]
      ],
      "battle_area_polygon_point__id": "point3",
      "battle_area_polygon_point__nextId": "point4",
      "battle_area_polygon_point__forBattleAreaId": "area3_1"
    }
  },
  {
    "entity": {
      "_template": "battle_area_polygon_point",
      "transform": [
        [0.859014,0.0,0.511952],
        [0.0,1.0,0.0],
        [-0.511952,0.0,0.859014],
        [510.482,-2.922,284.401]
      ],
      "battle_area_polygon_point__id": "point4",
      "battle_area_polygon_point__nextId": "point5",
      "battle_area_polygon_point__forBattleAreaId": "area3_1"
    }
  },
  {
    "entity": {
      "_template": "battle_area_polygon_point",
      "transform": [
        [0.859014,0.0,0.511952],
        [0.0,1.0,0.0],
        [-0.511952,0.0,0.859014],
        [440.9,-2.922,284.994]
      ],
      "battle_area_polygon_point__id": "point5",
      "battle_area_polygon_point__nextId": "point6",
      "battle_area_polygon_point__forBattleAreaId": "area3_1"
    }
  },
  {
    "entity": {
      "_template": "battle_area_polygon_point",
      "transform": [
        [0.859014,0.0,0.511952],
        [0.0,1.0,0.0],
        [-0.511952,0.0,0.859014],
        [243.229,-2.922,281.735]
      ],
      "battle_area_polygon_point__id": "point6",
      "battle_area_polygon_point__nextId": "point7",
      "battle_area_polygon_point__forBattleAreaId": "area3_1"
    }
  },
  {
    "entity": {
      "_template": "battle_area_polygon_point",
      "transform": [
        [0.859014,0.0,0.511952],
        [0.0,1.0,0.0],
        [-0.511952,0.0,0.859014],
        [223.026,-2.922,195.57]
      ],
      "battle_area_polygon_point__id": "point7",
      "battle_area_polygon_point__nextId": "point8",
      "battle_area_polygon_point__forBattleAreaId": "area3_1"
    }
  },
  {
    "entity": {
      "_template": "battle_area_polygon_point",
      "transform": [
        [0.859014,0.0,0.511952],
        [0.0,1.0,0.0],
        [-0.511952,0.0,0.859014],
        [206.691,-2.922,158.297]
      ],
      "battle_area_polygon_point__id": "point8",
      "battle_area_polygon_point__nextId": "point9",
      "battle_area_polygon_point__forBattleAreaId": "area3_1"
    }
  },
  {
    "entity": {
      "_template": "battle_area_polygon_point",
      "transform": [
        [0.859014,0.0,0.511952],
        [0.0,1.0,0.0],
        [-0.511952,0.0,0.859014],
        [186.5,-2.922,109.28]
      ],
      "battle_area_polygon_point__id": "point9",
      "battle_area_polygon_point__nextId": "point10",
      "battle_area_polygon_point__forBattleAreaId": "area3_1"
    }
  },
  {
    "entity": {
      "_template": "battle_area_polygon_point",
      "transform": [
        [0.859014,0.0,0.511952],
        [0.0,1.0,0.0],
        [-0.511952,0.0,0.859014],
        [178.093,-2.922,35.7898]
      ],
      "battle_area_polygon_point__id": "point10",
      "battle_area_polygon_point__nextId": "point1",
      "battle_area_polygon_point__forBattleAreaId": "area3_1"
    }
  },
  {
    "entity": {
      "_template": "volokolamsk_level",
      "level__blk": "content/enlisted/levels/battle_of_moscow_volokolamsk_countryside_winter.blk"
    }
  },
  {
    "entity": {
      "_template": "clouds_hole_target",
      "transform": [
        [1.0,0.0,0.0],
        [0.0,1.0,0.0],
        [0.0,0.0,1.0],
        [0.0,0.0,0.0]
      ]
    }
  },
  {
    "entity": {
      "_template": "water",
      "water__strength": 1.3
    }
  },
  {
    "entity": {
      "_template": "static_cam",
      "camera__active": true,
      "transform": [
        [0.892749,0.003136,-0.450544],
        [0.034272,0.996606,0.074845],
        [0.44925,-0.082259,0.889611],
        [-246.912,35.8081,163.735]
      ]
    }
  },
  {
    "entity": {
      "_template": "group_activator",
      "activator__activateChoice:object": {
        "sector_1": 1.0
      }
    }
  },
  {
    "entity": {
      "_template": "defend_zone_chained_sphere+defend_zone_respawnbase",
      "capzone__capRewardPartCap": 1.8,
      "capzone__mustBeCapturedByTeam": 2,
      "capzone__curTeamCapturingZone": -1,
      "groupName": "sector_1",
      "capzone__capTime": 20.0,
      "capzone__autoDecap": false,
      "capzone__autoCap": false,
      "capzone__capTeam": 1,
      "capzone__progress": 1.0,
      "transform": [
        [-0.679103,0.0158374,0.214746],
        [-0.0207979,1.00114,0.000596561],
        [-0.330063,-0.0132062,-0.747181],
        [8.65356,5.52848,125.605]
      ],
      "active": false,
      "capzone__decapTime": 10.0,
      "ui_order": 1,
      "capzone__capReward": 250.0,
      "capzone__title": "A",
      "capzone__caption": "capzone/trench_bunker",
      "capzone__checkAllZonesInGroup": true,
      "sphere_zone__radius": 23.0,
      "decal__thickness": 0.15,
      "decal__height": 1.0,
      "capzone__deactivateAfterTimeout": 25.0,
      "capzone__spawnAtZoneTimeout": 25.0,
      "capzone__createRespawnBaseForTeam": 1,
      "capzone__createRespawnBase": "respawnBaseGroupActivator",
      "capzone__createdRespawnBaseGroup": 3,
      "capzone__activateChoice:object": {
        "sector_2": 1.0
      }
    }
  },
  {
    "entity": {
      "_template": "defend_zone_chained_sphere+defend_zone_respawnbase",
      "capzone__capRewardPartCap": 1.8,
      "capzone__mustBeCapturedByTeam": 2,
      "capzone__curTeamCapturingZone": -1,
      "groupName": "sector_2",
      "capzone__capTime": 20.0,
      "capzone__autoDecap": false,
      "capzone__autoCap": false,
      "capzone__capTeam": 1,
      "capzone__progress": 1.0,
      "transform": [
        [-0.996594,0.0,-0.08246],
        [0.0,1.0,0.0],
        [0.08246,0.0,-0.996594],
        [102.971,3.7932,155.028]
      ],
      "active": false,
      "capzone__decapTime": 10.0,
      "ui_order": 2,
      "capzone__capReward": 250.0,
      "capzone__title": "B",
      "capzone__caption": "capzone/artillery_emplacement",
      "capzone__checkAllZonesInGroup": true,
      "sphere_zone__radius": 16.5,
      "decal__thickness": 0.15,
      "decal__height": 0.8,
      "capzone__deactivateAfterTimeout": 25.0,
      "capzone__spawnAtZoneTimeout": 25.0,
      "capzone__createRespawnBaseForTeam": 1,
      "capzone__createRespawnBase": "respawnBaseGroupActivator",
      "capzone__createdRespawnBaseGroup": 4,
      "capzone__activateChoice:object": {
        "sector_3": 1.0
      }
    }
  },
  {
    "entity": {
      "_template": "defend_zone_chained_sphere+defend_zone_respawnbase",
      "capzone__capRewardPartCap": 1.8,
      "capzone__mustBeCapturedByTeam": 2,
      "capzone__curTeamCapturingZone": -1,
      "groupName": "sector_2",
      "capzone__capTime": 20.0,
      "capzone__autoDecap": false,
      "capzone__autoCap": false,
      "capzone__capTeam": 1,
      "capzone__progress": 1.0,
      "transform": [
        [-0.679103,0.0158374,0.214746],
        [-0.0207979,1.00114,0.000596561],
        [-0.330063,-0.0132062,-0.747181],
        [98.7486,4.3816,104.691]
      ],
      "active": false,
      "capzone__decapTime": 10.0,
      "ui_order": 2,
      "capzone__capReward": 250.0,
      "capzone__title": "C",
      "capzone__caption": "capzone/trench_bunker",
      "capzone__checkAllZonesInGroup": true,
      "sphere_zone__radius": 20.0,
      "decal__thickness": 0.15,
      "decal__height": 1.6,
      "capzone__deactivateAfterTimeout": 25.0,
      "capzone__spawnAtZoneTimeout": 25.0,
      "capzone__createRespawnBaseForTeam": 1,
      "capzone__createRespawnBase": "respawnBaseGroupActivator",
      "capzone__createdRespawnBaseGroup": 5,
      "capzone__activateChoice:object": {
        "sector_3": 1.0
      }
    }
  },
  {
    "entity": {
      "_template": "defend_zone_chained_box+defend_zone_respawnbase",
      "capzone__capRewardPartCap": 1.8,
      "capzone__mustBeCapturedByTeam": 2,
      "capzone__curTeamCapturingZone": -1,
      "groupName": "sector_3",
      "capzone__capTime": 30.0,
      "capzone__autoDecap": false,
      "capzone__autoCap": false,
      "capzone__capTeam": 1,
      "capzone__progress": 1.0,
      "transform": [
        [-0.259902,0.0,-16.3321],
        [0.0,3.68083,0.0],
        [25.5044,0.0,-0.0574053],
        [253.388,6.6411,143.079]
      ],
      "active": false,
      "capzone__decapTime": 15.0,
      "ui_order": 4,
      "capzone__capReward": 250.0,
      "capzone__title": "D",
      "capzone__caption": "capzone/field_headquarters",
      "capzone__checkAllZonesInGroup": true,
      "decal__height": 0.1,
      "decal__thickness": 0.15,
      "capzone__deactivateAfterTimeout": 25.0,
      "capzone__spawnAtZoneTimeout": 25.0,
      "capzone__createRespawnBaseForTeam": 1,
      "capzone__createRespawnBase": "respawnBaseGroupActivator",
      "capzone__createdRespawnBaseGroup": 6
    }
  },
  {
    "entity": {
      "_template": "defend_zone_chained_box+defend_zone_respawnbase",
      "capzone__capRewardPartCap": 1.8,
      "capzone__mustBeCapturedByTeam": 2,
      "capzone__curTeamCapturingZone": -1,
      "groupName": "sector_3",
      "capzone__capTime": 30.0,
      "capzone__autoDecap": false,
      "capzone__autoCap": false,
      "capzone__capTeam": 1,
      "capzone__progress": 1.0,
      "transform": [
        [-1.33242,0.0,-12.3292],
        [0.0,3.68083,0.0],
        [26.6239,0.0,-2.5098],
        [239.186,6.6411,102.866]
      ],
      "active": false,
      "capzone__decapTime": 15.0,
      "ui_order": 5,
      "capzone__capReward": 250.0,
      "capzone__title": "E",
      "capzone__caption": "capzone/shop",
      "capzone__checkAllZonesInGroup": true,
      "decal__height": 0.1,
      "decal__thickness": 0.15,
      "capzone__deactivateAfterTimeout": 25.0,
      "capzone__spawnAtZoneTimeout": 25.0,
      "capzone__createRespawnBaseForTeam": 1,
      "capzone__createRespawnBase": "respawnBaseGroupActivator",
      "capzone__createdRespawnBaseGroup": 7
    }
  },
  {
    "entity": {
      "_template": "respawnChooser+respTeam1",
      "transform": [
        [0.0183729,0.0,-0.999832],
        [0.0,1.0,0.0],
        [0.999832,0.0,0.0183729],
        [113.291,5.26169,151.821]
      ],
      "groupName": "sector_1",
      "active": false,
      "respawnBaseGroup": 1
    }
  },
  {
    "entity": {
      "_template": "respawnChooser+respTeam1",
      "transform": [
        [-0.993805,0.0,0.111141],
        [0.0,1.0,0.0],
        [-0.111141,0.0,-0.993805],
        [108.112,5.60819,182.5]
      ],
      "groupName": "sector_1",
      "active": false,
      "respawnBaseGroup": 1
    }
  },
  {
    "entity": {
      "_template": "respawnChooser+respTeam1",
      "transform": [
        [-0.82875,0.0,0.559621],
        [0.0,1.0,0.0],
        [-0.559621,0.0,-0.82875],
        [130.617,4.00985,102.371]
      ],
      "groupName": "sector_1",
      "respawnBaseGroup": 1,
      "active": false
    }
  },
  {
    "entity": {
      "_template": "respawnChooser+respTeam2",
      "transform": [
        [0.304046,0.0,-0.952657],
        [0.0,1.0,0.0],
        [0.952657,0.0,0.304046],
        [-29.2585,5.72256,272.753]
      ],
      "groupName": "sector_1",
      "active": false,
      "respawnBaseGroup": 1
    }
  },
  {
    "entity": {
      "_template": "respawnChooser+respTeam2",
      "transform": [
        [0.518055,0.0,-0.855347],
        [0.0,1.0,0.0],
        [0.855347,0.0,0.518055],
        [-63.1186,6.71747,251.189]
      ],
      "groupName": "sector_1",
      "active": false,
      "respawnBaseGroup": 1
    }
  },
  {
    "entity": {
      "_template": "respawnChooser+respTeam2",
      "transform": [
        [0.955137,0.0,-0.296163],
        [0.0,1.0,0.0],
        [0.296163,0.0,0.955137],
        [-122.592,6.31033,176.77]
      ],
      "groupName": "sector_1",
