[
  {
    "import": {
      "scene": "content/enlisted/gamedata/scenes/_volokolamsk_sounds.blk"
    }
  },
  {
    "import": {
      "scene": "content/enlisted/gamedata/scenes/_volokolamsk_winter_biome_fx.blk"
    }
  },
  {
    "import": {
      "scene": "content/enlisted/gamedata/scenes/_volokolamsk_winter_monastery_fx.blk"
    }
  },
  {
    "entity": {
      "_template": "poly_battle_area",
      "transform": [
        [1.0,0.0,0.0],
        [0.0,1.0,0.0],
        [0.0,0.0,1.0],
        [0.0,0.0,0.0]
      ],
      "groupName": "sector_1",
      "active": false,
      "battle_area__team": 1,
      "battleAreaId": "area2_3",
      "poly_area__points:list<p3>": [
        {
          "item": [-330.142,4.4568,-552.924]
        },
        {
          "item": [-214.116,2.88278,-543.952]
        },
        {
          "item": [-143.206,2.88278,-455.449]
        },
        {
          "item": [-149.689,2.88278,-274.082]
        },
        {
          "item": [-252.231,2.88278,-200.851]
        },
        {
          "item": [-329.882,2.88278,-232.939]
        },
        {
          "item": [-394.452,2.88278,-261.756]
        },
        {
          "item": [-460.195,2.88277,-299.554]
        },
        {
          "item": [-481.63,2.8828,-362.735]
        },
        {
          "item": [-470.724,2.88278,-427.795]
        },
        {
          "item": [-396.575,2.3692,-559.335]
        }
      ]
    }
  },
  {
    "entity": {
      "_template": "poly_battle_area",
      "transform": [
        [1.0,0.0,0.0],
        [0.0,1.0,0.0],
        [0.0,0.0,1.0],
        [0.0,0.0,0.0]
      ],
      "groupName": "sector_2",
      "active": false,
      "battle_area__team": 1,
      "battleAreaId": "area2_4",
      "poly_area__points:list<p3>": [
        {
          "item": [-146.005,2.88275,-137.347]
        },
        {
          "item": [-162.834,2.88278,-129.286]
        },
        {
          "item": [-178.033,2.88278,-124.701]
        },
        {
          "item": [-272.01,2.88278,-105.116]
        },
        {
          "item": [-346.633,2.88278,-143.217]
        },
        {
          "item": [-441.508,2.88278,-234.202]
        },
        {
          "item": [-471.319,2.88278,-289.606]
        },
        {
          "item": [-485.924,2.88278,-360.335]
        },
        {
          "item": [-335.33,2.88278,-485.771]
        },
        {
          "item": [-136.704,2.88278,-454.349]
        },
        {
          "item": [-0.125374,2.88278,-260.606]
        },
        {
          "item": [-39.9523,20.34,-180.399]
        },
        {
          "item": [-48.5127,15.8673,-171.186]
        },
        {
          "item": [-57.8606,15.5162,-176.67]
        },
        {
          "item": [-71.1161,14.9324,-167.014]
        },
        {
          "item": [-106.241,2.88278,-148.495]
        }
      ]
    }
  },
  {
    "entity": {
      "_template": "poly_battle_area",
      "transform": [
        [1.0,0.0,0.0],
        [0.0,1.0,0.0],
        [0.0,0.0,1.0],
        [0.0,0.0,0.0]
      ],
      "groupName": "sector_3",
      "active": false,
      "battle_area__team": 1,
      "battleAreaId": "area2_5",
      "poly_area__points:list<p3>": [
        {
          "item": [17.5531,2.88278,-204.916]
        },
        {
          "item": [11.9513,15.7147,-118.2]
        },
        {
          "item": [2.77975,13.8412,-76.8453]
        },
        {
          "item": [-19.9808,16.0907,-61.5099]
        },
        {
          "item": [-29.837,16.0164,-62.8372]
        },
        {
          "item": [-49.5366,15.3888,-67.166]
        },
        {
          "item": [-55.4552,15.0634,-61.6385]
        },
        {
          "item": [-72.7444,15.0949,-50.9351]
        },
        {
          "item": [-102.497,16.7224,-38.9364]
        },
        {
          "item": [-130.981,16.9071,-31.9133]
        },
        {
          "item": [-139.649,16.0008,-15.8]
        },
        {
          "item": [-142.92,16.0008,-6.39506]
        },
        {
          "item": [-297.877,16.0008,-33.0906]
        },
        {
          "item": [-292.402,16.0008,-48.5334]
        },
        {
          "item": [-297.309,15.9393,-56.5029]
        },
        {
          "item": [-314.838,15.3872,-59.8097]
        },
        {
          "item": [-357.69,14.3748,-89.34]
        },
        {
          "item": [-340.767,12.7249,-157.767]
        },
        {
          "item": [-342.461,6.70923,-211.456]
        },
        {
          "item": [-342.068,5.33798,-307.599]
        },
        {
          "item": [-298.651,2.88278,-352.785]
        },
        {
          "item": [-30.5945,4.63123,-298.741]
        }
      ]
    }
  },
  {
    "entity": {
      "_template": "poly_battle_area",
      "transform": [
        [1.0,0.0,0.0],
        [0.0,1.0,0.0],
        [0.0,0.0,1.0],
        [0.0,0.0,0.0]
      ],
      "groupName": "sector_1",
      "active": false,
      "battle_area__team": 2,
      "battleAreaId": "area1_3",
      "poly_area__points:list<p3>": [
        {
          "item": [-51.9605,2.72012,-381.585]
        },
        {
          "item": [6.65739,8.93048,-249.382]
        },
        {
          "item": [16.4564,2.88278,-131.053]
        },
        {
          "item": [-153.31,2.88278,-80.6301]
        },
        {
          "item": [-275.339,2.88278,-93.7021]
        },
        {
          "item": [-310.898,2.88278,-119.747]
        },
        {
          "item": [-358.863,2.88278,-301.073]
        },
        {
          "item": [-306.243,2.88278,-351.914]
        },
        {
          "item": [-283.347,2.88279,-396.669]
        },
        {
          "item": [-212.301,2.88278,-440.969]
        },
        {
          "item": [-122.313,2.88278,-456.914]
        }
      ]
    }
  },
  {
    "entity": {
      "_template": "poly_battle_area",
      "transform": [
        [1.0,0.0,0.0],
        [0.0,1.0,0.0],
        [0.0,0.0,1.0],
        [0.0,0.0,0.0]
      ],
      "groupName": "sector_2",
      "active": false,
      "battle_area__team": 2,
      "battleAreaId": "area1_4",
      "poly_area__points:list<p3>": [
        {
          "item": [15.6987,2.88278,-129.785]
        },
        {
          "item": [7.26639,2.88278,-38.8669]
        },
        {
          "item": [-128.398,2.88278,14.8071]
        },
        {
          "item": [-326.363,2.88278,-23.8451]
        },
        {
          "item": [-310.942,2.88278,-119.789]
        },
        {
          "item": [-302.523,2.88278,-168.7]
        },
        {
          "item": [-235.591,2.88278,-243.549]
        },
        {
          "item": [-188.62,2.88278,-276.826]
        },
        {
          "item": [-67.0364,2.88278,-288.63]
        },
        {
          "item": [-2.43372,2.88278,-239.273]
        }
      ]
    }
  },
  {
    "entity": {
      "_template": "poly_battle_area",
      "transform": [
        [1.0,0.0,0.0],
        [0.0,1.0,0.0],
        [0.0,0.0,1.0],
        [0.0,0.0,0.0]
      ],
      "groupName": "sector_3",
      "active": false,
      "battle_area__team": 2,
      "battleAreaId": "area1_5",
      "poly_area__points:list<p3>": [
        {
          "item": [13.5965,16.0912,-137.209]
        },
        {
          "item": [47.7635,2.88278,65.6252]
        },
        {
          "item": [-114.543,2.88278,126.819]
        },
        {
          "item": [-203.169,1.40099,64.7059]
        },
        {
          "item": [-227.646,2.97914,37.7471]
        },
        {
          "item": [-247.169,1.99092,27.1059]
        },
        {
          "item": [-286.507,0.936157,25.9458]
        },
        {
          "item": [-329.142,3.14929,24.6273]
        },
        {
          "item": [-365.39,8.99817,-14.4326]
        },
        {
          "item": [-358.367,14.4766,-85.816]
        },
        {
          "item": [-330.154,13.9715,-123.99]
        },
        {
          "item": [-298.269,16.7796,-129.834]
        },
        {
          "item": [-284.221,14.7485,-126.744]
        },
        {
          "item": [-274.638,14.9119,-126.334]
        },
        {
          "item": [-253.134,15.1002,-142.804]
        },
        {
          "item": [-203.167,15.2257,-159.677]
        },
        {
          "item": [-163.971,14.6882,-167.991]
        },
        {
          "item": [-126.579,14.6452,-184.614]
        },
        {
          "item": [-97.9264,15.5307,-198.945]
        },
        {
          "item": [-91.1826,16.206,-211.493]
        },
        {
          "item": [-84.0095,16.0008,-220.199]
        },
        {
          "item": [-61.312,13.9181,-224.465]
        },
        {
          "item": [-0.755219,14.634,-174.688]
        }
      ]
    }
  },
  {
    "entity": {
      "_template": "aircraft_box_battle_area",
      "transform": [
        [8000.54,0.0,-8000.38],
        [0.0,8000.36,0.0],
        [8000.55,0.0,8000.12],
        [-133.617,240.99,428.499]
      ],
      "battle_area__team": -1
    }
  },
  {
    "entity": {
      "_template": "minimap_battle_of_moscow_volokolamsk_countryside_winter"
    }
  },
  {
    "entity": {
      "_template": "wind"
    }
  },
  {
    "entity": {
      "_template": "postfx_color_grading_tonemap_death_alive_enlisted"
    }
  },
  {
    "entity": {
      "_template": "shaderVars",
      "shader_vars__vars:object": {
        "hmap_displacement_up": 0.3,
        "ocean1": "#8e894700",
        "ocean0": "#4c3f0500",
        "ocean_density": 0.1,
        "land_selfillum_worldscale": 0.9,
        "river1": "#8e894700",
        "river0": "#4c3f0500",
        "hmap_displacement_down": -0.15,
        "puddle_flat_hmap_reduce": 0.03,
        "autodetect_land_selfillum_color": [0.53,0.0,0.0,0.16],
        "paint_details_tex": "volokolamsk_building_colors_tex_palette*",
        "land_selfillum_strength": 32.0,
        "water_color_noise_size": 71.0,
        "river_density": 0.3
      }
    }
  },
  {
    "entity": {
      "_template": "bloom"
    }
  },
  {
    "entity": {
      "_template": "postfx_roundctrl"
    }
  },
  {
    "entity": {
      "_template": "door_mult_ent_generator",
      "ri_extra_gen__blk": "content/enlisted/gamedata/volokolamsk_doors.blk"
    }
  },
  {
    "entity": {
      "_template": "session_finalizer",
      "session_finalizer__timer": 10.0
    }
  },
  {
    "entity": {
      "_template": "briefing_destruction",
      "mission_name": "volokolamsk_monastery_bomb",
      "mission_outfit": "moscow",
      "loading_images:list<t>": [
        {
          "item": "ui/volokolamsk_monastery_01.avif"
        },
        {
          "item": "ui/volokolamsk_monastery_02.avif"
        },
        {
          "item": "ui/volokolamsk_monastery_03.avif"
        }
      ]
    }
  },
  {
    "entity": {
      "_template": "team_germany_winter+team_narrator_assault_defence+respawn_creators_team",
      "team__countAdd": 0.5,
      "team__memberCount": 0.5,
      "team__scoreCap": 3000.0,
      "team__capturePenalty": 1001.0,
      "team__score": 3000.0,
      "team__id": 2,
      "team__briefing": "assault/defenders_goals",
      "team__winSubtitle": "debriefing/won_defence_subtitle",
      "team__loseSubtitle": "debriefing/lost_defence_subtitle",
      "team__winTitle": "debriefing/axis_won_destruction_defence_title",
      "team__spawnBotArmy": "moscow_axis"
    }
  },
  {
    "entity": {
      "_template": "team_ussr+team_narrator_assault_attack+respawn_creators_team",
      "team__memberCount": 0.0,
      "team__scoreCap": 2000.0,
      "team__score": 2000.0,
      "team__squadSpawnCost": 250,
      "team__firstSpawnCostMul": 0.0,
      "team__zeroScoreFailTimer": 60.0,
      "team__id": 1,
      "team__briefing": "assault/attackers_goals",
      "team__winSubtitle": "debriefing/won_invasion_subtitle",
      "team__loseSubtitle": "debriefing/lost_invasion_subtitle",
      "team__winTitle": "debriefing/ussr_won_destruction_attack_title",
      "team__spawnBotArmy": "moscow_allies"
    }
  },
  {
    "entity": {
      "_template": "enemy_attack_marker"
    }
  },
  {
    "entity": {
      "_template": "static_cam",
      "camera__active": true,
      "transform": [
        [0.185817,0.0253055,-0.982259],
        [-0.0707014,0.997421,0.0123213],
        [0.980037,0.0671575,0.187127],
        [-310.306,23.9302,-276.175]
      ]
    }
  },
  {
    "entity": {
      "_template": "group_activator",
      "activator__activateChoice:object": {
        "sector_1": 1.0
      }
    }
  },
  {
    "entity": {
      "_template": "bomb_site_zone_chained_sphere+defend_zone_respawnbase",
      "transform": [
        [-0.99992,0.00391945,-0.0120606],
        [0.00322448,0.998362,0.057112],
        [0.0122647,0.0570686,-0.998296],
        [-263.326,6.37083,-276.611]
      ],
      "groupName": "sector_1",
      "capzone__capRewardPartCap": 1.8,
      "capzone__mustBeCapturedByTeam": 1,
      "capzone__caption": "capzone/field_headquarters",
      "active": false,
      "ui_order": 1,
      "capzone__capReward": 500.0,
      "capzone__checkAllZonesInGroup": true,
      "capzone__deactivateAfterTimeout": 25.0,
      "capzone__spawnAtZoneTimeout": 25.0,
      "capzone__createRespawnBaseForTeam": 2,
      "sphere_zone__radius": 14.0,
      "capzone__createRespawnBase": "respawnBaseGroupActivator",
      "capzone__createdRespawnBaseGroup": 3,
      "capzone__plantingTeam": 1,
      "capzone__timeToPlant": 20.0,
      "capzone__timeToDefuse": 30.0,
      "capzone__timeToExplosion": 40.0,
      "capzone__bombTemplate": "bomb_site+bomb_site_radar_hardware_animchar_02_without_antenna",
      "capzone__bombTransformLocalPos": [
        [-0.0493417,0.0,0.998783],
        [0.0,1.0,0.0],
        [-0.998784,0.0,-0.0493417],
        [-0.269196,-1.97894,-0.0874634]
      ],
      "capzone__activateChoice:object": {
        "sector_2": 1.0
      }
    }
  },
  {
    "entity": {
      "_template": "bomb_site_zone_chained_sphere+defend_zone_respawnbase",
      "transform": [
        [-0.363747,0.0209106,-0.931263],
        [0.0210139,0.999678,0.0142388],
        [0.93126,-0.0143901,-0.364069],
        [-216.69,6.85822,-299.543]
      ],
      "groupName": "sector_1",
      "capzone__capRewardPartCap": 1.8,
      "capzone__mustBeCapturedByTeam": 1,
      "capzone__caption": "capzone/artillery_emplacement",
      "active": false,
      "ui_order": 1,
      "capzone__capReward": 500.0,
      "capzone__checkAllZonesInGroup": true,
      "capzone__deactivateAfterTimeout": 25.0,
      "capzone__spawnAtZoneTimeout": 25.0,
      "capzone__createRespawnBaseForTeam": 2,
      "sphere_zone__radius": 14.0,
      "capzone__createRespawnBase": "respawnBaseGroupActivator",
      "capzone__createdRespawnBaseGroup": 3,
      "capzone__plantingTeam": 1,
      "capzone__timeToPlant": 20.0,
      "capzone__timeToDefuse": 30.0,
      "capzone__timeToExplosion": 40.0,
      "capzone__bombTemplate": "bomb_site+bomb_site_radar_hardware_animchar_01_without_antenna",
      "capzone__bombTransformLocalPos": [
        [0.954665,0.0,0.297687],
        [0.0,1.0,-0.0],
        [-0.297687,0.0,0.954665],
        [0.0293427,-1.91354,-0.205322]
      ],
      "capzone__activateChoice:object": {
        "sector_2": 1.0
      }
    }
  },
  {
    "entity": {
      "_template": "bomb_site_zone_chained_sphere+defend_zone_respawnbase",
      "transform": [
        [-0.357334,0.0,-1.34311],
        [0.0,1.10884,0.0],
        [0.840297,0.0,-0.22356],
        [-171.866,18.7791,-186.758]
      ],
      "groupName": "sector_2",
      "capzone__capRewardPartCap": 1.8,
      "capzone__mustBeCapturedByTeam": 1,
      "capzone__caption": "capzone/gate",
      "active": false,
      "ui_order": 1,
      "capzone__capReward": 500.0,
      "capzone__checkAllZonesInGroup": true,
      "capzone__deactivateAfterTimeout": 25.0,
      "capzone__spawnAtZoneTimeout": 25.0,
      "capzone__createRespawnBaseForTeam": 2,
      "sphere_zone__radius": 14.0,
      "capzone__createRespawnBase": "respawnBaseGroupActivator",
      "capzone__createdRespawnBaseGroup": 4,
      "capzone__plantingTeam": 1,
      "capzone__timeToPlant": 20.0,
      "capzone__timeToDefuse": 30.0,
      "capzone__timeToExplosion": 40.0,
      "capzone__bombTemplate": "bomb_site+bomb_site_radar_hardware_animchar_03",
      "capzone__bombTransformLocalPos": [
        [0.703244,0.0,0.710951],
        [0.0,1.0,-0.0],
        [-0.710951,0.0,0.703244],
        [0.30368,-1.77432,0.427261]
      ],
      "capzone__activateChoice:object": {
        "sector_3": 1.0
      }
    }
  },
  {
    "entity": {
      "_template": "bomb_site_zone_chained_box+defend_zone_respawnbase",
      "transform": [
        [-20.2893,0.0,3.81478],
        [0.0,7.43715,0.0],
        [-3.81478,0.0,-20.2893],
        [-93.3509,28.1562,-124.863]
      ],
      "capzone__capRewardPartCap": 1.8,
      "capzone__mustBeCapturedByTeam": 1,
      "groupName": "sector_3",
      "active": false,
      "ui_order": 2,
      "capzone__capReward": 500.0,
      "capzone__caption": "capzone/сathedral",
      "capzone__timeToPlant": 20.0,
      "capzone__timeToDefuse": 30.0,
      "capzone__timeToExplosion": 40.0,
      "capzone__checkAllZonesInGroup": true,
      "capzone__deactivateAfterTimeout": 25.0,
      "capzone__spawnAtZoneTimeout": 25.0,
      "capzone__createRespawnBaseForTeam": 2,
      "capzone__createdRespawnBaseGroup": 5,
      "capzone__createRespawnBase": "respawnBaseGroupActivator",
      "capzone__plantingTeam": 1,
      "capzone__bombTemplate": "bomb_site+bomb_site_radar_hardware_animchar_04",
      "capzone__bombTransformLocalPos": [
        [-0.94921,0.0,0.314642],
        [0.0,1.0,0.0],
        [-0.314642,0.0,-0.94921],
        [-0.419548,-1.94024,-0.264244]
      ]
    }
  },
  {
    "entity": {
      "_template": "bomb_site_zone_chained_box+defend_zone_respawnbase",
      "transform": [
        [-17.0334,0.0,-3.94061],
        [0.0,3.71804,0.0],
        [3.94374,0.0,-17.0469],
        [-218.998,22.6294,-81.1346]
      ],
      "capzone__capRewardPartCap": 1.8,
      "capzone__mustBeCapturedByTeam": 1,
      "groupName": "sector_3",
      "active": false,
      "ui_order": 2,
      "capzone__capReward": 500.0,
      "capzone__caption": "capzone/warehouse",
      "capzone__timeToPlant": 20.0,
      "capzone__timeToDefuse": 30.0,
      "capzone__timeToExplosion": 40.0,
      "capzone__checkAllZonesInGroup": true,
      "capzone__deactivateAfterTimeout": 25.0,
      "capzone__spawnAtZoneTimeout": 25.0,
      "capzone__createRespawnBaseForTeam": 2,
      "capzone__createdRespawnBaseGroup": 5,
      "capzone__createRespawnBase": "respawnBaseGroupActivator",
      "capzone__plantingTeam": 1,
      "capzone__bombTemplate": "bomb_site+bomb_site_radar_hardware_animchar_05",
      "capzone__bombTransformLocalPos": [
        [0.284444,0.0,0.958692],
        [0.0,1.0,-0.0],
        [-0.958692,0.0,0.284444],
        [-0.198669,-1.94024,-0.168137]
      ]
    }
  },
  {
    "entity": {
      "_template": "respawnChooser+respTeam2",
      "transform": [
        [-0.982458,0.0,-0.186483],
        [0.0,1.0,0.0],
        [0.186483,0.0,-0.982457],
        [-87.7459,5.50588,-288.22]
      ],
      "respawnBaseGroup": 1,
      "groupName": "sector_1",
      "active": false
    }
  },
  {
    "entity": {
      "_template": "respawnChooser+respTeam2",
      "transform": [
        [-0.988479,0.0,-0.151358],
        [0.0,1.0,0.0],
        [0.151358,0.0,-0.988479],
        [-84.1776,7.34348,-279.578]
      ],
      "respawnBaseGroup": 1,
      "groupName": "sector_1",
      "active": false
    }
  },
  {
    "entity": {
      "_template": "respawnChooser+respTeam2",
      "transform": [
        [-0.435485,0.0,-0.900196],
        [0.0,1.0,0.0],
        [0.900196,0.0,-0.435485],
        [-184.272,18.65,-175.132]
      ],
      "respawnBaseGroup": 2,
      "groupName": "sector_1",
      "active": false
    }
  },
  {
    "entity": {
      "_template": "respawnChooser+respTeam2",
      "transform": [
        [-0.396673,0.0,-0.91796],
        [0.0,1.0,0.0],
        [0.91796,0.0,-0.396673],
        [-151.964,16.3497,-183.504]
      ],
      "respawnBaseGroup": 2,
      "groupName": "sector_1",
      "active": false
    }
  },
  {
    "entity": {
      "_template": "respawnChooser+respTeam1",
      "transform": [
        [0.999794,0.0,-0.0202301],
        [0.0,1.0,0.0],
        [0.0202301,-0.0,0.999794],
        [-417.434,3.60984,-320.998]
      ],
      "respawnBaseGroup": 1,
      "groupName": "sector_1",
      "active": false
    }
  },
  {
    "entity": {
      "_template": "respawnChooser+respTeam1",
      "transform": [
        [0.952322,0.0,0.305093],
        [0.0,1.0,-0.0],
        [-0.305093,0.0,0.952323],
        [-311.159,6.01992,-409.496]
      ],
      "respawnBaseGroup": 2,
      "groupName": "sector_1",
      "active": false
    }
  },
  {
    "entity": {
      "_template": "respawnChooser+respVehicle",
      "respTime": 150,
      "groupName": "sector_1",
      "team": 2,
      "maxVehicleOnSpawn": 2,
      "transform": [
        [-0.83511,0.0,-0.550084],
        [0.0,1.0,0.0],
        [0.550084,0.0,-0.83511],
        [-43.7397,14.0969,-227.698]
      ],
      "active": false,
      "respawnBaseGroup": 1
    }
  },
  {
    "entity": {
      "_template": "respawnChooser+respVehicle",
      "respTime": 150,
      "groupName": "sector_1",
      "team": 1,
      "maxVehicleOnSpawn": 2,
      "transform": [
        [0.828177,0.0,0.560468],
        [0.0,1.0,0.0],
        [-0.560468,0.0,0.828177],
        [-412.743,3.71998,-415.718]
      ],
      "active": false,
      "respawnBaseGroup": 1
    }
  },
  {
    "entity": {
      "_template": "respawnChooser+respVehicle",
      "transform": [
        [-0.518305,0.0,-0.855197],
        [0.0,1.0,0.0],
        [0.855197,0.0,-0.518305],
        [10.5038,5.59537,50.7937]
      ],
      "team": 2,
      "respawnBaseGroup": 1,
      "maxVehicleOnSpawn": 2,
      "respTime": 120,
      "groupName": "sector_3",
      "active": false
    }
  },
  {
    "entity": {
      "_template": "respawnChooser+respTeam2",
      "transform": [
        [-0.145687,0.0,-0.98933],
        [0.0,1.0,0.0],
        [0.98933,0.0,-0.145687],
        [-299.431,18.4461,-40.7005]
      ],
      "groupName": "sector_3",
      "active": false,
      "respawnBaseGroup": 2
    }
  },
  {
    "entity": {
      "_template": "respawnChooser+respTeam2",
      "transform": [
        [0.387379,0.0,-0.92192],
        [0.0,1.0,0.0],
        [0.92192,0.0,0.387379],
        [-311.209,18.4388,-41.2806]
      ],
      "groupName": "sector_3",
      "active": false,
      "respawnBaseGroup": 2
    }
  },
  {
    "entity": {
      "_template": "respawnChooser+respTeam1",
      "transform": [
        [0.586923,0.0,0.809643],
        [0.0,1.0,-0.0],
        [-0.809643,0.0,0.586922],
        [-199.042,18.6384,-180.525]
      ],
      "groupName": "sector_3",
      "active": false,
      "respawnBaseGroup": 2
    }
  },
  {
    "entity": {
      "_template": "respawnChooser+respTeam1",
      "transform": [
        [0.189237,0.0,0.981932],
        [0.0,1.0,0.0],
        [-0.981932,0.0,0.189237],
        [-283.305,17.2389,-146.389]
      ],
      "groupName": "sector_3",
      "active": false,
      "respawnBaseGroup": 1
    }
  },
  {
    "entity": {
      "_template": "respawnChooser+respTeam1",
      "transform": [
        [0.975266,0.0,0.221033],
        [0.0,1.0,0.0],
        [-0.221033,0.0,0.975266],
        [-293.736,17.7417,-137.491]
      ],
      "groupName": "sector_3",
      "active": false,
      "respawnBaseGroup": 1
    }
  },
  {
    "entity": {
      "_template": "respawnChooser+respTeam2",
      "transform": [
        [-0.630805,0.0,-0.775941],
        [0.0,1.0,0.0],
        [0.775941,0.0,-0.630805],
        [-143.847,16.7774,-188.54]
      ],
      "respawnBaseGroup": 2,
      "groupName": "sector_1",
      "active": false
    }
  },
  {
    "entity": {
      "_template": "respawnChooser+respTeam2",
      "transform": [
        [-0.393903,0.0,-0.919151],
        [0.0,1.0,0.0],
        [0.919151,0.0,-0.393903],
        [-189.227,18.9284,-172.312]
      ],
      "groupName": "sector_1",
      "active": false,
      "respawnBaseGroup": 2
    }
  },
  {
    "entity": {
      "_template": "respawnChooser+respTeam1",
      "transform": [
        [0.769365,0.0,-0.638809],
        [0.0,1.0,0.0],
        [0.638809,-0.0,0.769364],
        [-395.481,4.78339,-327.426]
      ],
      "groupName": "sector_1",
      "active": false
    }
  },
  {
    "entity": {
      "_template": "respawnChooser+respTeam1",
      "transform": [
        [0.151688,0.0,0.988428],
        [0.0,1.0,-0.0],
        [-0.988428,0.0,0.151688],
        [-320.289,6.01992,-388.902]
      ],
      "groupName": "sector_1",
      "active": false,
      "respawnBaseGroup": 2
    }
  },
  {
    "entity": {
      "_template": "respawnChooser+respTeam2",
      "transform": [
        [-0.955549,0.0,-0.294831],
        [0.0,1.0,0.0],
        [0.294831,0.0,-0.955549],
        [-25.4246,18.4461,-53.9527]
      ],
      "groupName": "sector_3",
      "active": false,
      "respawnBaseGroup": 1
    }
  },
  {
    "entity": {
      "_template": "respawnChooser+respTeam2",
      "transform": [
        [0.112644,0.0,-0.993637],
        [0.0,1.0,0.0],
        [0.993636,-0.0,0.112644],
        [-156.19,15.9441,-59.5709]
      ],
      "respawnBaseGroup": 2,
      "active": false,
      "groupName": "sector_2"
    }
  },
  {
    "entity": {
      "_template": "respawnChooser+respTeam2",
      "transform": [
        [-0.178064,0.0,-0.98402],
        [0.0,1.0,0.0],
        [0.98402,0.0,-0.178064],
        [-98.596,15.7216,-92.4977]
      ],
      "groupName": "sector_2",
      "active": false
    }
  },
  {
    "entity": {
      "_template": "respawnChooser+respTeam1",
      "transform": [
        [0.81055,0.0,0.585669],
        [0.0,1.0,-0.0],
        [-0.585669,0.0,0.81055],
        [-293.645,6.16508,-293.843]
      ],
      "groupName": "sector_2",
      "active": false
    }
  },
  {
    "entity": {
      "_template": "respawnChooser+respTeam2",
      "transform": [
        [-0.731751,0.0,-0.681574],
        [0.0,1.0,0.0],
        [0.681574,0.0,-0.731751],
        [-49.008,17.2263,-162.911]
      ],
      "groupName": "sector_2",
      "active": false
    }
  },
  {
    "entity": {
      "_template": "respawnChooser+respTeam2",
      "transform": [
        [0.482012,0.0,-0.876166],
        [0.0,1.0,0.0],
        [0.876165,-0.0,0.482012],
        [-206.553,17.4549,-67.5938]
      ],
      "groupName": "sector_2",
      "active": false,
      "respawnBaseGroup": 2
    }
  },
  {
    "entity": {
      "_template": "respawnChooser+respTeam1",
      "transform": [
        [0.99232,0.0,0.123692],
        [0.0,1.0,-0.0],
        [-0.123692,0.0,0.99232],
        [-227.891,6.52328,-333.43]
      ],
      "groupName": "sector_2",
      "active": false,
      "respawnBaseGroup": 2
    }
  },
  {
    "entity": {
      "_template": "respawnChooser+respTeam1",
      "transform": [
        [0.659431,0.0,0.751765],
        [0.0,1.0,-0.0],
        [-0.751765,0.0,0.659431],
        [-297.762,6.09871,-290.539]
      ],
      "groupName": "sector_2",
      "active": false
    }
  },
  {
    "entity": {
      "_template": "respawnChooser+respTeam2",
      "transform": [
        [-0.457363,0.0,-0.88928],
        [0.0,1.0,0.0],
        [0.88928,0.0,-0.457363],
        [-33.0635,18.4388,-46.6884]
      ],
      "groupName": "sector_3",
      "active": false
    }
  },
  {
    "entity": {
      "_template": "respawnChooser+respTeam1",
      "transform": [
        [0.336354,0.0,0.941735],
        [0.0,1.0,0.0],
        [-0.941735,0.0,0.336354],
        [-189.918,18.6481,-189.844]
      ],
      "groupName": "sector_3",
      "active": false,
      "respawnBaseGroup": 2
    }
  },
  {
    "entity": {
      "_template": "respawnChooser+respTeam1",
      "transform": [
        [-0.421512,0.0,0.906823],
        [0.0,1.0,0.0],
        [-0.906823,0.0,-0.421512],
        [-93.9426,18.1811,-221.325]
      ],
      "groupName": "sector_3",
      "active": false,
      "respawnBaseGroup": 2
    }
  },
  {
    "entity": {
      "_template": "respawnChooser+respTeam1",
      "transform": [
        [0.169965,0.0,0.98545],
        [0.0,1.0,0.0],
        [-0.98545,0.0,0.169965],
        [-103.916,18.1811,-220.972]
      ],
      "groupName": "sector_3",
      "active": false,
      "respawnBaseGroup": 2
    }
  },
  {
    "entity": {
      "_template": "respawnChooser+respTeam2",
      "transform": [
        [-0.0777989,0.0,-0.996969],
        [0.0,1.0,0.0],
        [0.996969,0.0,-0.0777989],
        [-120.718,18.7342,-6.71016]
      ],
      "groupName": "sector_3",
      "active": false,
      "respawnBaseGroup": 1
    }
  },
  {
    "entity": {
      "_template": "respawnChooser+respTeam2",
      "transform": [
        [0.554128,0.0,-0.832431],
        [0.0,1.0,0.0],
        [0.832431,0.0,0.554128],
        [-132.667,18.663,-9.2882]
      ],
      "groupName": "sector_3",
      "active": false,
      "respawnBaseGroup": 1
    }
  },
  {
    "entity": {
      "_template": "respawnChooser+respVehicle",
      "transform": [
        [0.170179,0.0,-0.985414],
        [0.0,1.0,0.0],
        [0.985414,0.0,0.170179],
        [-53.6265,16.4992,-69.7503]
      ],
      "team": 2,
      "respawnBaseGroup": 1,
      "maxVehicleOnSpawn": 2,
      "respTime": 120,
      "groupName": "sector_2",
      "active": false
    }
  },
  {
    "entity": {
      "_template": "respawnChooser+respVehicle",
      "transform": [
        [0.937253,0.0,-0.348652],
        [0.0,1.0,0.0],
        [0.348652,-0.0,0.937253],
        [-358.274,1.40325,-296.157]
      ],
      "team": 1,
      "respawnBaseGroup": 1,
      "maxVehicleOnSpawn": 2,
      "respTime": 120,
      "groupName": "sector_2",
      "active": false
    }
  },
  {
    "entity": {
      "_template": "respawnChooser+respVehicle",
      "transform": [
        [0.897258,0.0,0.441507],
        [0.0,1.0,0.0],
        [-0.441507,0.0,0.897258],
        [-275.065,5.14666,-293.39]
      ],
      "team": 1,
      "respawnBaseGroup": 1,
      "maxVehicleOnSpawn": 2,
      "respTime": 120,
      "groupName": "sector_3",
      "active": false
    }
  },
  {
    "entity": {
      "_template": "respAircraftInAir",
      "respawnbaseType": "aircraft_fighter",
      "transform": [
        [-0.677979,0.0,-0.735082],
        [0.0,1.0,0.0],
        [0.735082,0.0,-0.677979],
        [2291.23,1000.0,2386.13]
      ],
      "team": 2,
      "maxVehicleOnSpawn": 1,
      "respTime": 120
    }
  },
  {
    "entity": {
      "_template": "respAircraftInAir",
      "respawnbaseType": "aircraft_assault",
      "transform": [
        [-0.654311,0.0,-0.756226],
        [0.0,1.0,0.0],
        [0.756227,0.0,-0.654311],
        [2169.19,800.0,2500.02]
      ],
      "team": 2,
      "maxVehicleOnSpawn": 1,
      "respTime": 120
    }
  },
  {
    "entity": {
      "_template": "respAircraftInAir",
      "respawnbaseType": "aircraft_fighter",
      "transform": [
        [-0.65445,0.0,-0.756106],
        [0.0,1.0,0.0],
        [0.756106,0.0,-0.65445],
        [2169.19,1000.0,2500.02]
      ],
      "team": 2,
      "maxVehicleOnSpawn": 1,
      "respTime": 120
    }
  },
  {
    "entity": {
      "_template": "respAircraftInAir",
      "respawnbaseType": "aircraft_assault",
      "transform": [
        [-0.692508,0.0,-0.721411],
        [0.0,1.0,0.0],
        [0.721411,0.0,-0.692508],
        [2312.13,800.0,2368.66]
      ],
      "team": 2,
      "maxVehicleOnSpawn": 1,
      "respTime": 120
    }
  },
  {
    "entity": {
      "_template": "resupply_in_air_zone",
      "transform": [
        [-0.157002,0.0,-0.987599],
        [0.0,1.0,0.0],
        [0.987599,0.0,-0.157002],
        [152.872,530.403,2708.2]
      ],
      "resupply_zone__team": 2
    }
  },
  {
    "entity": {
      "_template": "respAircraftInAir",
      "respawnbaseType": "aircraft_fighter",
      "transform": [
        [0.532677,0.0,0.846318],
        [0.0,1.0,-0.0],
        [-0.846318,0.0,0.532677],
        [-2089.82,1000.0,-3215.27]
      ],
      "team": 1,
      "maxVehicleOnSpawn": 1,
      "respTime": 120
    }
  },
  {
    "entity": {
      "_template": "respAircraftInAir",
      "respawnbaseType": "aircraft_assault",
      "transform": [
        [0.532677,0.0,0.846318],
        [0.0,1.0,-0.0],
        [-0.846318,0.0,0.532677],
        [-2089.82,800.0,-3215.27]
      ],
      "team": 1,
      "maxVehicleOnSpawn": 1,
      "respTime": 120
    }
  },
  {
    "entity": {
      "_template": "respAircraftInAir",
      "respawnbaseType": "aircraft_fighter",
      "transform": [
        [0.55734,0.0,0.830284],
        [0.0,1.0,-0.0],
        [-0.830284,0.0,0.55734],
        [-2194.0,1000.0,-3138.85]
      ],
      "team": 1,
      "maxVehicleOnSpawn": 1,
      "respTime": 120
    }
  },
  {
    "entity": {
      "_template": "respAircraftInAir",
      "respawnbaseType": "aircraft_assault",
      "transform": [
        [0.565888,0.0,0.824481],
        [0.0,1.0,-0.0],
        [-0.824481,0.0,0.565888],
        [-2220.14,800.0,-3123.0]
      ],
      "team": 1,
      "maxVehicleOnSpawn": 1,
      "respTime": 120
    }
  },
  {
    "entity": {
      "_template": "resupply_in_air_zone",
      "transform": [
        [0.119539,0.0,0.992829],
        [0.0,1.0,0.0],
        [-0.992829,0.0,0.119539],
        [635.786,546.773,-2998.33]
      ],
      "resupply_zone__team": 1
    }
  },
  {
    "entity": {
      "_template": "respawn_camera",
      "respawnCameraForTeam": 2,
      "moveCameraToHeight": 170.0,
      "respawnSelectorDistanceMult": 1.0,
      "transform": [
        [1.0,0.0,0.0],
        [0.0,1.0,0.0],
        [0.0,0.0,1.0],
        [-237.427,176.72,-288.669]
      ]
    }
  },
  {
    "entity": {
      "_template": "respawn_camera",
      "respawnCameraForTeam": 1,
      "moveCameraToHeight": 170.0,
      "respawnSelectorDistanceMult": 1.0,
      "transform": [
        [1.0,0.0,0.0],
        [0.0,1.0,0.0],
        [0.0,0.0,1.0],
        [-405.76,175.343,-654.977]
      ]
    }
  },
  {
    "entity": {
      "_template": "volokolamsk_level",
      "level__blk": "content/enlisted/levels/battle_of_moscow_volokolamsk_countryside_winter.blk"
    }
  },
  {
    "entity": {
      "_template": "clouds_hole_target",
      "transform": [
        [1.0,0.0,0.0],
        [0.0,1.0,0.0],
        [0.0,0.0,1.0],
        [0.0,0.0,0.0]
      ]
    }
  },
  {
    "entity": {
      "_template": "water",
      "water__strength": 1.3
    }
  },
  {
    "entity": {
      "_template": "respawnBaseWithGroupOnCapturePoint",
      "transform": [
        [0.31776,0.0,-0.948171],
        [0.0,1.0,0.0],
        [0.948171,0.0,0.31776],
        [-259.122,5.24261,-273.028]
      ],
      "respawnBaseGroup": 3,
      "active": false,
      "groupName": "sector_1"
    }
  },
  {
    "entity": {
      "_template": "respawnBaseWithGroupOnCapturePoint",
      "transform": [
        [-0.578681,0.0,-0.815554],
        [0.0,1.0,0.0],
        [0.815554,0.0,-0.578681],
        [-269.191,5.24261,-265.531]
      ],
      "respawnBaseGroup": 3,
      "active": false,
      "groupName": "sector_1"
    }
  },
  {
    "entity": {
      "_template": "respawnBaseWithGroupOnCapturePoint",
      "transform": [
        [-0.750526,0.0,-0.66084],
        [0.0,1.0,0.0],
        [0.66084,0.0,-0.750526],
        [-204.82,4.62645,-294.666]
      ],
      "respawnBaseGroup": 3,
      "active": false,
      "groupName": "sector_1"
    }
  },
  {
    "entity": {
      "_template": "respawnBaseWithGroupOnCapturePoint",
      "transform": [
        [-0.99074,0.0,0.135768],
        [0.0,1.0,0.0],
        [-0.135768,0.0,-0.99074],
        [-204.346,4.62645,-298.181]
      ],
      "respawnBaseGroup": 3,
      "active": false,
      "groupName": "sector_1"
    }
  },
  {
    "entity": {
      "_template": "respawnBaseWithGroupOnCapturePoint",
      "transform": [
        [0.722361,0.0,-0.691516],
        [0.0,1.0,0.0],
        [0.691516,0.0,0.722361],
        [-173.228,15.9607,-176.567]
      ],
      "respawnBaseGroup": 4,
      "active": false,
      "groupName": "sector_2"
    }
  },
  {
    "entity": {
      "_template": "respawnBaseWithGroupOnCapturePoint",
      "transform": [
        [-0.414307,0.0,-0.910137],
        [0.0,1.0,0.0],
        [0.910137,0.0,-0.414307],
        [-183.816,18.2772,-174.217]
      ],
      "respawnBaseGroup": 4,
      "active": false,
      "groupName": "sector_2"
    }
  },
  {
    "entity": {
      "_template": "respawnBaseWithGroupOnCapturePoint",
      "transform": [
        [-0.849114,0.0,-0.528209],
        [0.0,1.0,0.0],
        [0.528209,0.0,-0.849114],
        [-89.2848,26.9688,-123.986]
      ],
      "respawnBaseGroup": 5,
      "active": false,
      "groupName": "sector_3"
    }
  },
  {
    "entity": {
      "_template": "respawnBaseWithGroupOnCapturePoint",
      "transform": [
        [-0.511871,0.0,-0.859062],
        [0.0,1.0,0.0],
        [0.859062,0.0,-0.511871],
        [-94.1199,27.1409,-118.048]
      ],
      "respawnBaseGroup": 5,
      "active": false,
      "groupName": "sector_3"
    }
  },
  {
    "entity": {
      "_template": "respawnBaseWithGroupOnCapturePoint",
      "transform": [
        [-0.589573,0.0,-0.807715],
        [0.0,1.0,0.0],
        [0.807715,0.0,-0.589573],
        [-102.249,17.9992,-111.318]
      ],
      "respawnBaseGroup": 5,
      "active": false,
      "groupName": "sector_3"
    }
  },
  {
    "entity": {
      "_template": "respawnBaseWithGroupOnCapturePoint",
      "transform": [
        [-0.249938,0.0,-0.968261],
        [0.0,1.0,0.0],
        [0.968261,0.0,-0.249938],
        [-210.683,21.6125,-60.1752]
      ],
      "respawnBaseGroup": 5,
      "active": false,
      "groupName": "sector_3"
    }
  },
  {
    "entity": {
      "_template": "respawnBaseWithGroupOnCapturePoint",
      "transform": [
        [0.305012,0.0,-0.952348],
        [0.0,1.0,0.0],
        [0.952348,-0.0,0.305012],
        [-221.093,21.5973,-57.8198]
      ],
      "respawnBaseGroup": 5,
      "active": false,
      "groupName": "sector_3"
    }
  },
  {
    "entity": {
      "_template": "respawnChooser+respMotorcycle",
      "active": false,
      "transform": [
        [-0.83511,0.0,-0.550084],
        [0.0,1.0,0.0],
        [0.550084,0.0,-0.83511],
        [-43.7397,14.0969,-227.698]
      ],
      "team": 2,
      "groupName": "sector_1"
    }
  },
  {
    "entity": {
      "_template": "respawnChooser+respMotorcycle",
      "active": false,
      "transform": [
        [0.828177,0.0,0.560468],
        [0.0,1.0,0.0],
        [-0.560468,0.0,0.828177],
        [-412.901,3.71998,-415.798]
      ],
      "team": 1,
      "groupName": "sector_1"
    }
  },
  {
    "entity": {
      "_template": "respawnChooser+respMotorcycle",
      "active": false,
      "transform": [
        [-0.410501,0.0,-0.911861],
        [0.0,1.0,0.0],
        [0.911861,0.0,-0.410501],
        [13.6762,5.13155,68.1706]
      ],
      "team": 2,
      "groupName": "sector_3"
    }
  },
  {
    "entity": {
      "_template": "respawnChooser+respMotorcycle",
      "active": false,
      "transform": [
        [0.897258,0.0,0.441507],
        [0.0,1.0,0.0],
        [-0.441507,0.0,0.897258],
        [-280.18,5.14667,-302.427]
      ],
      "team": 1,
      "groupName": "sector_3"
    }
  },
  {
    "entity": {
      "_template": "respawnChooser+respMotorcycle",
      "active": false,
      "transform": [
        [0.170179,0.0,-0.985414],
        [0.0,1.0,0.0],
        [0.985414,0.0,0.170179],
        [-54.0308,16.4992,-65.959]
      ],
      "team": 2,
      "groupName": "sector_2"
    }
  },
  {
    "entity": {
      "_template": "respawnChooser+respMotorcycle",
      "active": false,
      "transform": [
        [0.945602,0.0,-0.325329],
        [0.0,1.0,0.0],
        [0.325329,-0.0,0.945602],
        [-371.306,1.51272,-291.485]
      ],
      "team": 1,
      "groupName": "sector_2"
    }
  },
  {
    "entity": {
      "_template": "respawnChooser+respMotorcycle",
