[
  {
    "import": {
      "scene": "content/enlisted/gamedata/scenes/_volokolamsk_sounds.blk"
    }
  },
  {
    "import": {
      "scene": "content/enlisted/gamedata/scenes/_volokolamsk_winter_biome_fx.blk"
    }
  },
  {
    "entity": {
      "_template": "poly_battle_area",
      "transform": [
        [1.0,0.0,0.0],
        [0.0,1.0,0.0],
        [0.0,0.0,1.0],
        [-673.835,6.14716,598.495]
      ],
      "battleAreaId": "area2",
      "battle_area__team": 1,
      "poly_area__points:list<p3>": [
        {
          "item": [-846.419,6.70709,347.722]
        },
        {
          "item": [-682.115,4.71613,328.205]
        },
        {
          "item": [-471.301,0.811127,342.373]
        },
        {
          "item": [-463.389,4.7253,682.282]
        },
        {
          "item": [-520.421,3.57829,703.432]
        },
        {
          "item": [-533.03,3.98303,704.344]
        },
        {
          "item": [-552.561,4.53622,716.584]
        },
        {
          "item": [-629.81,6.50351,720.369]
        },
        {
          "item": [-690.471,8.41582,714.413]
        },
        {
          "item": [-835.901,3.33398,689.702]
        }
      ]
    }
  },
  {
    "entity": {
      "_template": "poly_battle_area",
      "transform": [
        [1.0,0.0,0.0],
        [0.0,1.0,0.0],
        [0.0,0.0,1.0],
        [-673.71,6.14716,597.491]
      ],
      "battleAreaId": "area1",
      "battle_area__team": 2,
      "poly_area__points:list<p3>": [
        {
          "item": [-839.408,2.77789,488.604]
        },
        {
          "item": [-634.047,5.9981,458.77]
        },
        {
          "item": [-559.106,3.78407,460.789]
        },
        {
          "item": [-514.946,5.18745,467.415]
        },
        {
          "item": [-466.139,9.70227,480.328]
        },
        {
          "item": [-460.902,13.8426,843.743]
        },
        {
          "item": [-826.594,13.632,851.702]
        }
      ]
    }
  },
  {
    "entity": {
      "_template": "aircraft_box_battle_area",
      "transform": [
        [6642.91,0.0,-21.0972],
        [0.0,3713.36,0.0],
        [25.7975,0.0,8118.79],
        [-610.334,240.916,582.135]
      ],
      "battle_area__team": -1
    }
  },
  {
    "entity": {
      "_template": "vw_kubelwagen",
      "transform": [
        [-0.14937,0.0597966,-0.986972],
        [0.023517,0.998102,0.0569118],
        [0.988502,-0.0147097,-0.150493],
        [-582.622,4.03686,741.391]
      ]
    }
  },
  {
    "entity": {
      "_template": "vw_kubelwagen",
      "transform": [
        [0.205891,0.0752977,0.975674],
        [0.119667,0.987615,-0.101472],
        [-0.971231,0.137648,0.19433],
        [-607.902,2.75143,414.471]
      ]
    }
  },
  {
    "entity": {
      "_template": "vw_kubelwagen",
      "transform": [
        [0.591245,-0.0865485,0.801835],
        [0.0482377,0.99624,0.0719635],
        [-0.805048,-0.00386935,0.593196],
        [-638.407,3.42152,425.751]
      ]
    }
  },
  {
    "entity": {
      "_template": "vw_kubelwagen",
      "transform": [
        [0.571723,0.00811558,0.820406],
        [0.000817221,0.999945,-0.0104611],
        [-0.820446,0.00665131,0.571685],
        [-641.623,3.4008,427.326]
      ]
    }
  },
  {
    "entity": {
      "_template": "vw_kubelwagen",
      "transform": [
        [0.376739,-0.0153894,-0.926192],
        [-0.045575,0.998343,-0.0351264],
        [0.925198,0.0554447,0.375413],
        [-619.268,3.09424,762.004]
      ]
    }
  },
  {
    "entity": {
      "_template": "vw_kubelwagen",
      "transform": [
        [-0.573312,-0.0863205,-0.814777],
        [-0.0355813,0.99612,-0.080496],
        [0.818564,-0.0171585,-0.574159],
        [-634.361,2.85455,765.344]
      ]
    }
  },
  {
    "entity": {
      "_template": "vw_kubelwagen",
      "transform": [
        [-0.411213,-0.074094,-0.908523],
        [-0.0322827,0.997249,-0.0667183],
        [0.910967,0.00189406,-0.412474],
        [-629.65,2.98091,764.367]
      ]
    }
  },
  {
    "entity": {
      "_template": "vw_kubelwagen",
      "transform": [
        [0.545726,0.0184943,0.83776],
        [0.00442298,0.999679,-0.02495],
        [-0.837952,0.0173213,0.545469],
        [-579.722,1.74766,423.526]
      ]
    }
  },
  {
    "entity": {
      "_template": "static_cam",
      "camera__active": true,
      "transform": [
        [0.36115,-0.000935749,0.932507],
        [-0.148138,0.987243,0.0583629],
        [-0.920666,-0.159218,0.356404],
        [-539.295,21.4795,564.385]
      ]
    }
  },
  {
    "entity": {
      "_template": "enemy_attack_marker"
    }
  },
  {
    "entity": {
      "_template": "volokolamsk_level",
      "level__blk": "content/enlisted/levels/battle_of_moscow_volokolamsk_countryside_winter.blk"
    }
  },
  {
    "entity": {
      "_template": "clouds_hole_target",
      "transform": [
        [1.0,0.0,0.0],
        [0.0,1.0,0.0],
        [0.0,0.0,1.0],
        [0.0,0.0,0.0]
      ]
    }
  },
  {
    "entity": {
      "_template": "minimap_battle_of_moscow_volokolamsk_countryside_winter"
    }
  },
  {
    "entity": {
      "_template": "water",
      "water__strength": 1.3
    }
  },
  {
    "entity": {
      "_template": "wind"
    }
  },
  {
    "entity": {
      "_template": "postfx_color_grading_tonemap_death_alive_enlisted"
    }
  },
  {
    "entity": {
      "_template": "shaderVars",
      "shader_vars__vars:object": {
        "hmap_displacement_up": 0.3,
        "ocean1": "#8e894700",
        "ocean0": "#4c3f0500",
        "ocean_density": 0.1,
        "river1": "#8e894700",
        "river0": "#4c3f0500",
        "hmap_displacement_down": -0.15,
        "puddle_flat_hmap_reduce": 0.03,
        "paint_details_tex": "volokolamsk_building_colors_tex_palette*",
        "water_color_noise_size": 71.0,
        "river_density": 0.3
      }
    }
  },
  {
    "entity": {
      "_template": "bloom"
    }
  },
  {
    "entity": {
      "_template": "postfx_roundctrl"
    }
  },
  {
    "entity": {
      "_template": "door_mult_ent_generator",
      "ri_extra_gen__blk": "content/enlisted/gamedata/volokolamsk_doors.blk"
    }
  },
  {
    "entity": {
      "_template": "session_finalizer",
      "session_finalizer__timer": 10.0
    }
  },
  {
    "entity": {
      "_template": "team_ussr+team_narrator_domination+respawn_creators_team",
      "team__id": 1,
      "team__score": 2500.0,
      "team__scoreCap": 2500.0,
      "score_bleed__domBleed": 4.0,
      "score_bleed__domBleedOn": false,
      "score_bleed__totalDomZoneCount": 3,
      "score_bleed__totalDomBleedMul": 2.0,
      "score_bleed__totalDomBleedOn": false,
      "team__briefing": "domination/common_goals",
      "team__winTitle": "debriefing/won_invasion_subtitle",
      "team__numZonesCaptured": 0,
      "team__deathPenalty": 2.0,
      "team__spawnBotArmy": "moscow_allies"
    }
  },
  {
    "entity": {
      "_template": "team_germany_winter+team_narrator_domination+respawn_creators_team",
      "team__id": 2,
      "team__score": 2500.0,
      "team__scoreCap": 2500.0,
      "score_bleed__domBleed": 4.0,
      "score_bleed__domBleedOn": false,
      "score_bleed__totalDomZoneCount": 3,
      "score_bleed__totalDomBleedMul": 2.0,
      "score_bleed__totalDomBleedOn": false,
      "team__briefing": "domination/common_goals",
      "team__winTitle": "debriefing/won_invasion_subtitle",
      "team__numZonesCaptured": 0,
      "team__deathPenalty": 2.0,
      "team__spawnBotArmy": "moscow_axis"
    }
  },
  {
    "entity": {
      "_template": "briefing_domination",
      "mission_name": "volokolamsk_manor_dom",
      "mission_outfit": "moscow",
      "loading_images:list<t>": [
        {
          "item": "ui/volokolamsk_manor_01.avif"
        },
        {
          "item": "ui/volokolamsk_manor_02.avif"
        },
        {
          "item": "ui/volokolamsk_manor_03.avif"
        }
      ]
    }
  },
  {
    "entity": {
      "_template": "spawn_switcher",
      "swapProbability": 0.5,
      "team1": 2,
      "team2": 1
    }
  },
  {
    "entity": {
      "_template": "respawn_camera",
      "respawnCameraForTeam": 1,
      "transform": [
        [1.0,0.0,0.0],
        [0.0,1.0,0.0],
        [0.0,0.0,1.0],
        [-612.425,117.137,947.009]
      ],
      "moveCameraToHeight": 120.0,
      "respawnSelectorDistanceMult": 0.8
    }
  },
  {
    "entity": {
      "_template": "respawn_camera",
      "respawnCameraForTeam": 2,
      "transform": [
        [1.0,0.0,0.0],
        [0.0,1.0,0.0],
        [0.0,0.0,1.0],
        [-627.316,116.322,221.677]
      ],
      "moveCameraToHeight": 120.0,
      "respawnSelectorDistanceMult": 0.8
    }
  },
  {
    "entity": {
      "_template": "domination_box_capzone",
      "transform": [
        [29.9385,0.0,-0.147536],
        [0.0,3.34256,0.0],
        [0.0914462,0.0,18.5566],
        [-563.839,9.44829,511.938]
      ],
      "capzone__title": "A",
      "capzone__caption": "capzone/north_wing",
      "decal__height": 0.3,
      "ui_order": 1
    }
  },
  {
    "entity": {
      "_template": "domination_box_capzone",
      "transform": [
        [25.8943,0.0,-0.0189031],
        [0.0,3.41681,0.0],
        [0.0485041,0.0,31.2872],
        [-612.883,9.38184,586.413]
      ],
      "capzone__title": "B",
      "capzone__caption": "capzone/central_hall",
      "decal__height": 0.1,
      "ui_order": 2
    }
  },
  {
    "entity": {
      "_template": "domination_box_capzone",
      "transform": [
        [29.9503,0.0,-0.0720664],
        [0.0,3.72014,0.0],
        [0.0455239,0.0,18.9189],
        [-563.879,9.6313,660.942]
      ],
      "capzone__title": "C",
      "capzone__caption": "capzone/south_wing",
      "decal__height": 0.3,
      "ui_order": 3
    }
  },
  {
    "entity": {
      "_template": "respawnChooser+respTeam1",
      "transform": [
        [-0.0515569,0.0,0.99867],
        [0.0,1.0,0.0],
        [-0.99867,0.0,-0.0515569],
        [-630.853,1.16384,380.071]
      ],
      "respawnBaseGroup": 1
    }
  },
  {
    "entity": {
      "_template": "respawnChooser+respTeam1",
      "transform": [
        [-0.202283,0.0,0.979326],
        [0.0,1.0,0.0],
        [-0.979326,0.0,-0.202283],
        [-607.142,2.09857,380.654]
      ],
      "respawnBaseGroup": 1
    }
  },
  {
    "entity": {
      "_template": "respawnChooser+respTeam1",
      "transform": [
        [0.666637,0.0,0.745381],
        [0.0,1.0,-0.0],
        [-0.745381,0.0,0.666637],
        [-569.334,1.67138,377.971]
      ],
      "respawnBaseGroup": 2
    }
  },
  {
    "entity": {
      "_template": "respawnChooser+respTeam1",
      "transform": [
        [-0.42451,0.0,0.905423],
        [0.0,1.0,0.0],
        [-0.905423,0.0,-0.42451],
        [-572.38,1.67138,378.513]
      ],
      "respawnBaseGroup": 2
    }
  },
  {
    "entity": {
      "_template": "respawnChooser+respTeam2",
      "transform": [
        [-0.141251,0.0,-0.989973],
        [0.0,1.0,0.0],
        [0.989973,0.0,-0.141251],
        [-621.367,1.2261,791.846]
      ],
      "respawnBaseGroup": 1
    }
  },
  {
    "entity": {
      "_template": "respawnChooser+respTeam2",
      "transform": [
        [-0.0549534,0.0,-0.998488],
        [0.0,1.0,0.0],
        [0.998488,0.0,-0.0549534],
        [-608.021,1.80463,791.131]
      ],
      "respawnBaseGroup": 1
    }
  },
  {
    "entity": {
      "_template": "respawnChooser+respTeam2",
      "transform": [
        [0.334606,0.0,-0.942357],
        [0.0,1.0,0.0],
        [0.942357,-0.0,0.334606],
        [-618.252,1.2261,792.37]
      ],
      "respawnBaseGroup": 1
    }
  },
  {
    "entity": {
      "_template": "respawnChooser+respTeam2",
      "transform": [
        [-0.0415233,0.0,-0.999138],
        [0.0,1.0,0.0],
        [0.999138,0.0,-0.0415233],
        [-557.465,0.96581,792.604]
      ],
      "respawnBaseGroup": 2
    }
  },
  {
    "entity": {
      "_template": "respawnChooser+respTeam2",
      "transform": [
        [0.039621,0.0,-0.999214],
        [0.0,1.0,0.0],
        [0.999214,-0.0,0.039621],
        [-563.575,1.15533,793.172]
      ],
      "respawnBaseGroup": 2
    }
  },
  {
    "entity": {
      "_template": "respawnChooser+respTeam2",
      "transform": [
        [0.413998,0.0,-0.910277],
        [0.0,1.0,0.0],
        [0.910277,0.0,0.413998],
        [-588.475,1.45407,795.766]
      ],
      "respawnBaseGroup": 2
    }
  },
  {
    "entity": {
      "_template": "respawnChooser+respVehicle",
      "transform": [
        [0.0108065,0.0,0.999943],
        [0.0,1.0,0.0],
        [-0.999943,0.0,0.0108065],
        [-680.024,4.44499,356.903]
      ],
      "team": 1,
      "maxVehicleOnSpawn": 2,
      "respTime": 120
    }
  },
  {
    "entity": {
      "_template": "respawnChooser+respVehicle",
      "transform": [
        [0.121215,0.0,-0.992628],
        [0.0,1.0,0.0],
        [0.992628,0.0,0.121215],
        [-656.985,4.85052,819.413]
      ],
      "team": 2,
      "maxVehicleOnSpawn": 2,
      "respTime": 120
    }
  },
  {
    "entity": {
      "_template": "resupply_for_ground_vehicle_zone",
      "transform": [
        [0.7574,0.0,0.652951],
        [0.0,1.0,0.0],
        [-0.652951,0.0,0.7574],
        [-490.51,7.69257,585.418]
      ],
      "resupply_zone__team": 1
    }
  },
  {
    "entity": {
      "_template": "resupply_for_ground_vehicle_zone",
      "transform": [
        [0.7574,0.0,0.652951],
        [0.0,1.0,0.0],
        [-0.652951,0.0,0.7574],
        [-490.51,7.69257,585.418]
      ],
      "resupply_zone__team": 2
    }
  },
  {
    "entity": {
      "_template": "respAircraftInAir",
      "respawnbaseType": "aircraft_fighter",
      "transform": [
        [-0.918455,0.0,-0.395526],
        [0.0,1.0,0.0],
        [0.395526,0.0,-0.918455],
        [2748.95,1000.0,2017.81]
      ],
      "team": 2,
      "maxVehicleOnSpawn": 1,
      "respTime": 120
    }
  },
  {
    "entity": {
      "_template": "respAircraftInAir",
      "respawnbaseType": "aircraft_assault",
      "transform": [
        [-0.906596,0.0,-0.421999],
        [0.0,1.0,0.0],
        [0.421999,0.0,-0.906596],
        [2683.83,800.0,2171.5]
      ],
      "team": 2,
      "maxVehicleOnSpawn": 1,
      "respTime": 120
    }
  },
  {
    "entity": {
      "_template": "respAircraftInAir",
      "respawnbaseType": "aircraft_fighter",
      "transform": [
        [-0.910927,0.0,-0.412568],
        [0.0,1.0,0.0],
        [0.412568,0.0,-0.910927],
        [2683.83,1000.0,2171.5]
      ],
      "team": 2,
      "maxVehicleOnSpawn": 1,
      "respTime": 120
    }
  },
  {
    "entity": {
      "_template": "respAircraftInAir",
      "respawnbaseType": "aircraft_assault",
      "transform": [
        [-0.906584,0.0,-0.422026],
        [0.0,1.0,0.0],
        [0.422026,0.0,-0.906584],
        [2760.94,800.0,1993.34]
      ],
      "team": 2,
      "maxVehicleOnSpawn": 1,
      "respTime": 120
    }
  },
  {
    "entity": {
      "_template": "resupply_in_air_zone",
      "transform": [
        [-0.157002,0.0,-0.987599],
        [0.0,1.0,0.0],
        [0.987599,0.0,-0.157002],
        [1143.36,705.24,2975.6]
      ],
      "resupply_zone__team": 2
    }
  },
  {
    "entity": {
      "_template": "respAircraftInAir",
      "respawnbaseType": "aircraft_fighter",
      "transform": [
        [0.771344,0.0,0.636416],
        [0.0,1.0,-0.0],
        [-0.636416,0.0,0.771344],
        [-3271.08,1000.0,-1652.42]
      ],
      "team": 1,
      "maxVehicleOnSpawn": 1,
      "respTime": 120
    }
  },
  {
    "entity": {
      "_template": "respAircraftInAir",
      "respawnbaseType": "aircraft_assault",
      "transform": [
        [0.797694,0.0,0.603062],
        [0.0,1.0,-0.0],
        [-0.603063,0.0,0.797694],
        [-3271.08,800.0,-1652.42]
      ],
      "team": 1,
      "maxVehicleOnSpawn": 1,
      "respTime": 120
    }
  },
  {
    "entity": {
      "_template": "respAircraftInAir",
      "respawnbaseType": "aircraft_fighter",
      "transform": [
        [0.804843,0.0,0.593487],
        [0.0,1.0,-0.0],
        [-0.593487,0.0,0.804843],
        [-3364.16,1000.0,-1562.81]
      ],
      "team": 1,
      "maxVehicleOnSpawn": 1,
      "respTime": 120
    }
  },
  {
    "entity": {
      "_template": "respAircraftInAir",
      "respawnbaseType": "aircraft_assault",
      "transform": [
        [0.80287,0.0,0.596154],
        [0.0,1.0,-0.0],
        [-0.596154,0.0,0.80287],
        [-3387.95,800.0,-1543.61]
      ],
      "team": 1,
      "maxVehicleOnSpawn": 1,
      "respTime": 120
    }
  },
  {
    "entity": {
      "_template": "resupply_in_air_zone",
      "transform": [
        [0.119539,0.0,0.992829],
        [0.0,1.0,0.0],
        [-0.992829,0.0,0.119539],
        [-1638.98,693.603,-2110.2]
      ],
      "resupply_zone__team": 1
    }
  },
  {
    "entity": {
      "_template": "searchlight_no_base",
      "transform": [
        [-0.862644,0.418461,-0.28414],
        [0.398326,0.908231,0.128265],
        [0.311739,-0.00253313,-0.950164],
        [-639.247,6.72218,622.553]
      ]
    }
  },
  {
    "entity": {
      "_template": "searchlight_no_base",
      "transform": [
        [0.521055,0.418461,0.743903],
        [-0.242355,0.908231,-0.341145],
        [-0.818392,-0.00253313,0.574654],
        [-579.185,6.72218,584.843]
      ]
    }
  },
  {
    "entity": {
      "_template": "respawnChooser+respMotorcycle",
      "transform": [
        [0.0108065,0.0,0.999943],
        [0.0,1.0,0.0],
        [-0.999943,0.0,0.0108065],
        [-680.024,4.44499,356.903]
      ],
      "team": 1
    }
  },
  {
    "entity": {
      "_template": "respawnChooser+respMotorcycle",
      "transform": [
        [0.121215,0.0,-0.992628],
        [0.0,1.0,0.0],
        [0.992628,0.0,0.121215],
        [-656.985,4.85052,819.413]
      ],
      "team": 2
    }
  }
]